1741073580425 0.0 0
1741073590464 26.4 1
1741073600494 23.9 2
1741073610522 33.2 3
1741073620553 24.8 4
1741073630592 26.6 5
1741073640633 26.1 6
1741073650680 23.8 7
1741073660724 23.9 8
1741073670816 24.5 9
1741073680855 20.9 10
1741073690900 24.6 11
1741073700946 26.3 12
1741073710997 27.4 13
1741073721042 28.9 14
1741073731141 18.8 15
1741073741195 21.1 16
1741073751233 26.2 17
1741073761265 24.7 18
1741073771322 24.7 19
1741073781375 27.4 20
1741073791463 24.5 21
1741073801522 20.9 22
1741073811573 24.5 23
1741073821622 24.8 24
1741073831682 22.6 25
1741073841742 24.8 26
1741073851832 23.4 27
1741073862035 20.9 28
1741073872100 27.5 29
1741073882619 28.0 30
1741073892684 16.7 31
1741073902750 25.6 32
1741073912852 24.1 33
1741073922922 21.5 34
1741073932993 20.8 35
1741073943039 22.7 36
1741073953117 21.7 37
1741073963194 23.0 38
1741073973288 23.7 39
1741073983350 22.8 40
1741073993432 22.7 41
1741074003477 21.0 42
1741074013536 18.1 43
1741074023868 17.1 44
1741074033983 31.1 45
1741074044032 28.0 46
1741074054086 24.1 47
1741074064155 19.9 48
1741074074433 19.6 49
1741074084476 29.5 50
1741074094651 23.8 51
1741074105002 23.9 52
1741074115082 21.6 53
1741074125142 20.2 54
1741074135205 20.9 55
1741074145510 22.8 56
1741074155649 22.1 57
1741074165757 22.7 58
1741074175796 22.4 59
1741074185848 20.9 60
1741074195937 20.1 61
1741074205985 17.6 62
1741074216063 17.7 63
1741074226203 20.4 64
1741074236271 19.0 65
1741074246360 21.6 66
1741074256501 20.9 67
1741074266568 11.3 68
1741074276605 19.9 69
1741074286707 17.7 70
1741074296786 17.3 71
1741074306834 19.6 72
1741074316935 20.4 73
1741074326996 15.9 74
1741074337068 19.8 75
1741074347152 18.4 76
1741074357200 16.3 77
1741074367260 19.1 78
1741074377393 20.0 79
1741074387444 15.5 80
1741074397573 18.5 81
1741074407672 17.5 82
1741074417712 20.0 83
1741074428067 19.9 84
1741074438172 18.8 85
1741074448241 18.0 86
1741074458304 21.0 87
1741074469074 20.8 88
1741074479145 14.2 89
1741074489209 22.1 90
1741074499314 17.7 91
1741074509580 15.8 92
1741074519650 17.7 93
1741074529762 18.8 94
1741074539826 15.7 95
1741074549889 19.9 96
1741074559982 17.9 97
1741074570061 16.1 98
1741074580119 19.6 99
1741074590201 16.7 100
1741074600246 18.2 101
1741074610299 20.2 102
1741074620394 17.9 103
1741074630452 16.3 104
1741074640516 18.9 105
1741074650615 17.0 106
1741074660677 18.6 107
1741074670731 22.5 108
1741074680860 20.3 109
1741074691222 13.2 110
1741074701288 17.7 111
1741074711348 20.2 112
1741074721497 17.7 113
1741074731562 17.6 114
1741074741628 19.2 115
1741074751753 17.8 116
1741074761801 16.3 117
1741074772154 18.3 118
1741074782231 17.4 119
1741074792316 18.5 120
1741074802397 18.1 121
1741074812490 16.9 122
1741074822573 16.2 123
1741074832635 19.4 124
1741074842732 18.3 125
1741074852802 16.8 126
1741074862861 17.0 127
1741074872996 19.6 128
1741074883070 17.1 129
1741074893567 20.3 130
1741074903624 19.3 131
1741074913692 14.1 132
1741074923756 18.9 133
1741074933874 18.6 134
1741074943943 16.0 135
1741074953999 18.4 136
1741074964054 17.5 137
1741074974110 17.1 138
1741074984429 18.6 139
1741074994575 17.6 140
1741075004627 16.6 141
1741075014682 19.5 142
1741075024771 19.0 143
1741075034824 18.2 144
1741075044895 18.8 145
1741075054999 19.5 146
1741075065046 15.7 147
1741075075122 18.3 148
1741075085209 18.2 149
1741075095282 15.0 150
1741075105365 20.7 151
1741075115910 19.1 152
1741075126306 17.8 153
1741075136431 20.9 154
1741075146484 13.5 155
1741075156555 17.2 156
1741075166593 18.3 157
1741075176881 18.3 158
1741075186941 15.3 159
1741075197011 20.6 160
1741075207064 19.7 161
1741075217130 18.5 162
1741075227186 19.9 163
1741075237251 21.9 164
1741075247488 22.5 165
1741075257785 17.9 166
1741075268185 17.8 167
1741075278372 17.9 168
1741075288426 16.7 169
1741075298479 19.4 170
1741075308616 17.1 171
1741075318672 14.5 172
1741075328716 21.2 173
1741075338904 20.0 174
1741075348990 25.5 175
1741075359058 27.8 176
1741075369103 15.8 177
1741075379154 23.3 178
1741075389262 19.0 179
1741075399310 15.9 180
1741075409849 18.9 181
1741075419977 16.8 182
1741075430033 16.5 183
1741075440114 18.7 184
1741075450257 18.1 185
1741075460322 15.3 186
1741075470595 17.6 187
1741075480742 18.0 188
1741075490789 17.8 189
1741075500841 18.6 190
1741075510981 17.9 191
1741075521054 15.9 192
1741075531133 19.1 193
1741075542003 17.1 194
1741075552065 17.1 195
1741075562138 21.7 196
1741075572238 20.2 197
1741075582338 17.7 198
1741075592725 14.6 199
1741075602770 19.2 200
1741075612875 19.1 201
1741075622939 17.8 202
1741075632992 18.1 203
1741075643038 21.8 204
1741075653142 22.9 205
1741075663183 21.7 206
1741075673220 23.5 207
1741075683337 22.9 208
1741075693907 21.4 209
1741075704014 31.3 210
1741075714119 22.1 211
1741075724269 20.3 212
1741075734364 24.3 213
1741075744405 26.1 214
1741075754464 23.8 215
1741075764512 24.3 216
1741075774575 16.1 217
1741075784638 18.0 218
1741075794750 18.3 219
1741075804797 16.5 220
1741075814869 17.6 221
1741075825026 17.4 222
1741075835652 15.5 223
1741075845723 17.5 224
1741075855839 18.7 225
1741075865892 16.5 226
1741075875959 17.4 227
1741075886056 17.8 228
1741075896106 15.7 229
1741075906160 17.2 230
1741075916802 17.4 231
1741075926874 16.6 232
1741075936934 19.0 233
1741075947465 18.2 234
1741075958033 13.6 235
1741075968530 18.6 236
1741075978891 19.8 237
1741075989160 19.3 238
1741075999275 18.2 239
1741076009326 14.3 240
1741076019430 19.3 241
1741076029487 15.0 242
1741076039551 20.5 243
1741076050300 18.8 244
1741076060352 15.7 245
1741076070399 18.5 246
1741076080521 17.8 247
1741076090573 15.5 248
1741076100637 19.0 249
1741076110767 17.7 250
1741076120838 15.2 251
1741076130924 17.0 252
1741076141068 17.8 253
1741076151141 15.5 254
1741076161242 17.6 255
1741076171355 17.4 256
1741076181415 14.8 257
1741076191472 17.0 258
1741076201740 18.2 259
1741076212214 16.5 260
1741076222361 20.7 261
1741076232495 19.6 262
1741076242571 11.0 263
1741076252646 19.6 264
1741076262792 17.5 265
1741076272869 15.9 266
1741076282922 18.4 267
1741076293022 17.1 268
1741076303107 15.7 269
1741076313178 17.2 270
1741076323304 18.2 271
1741076333368 15.1 272
1741076343443 18.1 273
1741076353542 18.3 274
1741076363622 15.7 275
1741076373703 17.0 276
1741076383777 17.9 277
1741076393844 15.8 278
1741076403904 18.6 279
1741076414054 16.7 280
1741076424195 15.3 281
1741076434251 17.3 282
1741076444310 19.6 283
1741076454668 18.5 284
1741076464775 17.0 285
1741076474813 17.8 286
1741076484992 11.8 287
1741076495090 9.0 288
1741076505175 19.8 289
1741076515300 17.5 290
1741076525377 17.2 291
1741076535443 17.8 292
1741076545617 17.0 293
1741076555898 15.5 294
1741076565968 16.7 295
1741076576151 18.3 296
1741076586541 17.1 297
1741076597053 18.6 298
1741076607148 17.4 299
1741076617337 15.7 300
1741076627470 17.9 301
1741076637777 18.4 302
1741076648149 16.0 303
1741076658213 17.1 304
1741076668329 19.6 305
1741076678403 14.1 306
1741076688750 18.2 307
1741076698890 18.4 308
1741076708956 17.8 309
1741076719175 19.0 310
1741076729778 19.6 311
1741076740255 12.3 312
1741076750313 15.8 313
1741076760373 19.3 314
1741076770488 17.9 315
1741076780542 15.4 316
1741076790594 18.4 317
1741076800711 18.9 318
1741076810768 15.3 319
1741076821163 19.4 320
1741076831494 17.4 321
1741076841944 15.9 322
1741076852349 16.5 323
1741076862562 18.3 324
1741076873073 15.8 325
1741076883136 17.3 326
1741076893482 18.3 327
1741076903559 15.3 328
1741076913628 18.1 329
1741076923774 16.5 330
1741076933848 16.3 331
1741076943898 21.1 332
1741076954598 20.9 333
1741076964677 17.0 334
1741076974736 16.4 335
1741076984804 16.7 336
1741076994881 15.5 337
1741077004937 17.6 338
1741077015126 16.9 339
1741077025341 16.5 340
1741077035601 16.9 341
1741077045983 17.3 342
1741077056428 17.6 343
1741077066863 15.8 344
1741077077481 17.7 345
1741077088213 16.8 346
1741077098722 15.3 347
1741077109369 17.4 348
1741077119786 17.9 349
1741077130450 16.6 350
1741077141080 17.1 351
1741077151636 17.6 352
1741077161756 17.3 353
1741077171977 14.0 354
1741077182057 18.6 355
1741077192183 19.3 356
1741077202234 16.7 357
1741077212311 19.6 358
1741077222422 15.9 359
1741077232491 13.8 360
1741077242574 19.2 361
1741077252722 17.7 362
1741077262817 15.4 363
1741077272911 17.2 364
1741077283049 17.8 365
1741077293107 15.4 366
1741077303486 17.4 367
1741077314190 19.0 368
1741077324957 15.2 369
1741077335349 16.6 370
1741077345952 18.1 371
1741077356340 16.9 372
1741077366609 16.4 373
1741077377064 17.4 374
1741077387358 18.3 375
1741077397461 16.6 376
1741077407566 18.2 377
1741077417681 17.1 378
1741077428472 19.1 379
1741077438615 18.2 380
1741077448947 18.9 381
1741077459093 16.5 382
1741077469145 14.2 383
1741077479261 18.3 384
1741077489318 16.4 385
1741077499424 18.1 386
1741077509574 17.4 387
1741077519640 16.4 388
1741077529691 17.6 389
1741077540333 16.9 390
1741077550851 15.1 391
1741077561222 17.1 392
1741077571925 17.0 393
1741077582707 17.2 394
1741077592977 15.5 395
1741077603680 17.5 396
1741077614525 17.2 397
1741077624580 15.7 398
1741077634676 17.6 399
1741077644796 18.0 400
1741077654892 14.3 401
1741077665688 18.1 402
1741077675817 17.2 403
1741077686274 17.2 404
1741077696918 17.7 405
1741077707654 16.6 406
1741077718350 14.5 407
1741077728969 16.7 408
1741077739446 18.4 409
1741077750105 18.3 410
1741077760484 15.6 411
1741077771070 16.6 412
1741077781692 18.1 413
1741077792658 17.2 414
1741077803492 15.7 415
1741077814399 16.9 416
1741077824883 17.4 417
1741077835405 15.8 418
1741077845840 18.1 419
1741077855958 19.0 420
1741077866022 15.1 421
1741077876102 17.6 422
1741077886230 16.6 423
1741077896505 15.7 424
1741077907445 16.6 425
1741077917521 16.6 426
1741077928353 19.3 427
1741077938452 15.6 428
1741077949116 18.6 429
1741077961108 18.8 430
1741077971839 11.2 431
1741077982394 18.0 432
1741077993293 17.9 433
1741078004095 17.8 434
1741078014846 15.4 435
1741078025434 17.6 436
1741078036179 17.6 437
1741078046741 15.0 438
1741078056811 17.3 439
1741078066891 17.9 440
1741078076973 15.8 441
1741078087026 17.6 442
1741078097101 17.4 443
1741078107649 17.4 444
1741078117882 16.7 445
1741078128723 17.7 446
1741078139595 17.8 447
1741078149655 15.0 448
1741078159754 17.3 449
1741078169875 16.2 450
1741078179976 16.6 451
1741078190084 17.9 452
1741078200967 19.3 453
1741078211057 15.6 454
1741078221138 17.0 455
1741078231971 15.3 456
1741078242042 15.6 457
1741078252115 17.2 458
1741078262197 18.4 459
1741078272273 15.5 460
1741078283151 17.6 461
1741078294084 17.2 462
1741078304891 17.1 463
1741078314967 15.7 464
1741078325040 18.1 465
1741078335204 17.6 466
1741078345351 15.0 467
1741078355454 15.4 468
1741078365604 18.4 469
1741078375669 15.0 470
1741078385766 18.7 471
1741078395898 16.7 472
1741078405997 14.4 473
1741078416059 17.3 474
1741078426211 15.8 475
1741078436271 16.3 476
1741078446348 18.6 477
1741078456470 18.8 478
1741078467408 16.1 479
1741078477484 17.1 480
1741078487670 14.7 481
1741078498822 13.8 482
1741078509643 16.7 483
1741078520709 16.7 484
1741078530834 16.8 485
1741078540956 15.5 486
1741078551050 16.4 487
1741078561184 17.3 488
1741078571254 15.6 489
1741078581341 23.6 490
1741078591850 20.6 491
1741078601961 17.2 492
1741078612167 18.7 493
1741078622292 17.0 494
1741078632425 18.3 495
1741078642554 17.8 496
1741078652730 17.6 497
1741078662848 15.8 498
1741078672949 19.9 499
1741078684274 19.3 500
1741078694443 18.0 501
1741078704539 13.4 502
1741078714642 17.2 503
1741078724742 17.9 504
1741078734847 18.1 505
1741078744899 19.2 506
1741078755009 24.2 507
1741078765071 26.7 508
1741078775147 19.4 509
1741078785963 20.5 510
1741078796311 16.2 511
1741078806437 18.1 512
1741078816650 17.9 513
1741078826773 17.5 514
1741078836882 18.4 515
1741078847021 15.4 516
1741078857141 19.4 517
1741078867251 19.0 518
1741078877372 19.2 519
1741078887487 15.0 520
1741078897610 15.3 521
1741078907722 22.4 522
1741078917836 25.5 523
1741078927945 21.0 524
1741078938065 17.2 525
1741078948183 17.2 526
1741078958269 18.3 527
1741078968384 17.1 528
1741078978500 18.0 529
1741078988606 18.3 530
1741078998711 16.8 531
1741079008838 18.0 532
1741079018977 17.8 533
1741079029088 15.3 534
1741079039192 19.2 535
1741079049292 19.3 536
1741079059401 18.6 537
1741079069908 16.1 538
1741079080027 14.2 539
1741079090882 18.2 540
1741079101009 16.6 541
1741079111148 17.6 542
1741079121454 19.2 543
1741079131583 17.3 544
1741079141716 17.9 545
1741079152084 15.9 546
1741079162234 18.9 547
1741079172341 18.2 548
1741079182498 17.7 549
1741079192627 17.0 550
1741079202754 17.3 551
1741079212957 15.2 552
1741079223244 19.7 553
1741079233358 19.9 554
1741079243481 19.1 555
1741079253602 15.6 556
1741079263764 13.5 557
1741079273893 17.4 558
1741079284011 18.2 559
1741079294266 17.3 560
1741079304497 18.1 561
1741079314840 18.1 562
1741079325230 17.8 563
1741079335551 17.1 564
1741079345928 18.4 565
1741079356240 18.1 566
1741079366675 16.9 567
1741079377062 17.7 568
1741079387187 18.0 569
1741079397528 15.9 570
1741079407927 18.9 571
1741079418404 19.0 572
1741079428553 18.7 573
1741079438677 16.2 574
1741079448819 13.6 575
1741079459060 18.1 576
1741079469177 18.0 577
1741079479347 17.3 578
1741079489508 17.2 579
1741079499800 17.6 580
1741079510325 17.4 581
1741079520737 18.1 582
1741079531320 17.6 583
1741079542091 17.1 584
1741079552707 17.2 585
1741079562958 17.2 586
1741079573372 17.4 587
1741079584115 15.8 588
1741079594581 18.3 589
1741079604981 18.3 590
1741079615107 18.6 591
1741079625488 15.8 592
1741079635800 13.2 593
1741079646017 18.6 594
1741079656517 17.2 595
1741079666759 17.6 596
1741079677093 17.1 597
1741079687524 17.2 598
1741079698078 17.6 599
1741079708517 17.3 600
1741079718996 17.1 601
1741079729684 17.1 602
1741079740466 17.0 603
1741079750981 16.3 604
1741079761364 18.0 605
1741079772190 15.1 606
1741079782927 18.5 607
1741079793548 18.3 608
1741079803692 18.3 609
1741079814401 15.6 610
1741079824957 14.8 611
1741079835257 17.6 612
1741079845631 17.4 613
1741079856006 17.5 614
1741079866571 17.7 615
1741079877102 17.8 616
1741079887617 17.3 617
1741079898096 17.1 618
1741079908699 17.1 619
1741079919468 17.0 620
1741079930100 17.3 621
1741079940691 17.5 622
1741079951078 17.5 623
1741079961180 15.2 624
1741079971456 18.2 625
1741079981562 17.0 626
1741079991733 18.6 627
1741080001847 17.4 628
1741080011945 11.1 629
1741080022058 18.9 630
1741080032280 17.6 631
1741080042906 16.7 632
1741080053431 17.8 633
1741080064167 18.9 634
1741080074828 17.3 635
1741080085364 17.0 636
1741080095472 16.9 637
1741080105580 17.1 638
1741080115695 16.9 639
1741080126507 17.5 640
1741080137155 16.2 641
1741080147266 17.3 642
1741080158119 15.7 643
1741080168225 16.7 644
1741080178469 19.2 645
1741080188594 20.2 646
1741080198727 16.0 647
1741080208900 12.4 648
1741080219467 16.4 649
1741080230169 17.1 650
1741080241115 17.9 651
1741080251812 17.6 652
1741080262440 17.6 653
1741080273283 17.6 654
1741080284264 17.1 655
1741080295114 17.2 656
1741080305986 18.2 657
1741080316826 17.5 658
1741080326944 16.4 659
1741080337043 16.8 660
1741080347142 16.7 661
1741080357239 15.9 662
1741080367561 17.4 663
1741080377664 17.4 664
1741080387790 18.2 665
1741080397883 12.9 666
1741080407980 15.4 667
1741080418399 17.4 668
1741080429198 16.4 669
1741080440210 16.9 670
1741080450869 17.1 671
1741080461565 17.8 672
1741080472578 17.4 673
1741080483418 17.1 674
1741080494379 16.7 675
1741080505305 16.7 676
1741080516093 17.2 677
1741080526913 16.9 678
1741080537735 17.3 679
1741080547841 14.8 680
1741080557955 19.0 681
1741080568433 17.0 682
1741080578740 16.7 683
1741080588883 16.8 684
1741080599223 12.7 685
1741080610082 16.0 686
1741080620151 17.2 687
1741080630565 28.8 688
1741080640976 19.9 689
1741080651076 22.3 690
1741080661163 23.2 691
1741080672710 19.5 692
1741080682861 17.3 693
1741080693461 15.9 694
1741080703539 17.2 695
1741080713953 19.4 696
1741080724063 14.3 697
1741080734891 18.5 698
1741080745036 17.9 699
1741080755614 15.8 700
1741080765702 16.5 701
1741080775867 19.8 702
1741080788267 16.0 703
1741080798383 14.9 704
1741080808620 19.9 705
1741080818756 17.4 706
1741080829351 15.7 707
1741080840621 18.3 708
1741080850767 17.6 709
1741080862722 15.0 710
1741080872784 15.0 711
1741080883091 20.6 712
1741080893254 16.1 713
1741080903339 16.5 714
1741080913421 21.1 715
1741080923605 20.2 716
1741080933695 14.6 717
1741080945030 17.1 718
1741080955517 18.3 719
1741080965570 14.4 720
1741080975637 19.2 721
1741080985833 17.7 722
1741080996420 14.1 723
1741081006516 16.6 724
1741081016919 18.6 725
1741081027002 14.1 726
1741081037628 20.8 727
1741081047781 16.9 728
1741081058892 15.8 729
1741081069011 17.8 730
1741081079645 18.4 731
1741081089837 17.7 732
1741081099944 13.1 733
1741081110336 18.8 734
1741081120514 18.2 735
1741081130751 16.2 736
1741081140856 18.7 737
1741081151024 19.3 738
1741081161125 12.9 739
1741081171465 16.4 740
1741081181619 17.7 741
1741081191702 15.3 742
1741081201778 17.8 743
1741081212244 19.5 744
1741081222313 13.4 745
1741081232747 18.6 746
1741081242921 17.7 747
1741081252995 15.1 748
1741081263075 18.8 749
1741081273953 18.1 750
1741081284117 16.4 751
1741081294839 15.8 752
1741081304953 17.4 753
1741081316297 17.5 754
1741081326403 14.4 755
1741081337968 20.4 756
1741081348128 15.6 757
1741081359541 15.5 758
1741081369623 16.6 759
1741081380671 19.0 760
1741081391390 16.6 761
1741081401478 13.2 762
1741081411691 18.7 763
1741081422859 17.0 764
1741081434353 15.9 765
1741081444467 17.8 766
1741081454577 19.0 767
1741081464894 16.9 768
1741081474998 12.4 769
1741081485984 19.3 770
1741081496126 16.7 771
1741081506846 15.6 772
1741081516941 17.1 773
1741081528305 18.0 774
1741081538426 13.3 775
1741081548693 19.0 776
1741081558792 17.0 777
1741081569265 15.5 778
1741081579321 17.2 779
1741081590381 18.5 780
1741081600512 16.6 781
1741081611638 14.5 782
1741081621761 16.1 783
1741081632964 19.3 784
1741081643056 14.0 785
1741081653918 18.0 786
1741081664007 16.9 787
1741081675170 14.8 788
1741081688133 16.8 789
1741081698202 15.3 790
1741081708960 18.1 791
1741081719059 13.6 792
1741081729680 19.0 793
1741081740919 17.1 794
1741081751156 18.3 795
1741081763092 14.5 796
1741081773189 14.0 797
1741081783734 19.0 798
1741081793817 14.0 799
1741081803995 19.2 800
1741081814138 16.8 801
1741081824515 16.7 802
1741081834621 17.5 803
1741081845683 17.7 804
1741081855823 17.1 805
1741081866352 16.8 806
1741081876420 17.7 807
1741081886576 18.5 808
1741081897136 14.3 809
1741081907214 17.2 810
1741081918640 18.8 811
1741081928731 14.1 812
1741081939554 18.4 813
1741081949659 16.5 814
1741081961054 15.2 815
1741081971173 15.8 816
1741081982582 20.0 817
1741081992722 16.8 818
1741082003947 12.1 819
1741082014032 15.8 820
1741082024640 19.5 821
1741082034739 14.7 822
1741082045654 18.4 823
1741082056123 17.2 824
1741082068852 17.8 825
1741082078948 11.1 826
1741082089679 20.4 827
1741082099833 16.7 828
1741082110590 14.7 829
1741082120740 17.2 830
1741082132030 19.0 831
1741082142174 16.7 832
1741082153523 15.0 833
1741082163612 15.9 834
1741082174765 19.8 835
1741082184840 13.9 836
1741082195925 17.8 837
1741082206054 16.7 838
1741082217536 18.5 839
1741082227627 13.9 840
1741082238326 19.1 841
1741082248477 15.6 842
1741082259570 14.7 843
1741082269674 16.9 844
1741082280489 18.3 845
1741082290761 15.7 846
1741082301114 15.8 847
1741082311197 13.5 848
1741082321368 17.9 849
1741082332257 14.8 850
1741082342355 16.7 851
1741082353753 18.5 852
1741082364086 13.9 853
1741082376934 17.0 854
1741082387011 14.5 855
1741082398597 19.4 856
1741082408722 14.1 857
1741082420119 17.4 858
1741082430296 16.3 859
1741082441265 15.3 860
1741082451366 15.9 861
1741082461442 17.9 862
1741082471784 16.6 863
1741082481871 13.9 864
1741082492488 18.1 865
1741082502648 17.2 866
1741082513988 15.3 867
1741082524086 16.4 868
1741082534204 18.8 869
1741082545000 13.7 870
1741082555108 16.8 871
1741082566805 18.3 872
1741082576961 15.6 873
1741082587077 14.7 874
1741082597868 17.0 875
1741082608024 16.1 876
1741082618087 13.6 877
1741082628155 16.6 878
1741082639880 18.7 879
1741082649952 13.9 880
1741082661228 19.0 881
1741082671383 16.0 882
1741082681651 17.4 883
1741082691765 14.0 884
1741082701837 15.4 885
1741082712594 19.0 886
1741082722699 14.2 887
1741082733047 21.3 888
1741082743184 16.1 889
1741082754122 16.1 890
1741082764223 17.2 891
1741082775315 17.7 892
1741082785411 13.8 893
1741082796037 18.9 894
1741082806130 16.0 895
1741082817223 15.3 896
1741082827335 16.7 897
1741082837440 18.3 898
1741082848572 17.5 899
1741082858678 13.1 900
1741082870236 17.4 901
1741082880366 16.4 902
1741082891861 14.5 903
1741082901986 16.0 904
1741082912093 18.7 905
1741082923147 16.4 906
1741082933280 11.2 907
1741082943367 18.6 908
1741082953905 17.8 909
1741082964026 13.8 910
1741082974132 19.0 911
1741082985224 17.2 912
1741082995299 13.4 913
1741083005415 19.2 914
1741083015718 20.2 915
1741083025785 18.0 916
1741083036526 17.9 917
1741083046914 19.9 918
1741083057005 22.0 919
1741083067071 25.4 920
1741083077219 26.4 921
1741083088553 19.7 922
1741083098594 21.9 923
1741083108758 28.6 924
1741083118854 23.6 925
1741083129767 21.1 926
1741083139918 20.0 927
1741083149984 19.8 928
1741083161249 22.9 929
1741083171375 20.4 930
1741083182025 29.7 931
1741083192429 33.8 932
1741083203115 20.2 933
1741083214000 17.1 934
1741083225266 16.7 935
1741083235432 18.8 936
1741083245908 21.2 937
1741083256082 20.4 938
1741083266226 31.3 939
1741083277323 23.9 940
1741083287402 15.9 941
1741083297534 28.7 942
1741083308657 18.0 943
1741083318869 20.1 944
1741083328949 30.8 945
1741083340625 22.1 946
1741083350791 17.2 947
1741083362312 15.3 948
1741083372439 14.8 949
1741083382612 18.7 950
1741083394172 14.4 951
1741083404314 16.4 952
1741083414360 18.2 953
1741083425470 17.9 954
1741083435552 15.3 955
1741083446753 19.3 956
1741083458061 15.7 957
1741083468173 12.1 958
1741083478249 19.9 959
1741083488413 16.4 960
1741083499062 13.7 961
1741083509181 27.9 962
1741083519281 25.4 963
1741083529986 24.0 964
1741083540247 25.4 965
1741083551312 25.1 966
1741083561719 20.8 967
1741083571797 18.7 968
1741083581931 20.7 969
