1741073580425 46.4 0
1741073590464 46.4 1
1741073600494 46.4 2
1741073610522 46.4 3
1741073620553 46.4 4
1741073630592 46.4 5
1741073640633 46.4 6
1741073650680 46.4 7
1741073660724 46.4 8
1741073670816 46.4 9
1741073680855 46.4 10
1741073690900 46.4 11
1741073700946 46.4 12
1741073710997 46.4 13
1741073721042 46.4 14
1741073731141 46.4 15
1741073741195 46.4 16
1741073751233 46.4 17
1741073761265 46.4 18
1741073771322 46.4 19
1741073781375 46.4 20
1741073791463 46.4 21
1741073801522 46.4 22
1741073811573 46.4 23
1741073821622 46.4 24
1741073831682 46.4 25
1741073841742 46.4 26
1741073851832 46.4 27
1741073862035 46.4 28
1741073872100 46.4 29
1741073882619 46.4 30
1741073892684 46.4 31
1741073902750 46.4 32
1741073912852 46.4 33
1741073922922 46.4 34
1741073932993 46.4 35
1741073943039 46.4 36
1741073953117 46.4 37
1741073963194 46.4 38
1741073973288 46.4 39
1741073983350 46.4 40
1741073993432 46.4 41
1741074003477 46.4 42
1741074013536 46.4 43
1741074023868 46.4 44
1741074033983 46.4 45
1741074044032 46.4 46
1741074054086 46.4 47
1741074064155 46.4 48
1741074074433 46.4 49
1741074084476 46.4 50
1741074094651 46.4 51
1741074105002 46.4 52
1741074115082 46.4 53
1741074125142 46.4 54
1741074135205 46.4 55
1741074145510 46.4 56
1741074155649 46.4 57
1741074165757 46.4 58
1741074175796 46.4 59
1741074185848 46.4 60
1741074195937 46.4 61
1741074205985 46.4 62
1741074216063 46.4 63
1741074226203 46.4 64
1741074236271 46.4 65
1741074246360 46.4 66
1741074256501 46.4 67
1741074266568 46.4 68
1741074276605 46.4 69
1741074286707 46.4 70
1741074296786 46.4 71
1741074306834 46.4 72
1741074316935 46.4 73
1741074326996 46.4 74
1741074337068 46.4 75
1741074347152 46.4 76
1741074357200 46.4 77
1741074367260 46.4 78
1741074377393 46.4 79
1741074387444 46.4 80
1741074397573 46.4 81
1741074407672 46.4 82
1741074417712 46.4 83
1741074428067 46.4 84
1741074438172 46.4 85
1741074448241 46.4 86
1741074458304 46.4 87
1741074469074 46.4 88
1741074479145 46.4 89
1741074489209 46.4 90
1741074499314 46.4 91
1741074509580 46.4 92
1741074519650 46.4 93
1741074529762 46.4 94
1741074539826 46.4 95
1741074549889 46.4 96
1741074559982 46.4 97
1741074570061 46.4 98
1741074580119 46.4 99
1741074590201 46.4 100
1741074600246 46.4 101
1741074610299 46.4 102
1741074620394 46.4 103
1741074630452 46.4 104
1741074640516 46.4 105
1741074650615 46.4 106
1741074660677 46.4 107
1741074670731 46.4 108
1741074680860 46.4 109
1741074691222 46.4 110
1741074701288 46.4 111
1741074711348 46.4 112
1741074721497 46.4 113
1741074731562 46.4 114
1741074741628 46.4 115
1741074751753 46.4 116
1741074761801 46.4 117
1741074772154 46.4 118
1741074782231 46.4 119
1741074792316 46.4 120
1741074802397 46.4 121
1741074812490 46.4 122
1741074822573 46.4 123
1741074832635 46.4 124
1741074842732 46.4 125
1741074852802 46.4 126
1741074862861 46.4 127
1741074872996 46.4 128
1741074883070 46.4 129
1741074893567 46.4 130
1741074903624 46.4 131
1741074913692 46.4 132
1741074923756 46.4 133
1741074933874 46.4 134
1741074943943 46.4 135
1741074953999 46.4 136
1741074964054 46.4 137
1741074974110 46.4 138
1741074984429 46.4 139
1741074994575 46.4 140
1741075004627 46.4 141
1741075014682 46.4 142
1741075024771 46.4 143
1741075034824 46.4 144
1741075044895 46.4 145
1741075054999 46.4 146
1741075065046 46.4 147
1741075075122 46.4 148
1741075085209 46.4 149
1741075095282 46.4 150
1741075105365 46.4 151
1741075115910 46.4 152
1741075126306 46.4 153
1741075136431 46.4 154
1741075146484 46.4 155
1741075156555 46.4 156
1741075166593 46.4 157
1741075176881 46.4 158
1741075186941 46.4 159
1741075197011 46.4 160
1741075207064 46.4 161
1741075217130 46.4 162
1741075227186 46.4 163
1741075237251 46.4 164
1741075247488 46.4 165
1741075257785 46.4 166
1741075268185 46.4 167
1741075278372 46.4 168
1741075288426 46.4 169
1741075298479 46.4 170
1741075308616 46.4 171
1741075318672 46.4 172
1741075328716 46.4 173
1741075338904 46.4 174
1741075348990 46.4 175
1741075359058 46.4 176
1741075369103 46.4 177
1741075379154 46.4 178
1741075389262 46.4 179
1741075399310 46.4 180
1741075409849 46.4 181
1741075419977 46.4 182
1741075430033 46.4 183
1741075440114 46.4 184
1741075450257 46.4 185
1741075460322 46.4 186
1741075470595 46.4 187
1741075480742 46.4 188
1741075490789 46.4 189
1741075500841 46.4 190
1741075510981 46.4 191
1741075521054 46.4 192
1741075531133 46.4 193
1741075542003 46.4 194
1741075552065 46.4 195
1741075562138 46.4 196
1741075572238 46.4 197
1741075582338 46.4 198
1741075592725 46.4 199
1741075602770 46.4 200
1741075612875 46.4 201
1741075622939 46.4 202
1741075632992 46.4 203
1741075643038 46.4 204
1741075653142 46.4 205
1741075663183 46.4 206
1741075673220 46.4 207
1741075683337 46.4 208
1741075693907 46.4 209
1741075704014 46.4 210
1741075714119 46.4 211
1741075724269 46.4 212
1741075734364 46.1 213
1741075744405 46.1 214
1741075754464 46.1 215
1741075764512 46.1 216
1741075774575 46.1 217
1741075784638 46.1 218
1741075794750 46.1 219
1741075804797 46.1 220
1741075814869 46.1 221
1741075825026 46.1 222
1741075835652 46.1 223
1741075845723 46.1 224
1741075855839 46.1 225
1741075865892 46.1 226
1741075875959 46.1 227
1741075886056 46.1 228
1741075896106 46.1 229
1741075906160 46.1 230
1741075916802 46.1 231
1741075926874 46.1 232
1741075936934 46.1 233
1741075947465 46.1 234
1741075958033 46.1 235
1741075968530 46.1 236
1741075978891 46.1 237
1741075989160 46.1 238
1741075999275 46.1 239
1741076009326 46.1 240
1741076019430 46.1 241
1741076029487 46.1 242
1741076039551 46.1 243
1741076050300 46.1 244
1741076060352 46.1 245
1741076070399 46.1 246
1741076080521 46.1 247
1741076090573 46.1 248
1741076100637 46.1 249
1741076110767 46.1 250
1741076120838 46.1 251
1741076130924 46.1 252
1741076141068 46.1 253
1741076151141 46.1 254
1741076161242 46.1 255
1741076171355 46.1 256
1741076181415 46.1 257
1741076191472 46.1 258
1741076201740 46.1 259
1741076212214 46.1 260
1741076222361 46.1 261
1741076232495 46.1 262
1741076242571 46.1 263
1741076252646 46.1 264
1741076262792 46.1 265
1741076272869 46.1 266
1741076282922 46.1 267
1741076293022 46.1 268
1741076303107 46.1 269
1741076313178 46.1 270
1741076323304 46.1 271
1741076333368 46.1 272
1741076343443 46.1 273
1741076353542 46.1 274
1741076363622 46.1 275
1741076373703 46.1 276
1741076383777 46.1 277
1741076393844 46.1 278
1741076403904 46.1 279
1741076414054 46.1 280
1741076424195 46.1 281
1741076434251 46.1 282
1741076444310 46.1 283
1741076454668 46.1 284
1741076464775 46.1 285
1741076474813 46.1 286
1741076484992 46.1 287
1741076495090 46.1 288
1741076505175 46.1 289
1741076515300 46.1 290
1741076525377 46.1 291
1741076535443 46.1 292
1741076545617 46.1 293
1741076555898 46.1 294
1741076565968 46.1 295
1741076576151 46.1 296
1741076586541 46.1 297
1741076597053 46.1 298
1741076607148 46.1 299
1741076617337 46.1 300
1741076627470 46.1 301
1741076637777 46.1 302
1741076648149 46.1 303
1741076658213 46.1 304
1741076668329 46.1 305
1741076678403 46.1 306
1741076688750 46.1 307
1741076698890 46.1 308
1741076708956 46.1 309
1741076719175 46.1 310
1741076729778 46.1 311
1741076740255 46.1 312
1741076750313 46.1 313
1741076760373 46.1 314
1741076770488 46.1 315
1741076780542 46.1 316
1741076790594 46.1 317
1741076800711 46.1 318
1741076810768 46.1 319
1741076821163 46.1 320
1741076831494 46.1 321
1741076841944 46.1 322
1741076852349 46.1 323
1741076862562 46.1 324
1741076873073 46.1 325
1741076883136 46.1 326
1741076893482 46.1 327
1741076903559 46.1 328
1741076913628 46.1 329
1741076923774 46.1 330
1741076933848 46.1 331
1741076943898 46.1 332
1741076954598 46.1 333
1741076964677 46.1 334
1741076974736 46.1 335
1741076984804 46.1 336
1741076994881 46.1 337
1741077004937 46.1 338
1741077015126 46.1 339
1741077025341 46.1 340
1741077035601 46.1 341
1741077045983 46.1 342
1741077056428 46.1 343
1741077066863 46.1 344
1741077077481 46.1 345
1741077088213 46.1 346
1741077098722 46.1 347
1741077109369 46.1 348
1741077119786 46.1 349
1741077130450 46.1 350
1741077141080 46.1 351
1741077151636 46.1 352
1741077161756 46.1 353
1741077171977 46.1 354
1741077182057 46.1 355
1741077192183 46.1 356
1741077202234 46.1 357
1741077212311 46.1 358
1741077222422 46.1 359
1741077232491 46.1 360
1741077242574 46.1 361
1741077252722 46.1 362
1741077262817 46.1 363
1741077272911 46.1 364
1741077283049 46.1 365
1741077293107 46.1 366
1741077303486 46.1 367
1741077314190 46.1 368
1741077324957 46.1 369
1741077335349 46.1 370
1741077345952 46.1 371
1741077356340 46.1 372
1741077366609 46.1 373
1741077377064 46.1 374
1741077387358 46.1 375
1741077397461 46.1 376
1741077407566 46.1 377
1741077417681 46.1 378
1741077428472 46.1 379
1741077438615 46.1 380
1741077448947 46.1 381
1741077459093 46.1 382
1741077469145 46.1 383
1741077479261 46.1 384
1741077489318 46.1 385
1741077499424 46.1 386
1741077509574 46.1 387
1741077519640 46.1 388
1741077529691 46.1 389
1741077540333 46.1 390
1741077550851 46.1 391
1741077561222 46.1 392
1741077571925 46.1 393
1741077582707 46.1 394
1741077592977 46.1 395
1741077603680 46.1 396
1741077614525 46.1 397
1741077624580 46.1 398
1741077634676 46.1 399
1741077644796 46.1 400
1741077654892 46.1 401
1741077665688 46.1 402
1741077675817 46.1 403
1741077686274 46.1 404
1741077696918 46.1 405
1741077707654 46.1 406
1741077718350 46.1 407
1741077728969 46.1 408
1741077739446 46.1 409
1741077750105 46.1 410
1741077760484 46.1 411
1741077771070 46.1 412
1741077781692 46.1 413
1741077792658 46.1 414
1741077803492 46.1 415
1741077814399 46.1 416
1741077824883 46.1 417
1741077835405 46.1 418
1741077845840 46.1 419
1741077855958 46.1 420
1741077866022 46.1 421
1741077876102 46.1 422
1741077886230 46.1 423
1741077896505 46.1 424
1741077907445 46.1 425
1741077917521 46.1 426
1741077928353 46.1 427
1741077938452 46.1 428
1741077949116 46.1 429
1741077961108 46.1 430
1741077971839 46.1 431
1741077982394 46.1 432
1741077993293 46.1 433
1741078004095 46.1 434
1741078014846 46.1 435
1741078025434 46.1 436
1741078036179 46.1 437
1741078046741 46.1 438
1741078056811 46.1 439
1741078066891 46.1 440
1741078076973 46.1 441
1741078087026 46.1 442
1741078097101 46.1 443
1741078107649 46.1 444
1741078117882 46.1 445
1741078128723 46.1 446
1741078139595 46.1 447
1741078149655 46.1 448
1741078159754 46.1 449
1741078169875 46.1 450
1741078179976 46.1 451
1741078190084 46.1 452
1741078200967 46.1 453
1741078211057 46.1 454
1741078221138 46.1 455
1741078231971 46.1 456
1741078242042 46.1 457
1741078252115 46.1 458
1741078262197 46.1 459
1741078272273 46.1 460
1741078283151 46.1 461
1741078294084 46.1 462
1741078304891 46.1 463
1741078314967 46.1 464
1741078325040 46.1 465
1741078335204 46.1 466
1741078345351 46.1 467
1741078355454 46.1 468
1741078365604 46.1 469
1741078375669 46.1 470
1741078385766 46.1 471
1741078395898 46.1 472
1741078405997 46.1 473
1741078416059 46.1 474
1741078426211 46.1 475
1741078436271 46.1 476
1741078446348 46.1 477
1741078456470 46.1 478
1741078467408 46.1 479
1741078477484 46.1 480
1741078487670 46.1 481
1741078498822 46.1 482
1741078509643 46.1 483
1741078520709 46.1 484
1741078530834 46.1 485
1741078540956 46.1 486
1741078551050 46.1 487
1741078561184 46.1 488
1741078571254 46.1 489
1741078581341 46.1 490
1741078591850 46.1 491
1741078601961 46.1 492
1741078612167 46.1 493
1741078622292 46.1 494
1741078632425 46.1 495
1741078642554 46.1 496
1741078652730 46.1 497
1741078662848 46.1 498
1741078672949 46.1 499
1741078684274 46.1 500
1741078694443 46.1 501
1741078704539 46.1 502
1741078714642 46.1 503
1741078724742 46.1 504
1741078734847 46.1 505
1741078744899 46.1 506
1741078755009 46.1 507
1741078765071 46.1 508
1741078775147 46.1 509
1741078785963 46.1 510
1741078796311 46.1 511
1741078806437 46.1 512
1741078816650 46.1 513
1741078826773 46.1 514
1741078836882 46.1 515
1741078847021 46.1 516
1741078857141 46.1 517
1741078867251 46.1 518
1741078877372 46.1 519
1741078887487 46.1 520
1741078897610 46.1 521
1741078907722 46.1 522
1741078917836 46.1 523
1741078927945 46.1 524
1741078938065 46.1 525
1741078948183 46.1 526
1741078958269 46.1 527
1741078968384 46.1 528
1741078978500 46.1 529
1741078988606 46.1 530
1741078998711 46.1 531
1741079008838 46.1 532
1741079018977 46.1 533
1741079029088 46.1 534
1741079039192 46.1 535
1741079049292 46.1 536
1741079059401 46.1 537
1741079069908 46.1 538
1741079080027 46.1 539
1741079090882 46.1 540
1741079101009 46.1 541
1741079111148 46.1 542
1741079121454 46.1 543
1741079131583 46.1 544
1741079141716 46.1 545
1741079152084 46.1 546
1741079162234 46.1 547
1741079172341 46.1 548
1741079182498 46.1 549
1741079192627 46.1 550
1741079202754 46.1 551
1741079212957 46.1 552
1741079223244 46.1 553
1741079233358 46.1 554
1741079243481 46.1 555
1741079253602 46.1 556
1741079263764 46.1 557
1741079273893 46.1 558
1741079284011 46.1 559
1741079294266 46.1 560
1741079304497 46.1 561
1741079314840 46.1 562
1741079325230 46.1 563
1741079335551 46.1 564
1741079345928 46.1 565
1741079356240 46.1 566
1741079366675 46.1 567
1741079377062 46.1 568
1741079387187 46.1 569
1741079397528 46.1 570
1741079407927 46.1 571
1741079418404 46.1 572
1741079428553 46.1 573
1741079438677 46.1 574
1741079448819 46.1 575
1741079459060 46.1 576
1741079469177 46.1 577
1741079479347 46.1 578
1741079489508 46.1 579
1741079499800 46.1 580
1741079510325 46.1 581
1741079520737 46.1 582
1741079531320 46.1 583
1741079542091 46.1 584
1741079552707 46.1 585
1741079562958 46.1 586
1741079573372 46.1 587
1741079584115 46.1 588
1741079594581 46.1 589
1741079604981 46.1 590
1741079615107 46.1 591
1741079625488 46.1 592
1741079635800 46.1 593
1741079646017 46.1 594
1741079656517 46.1 595
1741079666759 46.1 596
1741079677093 46.1 597
1741079687524 46.1 598
1741079698078 46.1 599
1741079708517 46.1 600
1741079718996 46.1 601
1741079729684 46.1 602
1741079740466 46.1 603
1741079750981 46.1 604
1741079761364 46.1 605
1741079772190 46.1 606
1741079782927 46.1 607
1741079793548 46.1 608
1741079803692 46.1 609
1741079814401 46.1 610
1741079824957 46.1 611
1741079835257 46.1 612
1741079845631 46.1 613
1741079856006 46.1 614
1741079866571 46.1 615
1741079877102 46.1 616
1741079887617 46.1 617
1741079898096 46.1 618
1741079908699 46.1 619
1741079919468 46.1 620
1741079930100 46.1 621
1741079940691 46.1 622
1741079951078 46.1 623
1741079961180 46.1 624
1741079971456 46.1 625
1741079981562 46.1 626
1741079991733 46.1 627
1741080001847 46.1 628
1741080011945 46.1 629
1741080022058 46.1 630
1741080032280 46.1 631
1741080042906 46.1 632
1741080053431 46.1 633
1741080064167 46.1 634
1741080074828 46.1 635
1741080085364 46.1 636
1741080095472 46.1 637
1741080105580 46.1 638
1741080115695 46.1 639
1741080126507 46.1 640
1741080137155 46.1 641
1741080147266 46.1 642
1741080158119 46.1 643
1741080168225 46.1 644
1741080178469 46.1 645
1741080188594 46.1 646
1741080198727 46.1 647
1741080208900 46.1 648
1741080219467 46.1 649
1741080230169 46.1 650
1741080241115 46.1 651
1741080251812 46.1 652
1741080262440 46.1 653
1741080273283 46.1 654
1741080284264 46.1 655
1741080295114 46.1 656
1741080305986 46.1 657
1741080316826 46.1 658
1741080326944 46.1 659
1741080337043 46.1 660
1741080347142 46.1 661
1741080357239 46.1 662
1741080367561 46.1 663
1741080377664 46.1 664
1741080387790 46.1 665
1741080397883 46.1 666
1741080407980 46.1 667
1741080418399 46.1 668
1741080429198 46.1 669
1741080440210 46.1 670
1741080450869 46.1 671
1741080461565 46.1 672
1741080472578 46.1 673
1741080483418 46.1 674
1741080494379 46.1 675
1741080505305 46.1 676
1741080516093 46.1 677
1741080526913 46.1 678
1741080537735 46.1 679
1741080547841 46.1 680
1741080557955 46.1 681
1741080568433 46.1 682
1741080578740 46.1 683
1741080588883 46.1 684
1741080599223 46.1 685
1741080610082 46.1 686
1741080620151 46.1 687
1741080630565 46.1 688
1741080640976 46.1 689
1741080651076 46.1 690
1741080661163 46.1 691
1741080672710 46.1 692
1741080682861 46.1 693
1741080693461 46.1 694
1741080703539 46.1 695
1741080713953 46.1 696
1741080724063 46.1 697
1741080734891 46.1 698
1741080745036 46.1 699
1741080755614 46.1 700
1741080765702 46.1 701
1741080775867 46.1 702
1741080788267 46.1 703
1741080798383 46.1 704
1741080808620 46.1 705
1741080818756 46.1 706
1741080829351 46.1 707
1741080840621 46.1 708
1741080850767 46.1 709
1741080862722 46.1 710
1741080872784 46.1 711
1741080883091 46.1 712
1741080893254 46.1 713
1741080903339 46.1 714
1741080913421 46.1 715
1741080923605 46.1 716
1741080933695 46.1 717
1741080945030 46.1 718
1741080955517 46.1 719
1741080965570 46.1 720
1741080975637 46.1 721
1741080985833 46.1 722
1741080996420 46.1 723
1741081006516 46.1 724
1741081016919 46.1 725
1741081027002 46.1 726
1741081037628 46.1 727
1741081047781 46.1 728
1741081058892 46.1 729
1741081069011 46.1 730
1741081079645 46.1 731
1741081089837 46.1 732
1741081099944 46.1 733
1741081110336 46.1 734
1741081120514 46.1 735
1741081130751 46.1 736
1741081140856 46.1 737
1741081151024 46.1 738
1741081161125 46.1 739
1741081171465 46.1 740
1741081181619 46.1 741
1741081191702 46.1 742
1741081201778 46.1 743
1741081212244 46.1 744
1741081222313 46.1 745
1741081232747 46.1 746
1741081242921 46.1 747
1741081252995 46.1 748
1741081263075 46.1 749
1741081273953 46.1 750
1741081284117 46.1 751
1741081294839 46.1 752
1741081304953 46.1 753
1741081316297 46.1 754
1741081326403 46.1 755
1741081337968 46.1 756
1741081348128 46.1 757
1741081359541 46.1 758
1741081369623 46.1 759
1741081380671 46.1 760
1741081391390 46.1 761
1741081401478 46.1 762
1741081411691 46.1 763
1741081422859 46.1 764
1741081434353 46.1 765
1741081444467 46.1 766
1741081454577 46.1 767
1741081464894 46.1 768
1741081474998 46.1 769
1741081485984 46.1 770
1741081496126 46.1 771
1741081506846 46.1 772
1741081516941 46.1 773
1741081528305 46.1 774
1741081538426 46.1 775
1741081548693 46.1 776
1741081558792 46.1 777
1741081569265 46.1 778
1741081579321 46.1 779
1741081590381 46.1 780
1741081600512 46.1 781
1741081611638 46.1 782
1741081621761 46.1 783
1741081632964 46.1 784
1741081643056 46.1 785
1741081653918 46.1 786
1741081664007 46.1 787
1741081675170 46.1 788
1741081688133 46.1 789
1741081698202 46.1 790
1741081708960 46.1 791
1741081719059 46.1 792
1741081729680 46.1 793
1741081740919 46.1 794
1741081751156 46.1 795
1741081763092 46.1 796
1741081773189 46.1 797
1741081783734 46.1 798
1741081793817 46.1 799
1741081803995 46.1 800
1741081814138 46.1 801
1741081824515 46.1 802
1741081834621 46.1 803
1741081845683 46.1 804
1741081855823 46.1 805
1741081866352 46.1 806
1741081876420 46.1 807
1741081886576 46.1 808
1741081897136 46.1 809
1741081907214 46.1 810
1741081918640 46.1 811
1741081928731 46.1 812
1741081939554 46.1 813
1741081949659 46.1 814
1741081961054 46.1 815
1741081971173 46.1 816
1741081982582 46.1 817
1741081992722 46.1 818
1741082003947 46.1 819
1741082014032 46.1 820
1741082024640 46.1 821
1741082034739 46.1 822
1741082045654 46.1 823
1741082056123 46.1 824
1741082068852 46.1 825
1741082078948 46.1 826
1741082089679 46.1 827
1741082099833 46.1 828
1741082110590 46.1 829
1741082120740 46.1 830
1741082132030 46.1 831
1741082142174 46.1 832
1741082153523 46.1 833
1741082163612 46.1 834
1741082174765 46.1 835
1741082184840 46.1 836
1741082195925 46.1 837
1741082206054 46.1 838
1741082217536 46.1 839
1741082227627 46.1 840
1741082238326 46.1 841
1741082248477 46.1 842
1741082259570 46.1 843
1741082269674 46.1 844
1741082280489 46.1 845
1741082290761 46.1 846
1741082301114 46.1 847
1741082311197 46.1 848
1741082321368 46.1 849
1741082332257 46.1 850
1741082342355 46.1 851
1741082353753 46.1 852
1741082364086 46.1 853
1741082376934 46.1 854
1741082387011 46.1 855
1741082398597 46.1 856
1741082408722 46.1 857
1741082420119 46.1 858
1741082430296 46.1 859
1741082441265 46.1 860
1741082451366 46.1 861
1741082461442 46.1 862
1741082471784 46.1 863
1741082481871 46.1 864
1741082492488 46.1 865
1741082502648 46.1 866
1741082513988 46.1 867
1741082524086 46.1 868
1741082534204 46.1 869
1741082545000 46.1 870
1741082555108 46.1 871
1741082566805 46.1 872
1741082576961 46.1 873
1741082587077 46.1 874
1741082597868 46.1 875
1741082608024 46.1 876
1741082618087 46.1 877
1741082628155 46.1 878
1741082639880 46.1 879
1741082649952 46.1 880
1741082661228 46.1 881
1741082671383 46.1 882
1741082681651 46.1 883
1741082691765 46.1 884
1741082701837 46.1 885
1741082712594 46.1 886
1741082722699 46.1 887
1741082733047 46.1 888
1741082743184 46.1 889
1741082754122 46.1 890
1741082764223 46.1 891
1741082775315 46.1 892
1741082785411 46.1 893
1741082796037 46.1 894
1741082806130 46.1 895
1741082817223 46.1 896
1741082827335 46.1 897
1741082837440 46.1 898
1741082848572 46.1 899
1741082858678 46.1 900
1741082870236 46.1 901
1741082880366 46.1 902
1741082891861 46.1 903
1741082901986 46.1 904
1741082912093 46.1 905
1741082923147 46.1 906
1741082933280 46.1 907
1741082943367 46.1 908
1741082953905 46.1 909
1741082964026 46.1 910
1741082974132 46.1 911
1741082985224 46.1 912
1741082995299 46.1 913
1741083005415 46.1 914
1741083015718 46.1 915
1741083025785 46.1 916
1741083036526 46.1 917
1741083046914 46.1 918
1741083057005 46.1 919
1741083067071 46.1 920
1741083077219 46.1 921
1741083088553 46.1 922
1741083098594 46.1 923
1741083108758 46.1 924
1741083118854 46.1 925
1741083129767 46.1 926
1741083139918 46.1 927
1741083149984 46.1 928
1741083161249 46.1 929
1741083171375 46.1 930
1741083182025 46.1 931
1741083192429 46.1 932
1741083203115 46.1 933
1741083214000 46.1 934
1741083225266 46.1 935
1741083235432 46.1 936
1741083245908 46.1 937
1741083256082 46.1 938
1741083266226 46.1 939
1741083277323 46.1 940
1741083287402 46.1 941
1741083297534 46.1 942
1741083308657 46.1 943
1741083318869 46.1 944
1741083328949 46.1 945
1741083340625 46.1 946
1741083350791 46.1 947
1741083362312 46.1 948
1741083372439 46.1 949
1741083382612 46.1 950
1741083394172 46.1 951
1741083404314 46.1 952
1741083414360 46.1 953
1741083425470 46.1 954
1741083435552 46.1 955
1741083446753 46.1 956
1741083458061 46.1 957
1741083468173 46.1 958
1741083478249 46.1 959
1741083488413 46.1 960
1741083499062 46.1 961
1741083509181 46.1 962
1741083519281 46.1 963
1741083529986 46.1 964
1741083540247 46.1 965
1741083551312 46.1 966
1741083561719 46.1 967
1741083571797 46.1 968
1741083581931 46.1 969
