1741073580425 293963.4 0
1741073590464 293963.4 1
1741073600494 293963.4 2
1741073610522 293963.4 3
1741073620553 293963.4 4
1741073630592 293963.4 5
1741073640633 293963.4 6
1741073650680 293963.4 7
1741073660724 293963.4 8
1741073670816 293963.4 9
1741073680855 293963.4 10
1741073690900 293963.4 11
1741073700946 293963.4 12
1741073710997 293963.4 13
1741073721042 293963.4 14
1741073731141 293962.3 15
1741073741195 293951.2 16
1741073751233 293951.2 17
1741073761265 293951.2 18
1741073771322 293951.2 19
1741073781375 293951.2 20
1741073791463 293951.2 21
1741073801522 293951.2 22
1741073811573 293951.2 23
1741073821622 293951.1 24
1741073831682 293951.1 25
1741073841742 293951.1 26
1741073851832 293951.1 27
1741073862035 293951.1 28
1741073872100 293951.1 29
1741073882619 293951.1 30
1741073892684 293950.7 31
1741073902750 293950.7 32
1741073912852 293950.7 33
1741073922922 293950.7 34
1741073932993 293950.7 35
1741073943039 293950.7 36
1741073953117 293950.7 37
1741073963194 293950.7 38
1741073973288 293950.7 39
1741073983350 293950.7 40
1741073993432 293950.7 41
1741074003477 293950.7 42
1741074013536 293950.7 43
1741074023868 293950.7 44
1741074033983 293950.7 45
1741074044032 293950.7 46
1741074054086 293950.7 47
1741074064155 293950.2 48
1741074074433 293950.2 49
1741074084476 293950.2 50
1741074094651 293950.2 51
1741074105002 293950.2 52
1741074115082 293950.2 53
1741074125142 293950.2 54
1741074135205 293950.2 55
1741074145510 293950.2 56
1741074155649 293950.2 57
1741074165757 293950.2 58
1741074175796 293950.2 59
1741074185848 293950.2 60
1741074195937 293950.2 61
1741074205985 293950.2 62
1741074216063 293950.2 63
1741074226203 293950.2 64
1741074236271 293950.2 65
1741074246360 293950.2 66
1741074256501 293949.9 67
1741074266568 293949.8 68
1741074276605 293949.8 69
1741074286707 293949.8 70
1741074296786 293949.8 71
1741074306834 293949.8 72
1741074316935 293949.8 73
1741074326996 293949.8 74
1741074337068 293949.8 75
1741074347152 293949.8 76
1741074357200 293949.8 77
1741074367260 293949.8 78
1741074377393 293949.8 79
1741074387444 293949.8 80
1741074397573 293949.8 81
1741074407672 293949.8 82
1741074417712 293949.8 83
1741074428067 293949.8 84
1741074438172 293949.8 85
1741074448241 293949.8 86
1741074458304 293949.8 87
1741074469074 293949.8 88
1741074479145 293949.4 89
1741074489209 293949.4 90
1741074499314 293949.4 91
1741074509580 293949.4 92
1741074519650 293949.4 93
1741074529762 293949.4 94
1741074539826 293949.4 95
1741074549889 293949.4 96
1741074559982 293949.4 97
1741074570061 293949.4 98
1741074580119 293949.4 99
1741074590201 293949.4 100
1741074600246 293949.4 101
1741074610299 293949.4 102
1741074620394 293949.4 103
1741074630452 293949.4 104
1741074640516 293949.4 105
1741074650615 293949.4 106
1741074660677 293949.4 107
1741074670731 293949.4 108
1741074680860 293949.4 109
1741074691222 293949.0 110
1741074701288 293949.0 111
1741074711348 293949.0 112
1741074721497 293949.0 113
1741074731562 293949.0 114
1741074741628 293949.0 115
1741074751753 293949.0 116
1741074761801 293949.0 117
1741074772154 293949.0 118
1741074782231 293949.0 119
1741074792316 293949.0 120
1741074802397 293949.0 121
1741074812490 293949.0 122
1741074822573 293949.0 123
1741074832635 293949.0 124
1741074842732 293949.0 125
1741074852802 293949.0 126
1741074862861 293949.0 127
1741074872996 293949.0 128
1741074883070 293949.0 129
1741074893567 293949.0 130
1741074903624 293949.0 131
1741074913692 293948.6 132
1741074923756 293948.6 133
1741074933874 293948.6 134
1741074943943 293948.6 135
1741074953999 293948.6 136
1741074964054 293948.6 137
1741074974110 293948.6 138
1741074984429 293948.6 139
1741074994575 293948.6 140
1741075004627 293948.6 141
1741075014682 293948.6 142
1741075024771 293948.6 143
1741075034824 293948.6 144
1741075044895 293948.6 145
1741075054999 293948.6 146
1741075065046 293948.6 147
1741075075122 293948.1 148
1741075085209 293948.1 149
1741075095282 293948.1 150
1741075105365 293948.1 151
1741075115910 293948.0 152
1741075126306 293948.0 153
1741075136431 293947.7 154
1741075146484 293947.6 155
1741075156555 293947.6 156
1741075166593 293947.6 157
1741075176881 293947.6 158
1741075186941 293947.6 159
1741075197011 293947.6 160
1741075207064 293947.6 161
1741075217130 293947.6 162
1741075227186 293947.6 163
1741075237251 293947.6 164
1741075247488 293947.6 165
1741075257785 293947.6 166
1741075268185 293947.6 167
1741075278372 293947.6 168
1741075288426 293947.6 169
1741075298479 293947.6 170
1741075308616 293947.6 171
1741075318672 293947.6 172
1741075328716 293947.6 173
1741075338904 293947.6 174
1741075348990 293947.6 175
1741075359058 293947.3 176
1741075369103 293947.2 177
1741075379154 293947.2 178
1741075389262 293947.2 179
1741075399310 293947.2 180
1741075409849 293947.2 181
1741075419977 293947.2 182
1741075430033 293947.2 183
1741075440114 293947.2 184
1741075450257 293947.2 185
1741075460322 293947.2 186
1741075470595 293947.2 187
1741075480742 293947.2 188
1741075490789 293947.2 189
1741075500841 293947.2 190
1741075510981 293947.2 191
1741075521054 293947.2 192
1741075531133 293947.2 193
1741075542003 293947.2 194
1741075552065 293947.2 195
1741075562138 293947.2 196
1741075572238 293947.2 197
1741075582338 293946.9 198
1741075592725 293946.8 199
1741075602770 293946.8 200
1741075612875 293946.8 201
1741075622939 293946.8 202
1741075632992 293946.8 203
1741075643038 293946.8 204
1741075653142 293946.8 205
1741075663183 293946.8 206
1741075673220 293946.8 207
1741075683337 293946.8 208
1741075693907 293946.8 209
1741075704014 293953.6 210
1741075714119 293953.6 211
1741075724269 293953.6 212
1741075734364 295346.1 213
1741075744405 295346.1 214
1741075754464 295346.1 215
1741075764512 295346.1 216
1741075774575 295345.8 217
1741075784638 295345.8 218
1741075794750 295345.8 219
1741075804797 295345.8 220
1741075814869 295345.8 221
1741075825026 295345.8 222
1741075835652 295345.7 223
1741075845723 295345.7 224
1741075855839 295345.7 225
1741075865892 295345.7 226
1741075875959 295345.7 227
1741075886056 295345.7 228
1741075896106 295345.7 229
1741075906160 295345.7 230
1741075916802 295345.7 231
1741075926874 295345.7 232
1741075936934 295345.7 233
1741075947465 295345.7 234
1741075958033 295345.7 235
1741075968530 295345.7 236
1741075978891 295345.7 237
1741075989160 295345.7 238
1741075999275 295345.4 239
1741076009326 295345.4 240
1741076019430 295345.4 241
1741076029487 295345.4 242
1741076039551 295345.4 243
1741076050300 295345.4 244
1741076060352 295345.4 245
1741076070399 295345.4 246
1741076080521 295345.4 247
1741076090573 295345.4 248
1741076100637 295345.4 249
1741076110767 295345.4 250
1741076120838 295345.4 251
1741076130924 295345.4 252
1741076141068 295345.4 253
1741076151141 295345.4 254
1741076161242 295345.4 255
1741076171355 295345.4 256
1741076181415 295345.4 257
1741076191472 295345.4 258
1741076201740 295345.4 259
1741076212214 295345.4 260
1741076222361 295345.4 261
1741076232495 295345.0 262
1741076242571 295345.0 263
1741076252646 295345.0 264
1741076262792 295345.0 265
1741076272869 295345.0 266
1741076282922 295345.0 267
1741076293022 295345.0 268
1741076303107 295345.0 269
1741076313178 295345.0 270
1741076323304 295345.0 271
1741076333368 295345.0 272
1741076343443 295345.0 273
1741076353542 295345.0 274
1741076363622 295345.0 275
1741076373703 295345.0 276
1741076383777 295345.0 277
1741076393844 295345.0 278
1741076403904 295345.0 279
1741076414054 295345.0 280
1741076424195 295345.0 281
1741076434251 295345.0 282
1741076444310 295345.0 283
1741076454668 295345.0 284
1741076464775 295345.0 285
1741076474813 295344.6 286
1741076484992 295344.6 287
1741076495090 295344.6 288
1741076505175 295344.6 289
1741076515300 295344.6 290
1741076525377 295344.6 291
1741076535443 295344.6 292
1741076545617 295344.6 293
1741076555898 295344.6 294
1741076565968 295344.6 295
1741076576151 295344.6 296
1741076586541 295344.6 297
1741076597053 295344.6 298
1741076607148 295344.6 299
1741076617337 295344.6 300
1741076627470 295344.6 301
1741076637777 295344.6 302
1741076648149 295344.6 303
1741076658213 295344.6 304
1741076668329 295344.6 305
1741076678403 295344.6 306
1741076688750 295344.6 307
1741076698890 295344.6 308
1741076708956 295344.6 309
1741076719175 295344.6 310
1741076729778 295344.6 311
1741076740255 295344.2 312
1741076750313 295344.2 313
1741076760373 295344.2 314
1741076770488 295344.2 315
1741076780542 295344.2 316
1741076790594 295344.2 317
1741076800711 295344.2 318
1741076810768 295344.2 319
1741076821163 295344.2 320
1741076831494 295344.2 321
1741076841944 295344.2 322
1741076852349 295344.2 323
1741076862562 295344.2 324
1741076873073 295343.7 325
1741076883136 295343.7 326
1741076893482 295343.7 327
1741076903559 295343.7 328
1741076913628 295343.7 329
1741076923774 295343.7 330
1741076933848 295343.7 331
1741076943898 295343.7 332
1741076954598 295343.7 333
1741076964677 295343.7 334
1741076974736 295343.3 335
1741076984804 295343.3 336
1741076994881 295343.3 337
1741077004937 295343.3 338
1741077015126 295343.3 339
1741077025341 295343.3 340
1741077035601 295343.3 341
1741077045983 295343.3 342
1741077056428 295343.3 343
1741077066863 295343.3 344
1741077077481 295343.3 345
1741077088213 295343.3 346
1741077098722 295343.3 347
1741077109369 295343.3 348
1741077119786 295343.3 349
1741077130450 295343.3 350
1741077141080 295343.3 351
1741077151636 295343.3 352
1741077161756 295343.3 353
1741077171977 295343.3 354
1741077182057 295343.3 355
1741077192183 295343.3 356
1741077202234 295343.3 357
1741077212311 295343.3 358
1741077222422 295342.9 359
1741077232491 295342.9 360
1741077242574 295342.9 361
1741077252722 295342.9 362
1741077262817 295342.9 363
1741077272911 295342.9 364
1741077283049 295342.9 365
1741077293107 295342.9 366
1741077303486 295342.9 367
1741077314190 295342.9 368
1741077324957 295342.9 369
1741077335349 295342.9 370
1741077345952 295342.9 371
1741077356340 295342.9 372
1741077366609 295342.9 373
1741077377064 295342.9 374
1741077387358 295342.9 375
1741077397461 295342.9 376
1741077407566 295342.9 377
1741077417681 295342.9 378
1741077428472 295342.9 379
1741077438615 295342.9 380
1741077448947 295342.9 381
1741077459093 295342.6 382
1741077469145 295342.5 383
1741077479261 295342.5 384
1741077489318 295342.5 385
1741077499424 295342.5 386
1741077509574 295342.5 387
1741077519640 295342.5 388
1741077529691 295342.5 389
1741077540333 295342.5 390
1741077550851 295342.5 391
1741077561222 295342.5 392
1741077571925 295342.5 393
1741077582707 295342.5 394
1741077592977 295342.5 395
1741077603680 295342.5 396
1741077614525 295342.5 397
1741077624580 295342.5 398
1741077634676 295342.5 399
1741077644796 295342.5 400
1741077654892 295342.5 401
1741077665688 295342.5 402
1741077675817 295342.5 403
1741077686274 295342.5 404
1741077696918 295342.5 405
1741077707654 295342.5 406
1741077718350 295342.1 407
1741077728969 295342.1 408
1741077739446 295342.1 409
1741077750105 295342.1 410
1741077760484 295342.1 411
1741077771070 295342.1 412
1741077781692 295342.1 413
1741077792658 295342.1 414
1741077803492 295342.1 415
1741077814399 295342.1 416
1741077824883 295342.1 417
1741077835405 295342.1 418
1741077845840 295342.1 419
1741077855958 295342.1 420
1741077866022 295342.1 421
1741077876102 295342.1 422
1741077886230 295342.1 423
1741077896505 295342.1 424
1741077907445 295342.1 425
1741077917521 295342.1 426
1741077928353 295342.1 427
1741077938452 295342.1 428
1741077949116 295342.1 429
1741077961108 295342.1 430
1741077971839 295341.8 431
1741077982394 295341.8 432
1741077993293 295341.8 433
1741078004095 295341.8 434
1741078014846 295341.8 435
1741078025434 295341.8 436
1741078036179 295341.8 437
1741078046741 295341.8 438
1741078056811 295341.8 439
1741078066891 295341.8 440
1741078076973 295341.8 441
1741078087026 295341.8 442
1741078097101 295341.8 443
1741078107649 295341.8 444
1741078117882 295341.8 445
1741078128723 295341.8 446
1741078139595 295341.8 447
1741078149655 295341.8 448
1741078159754 295341.7 449
1741078169875 295341.7 450
1741078179976 295341.7 451
1741078190084 295341.7 452
1741078200967 295341.7 453
1741078211057 295341.7 454
1741078221138 295341.4 455
1741078231971 295341.4 456
1741078242042 295341.4 457
1741078252115 295341.4 458
1741078262197 295340.8 459
1741078272273 295340.8 460
1741078283151 295340.8 461
1741078294084 295340.8 462
1741078304891 295340.8 463
1741078314967 295340.8 464
1741078325040 295340.8 465
1741078335204 295340.8 466
1741078345351 295340.8 467
1741078355454 295340.8 468
1741078365604 295340.8 469
1741078375669 295340.8 470
1741078385766 295340.8 471
1741078395898 295340.8 472
1741078405997 295340.8 473
1741078416059 295340.8 474
1741078426211 295340.8 475
1741078436271 295340.8 476
1741078446348 295340.8 477
1741078456470 295340.8 478
1741078467408 295340.8 479
1741078477484 295340.8 480
1741078487670 295340.5 481
1741078498822 295340.5 482
1741078509643 295340.5 483
1741078520709 295340.5 484
1741078530834 295340.5 485
1741078540956 295340.5 486
1741078551050 295340.5 487
1741078561184 295340.5 488
1741078571254 295340.5 489
1741078581341 295340.5 490
1741078591850 295340.5 491
1741078601961 295340.5 492
1741078612167 295340.5 493
1741078622292 295340.5 494
1741078632425 295340.5 495
1741078642554 295340.5 496
1741078652730 295340.5 497
1741078662848 295340.5 498
1741078672949 295340.5 499
1741078684274 295340.5 500
1741078694443 295340.5 501
1741078704539 295340.1 502
1741078714642 295340.1 503
1741078724742 295340.1 504
1741078734847 295340.1 505
1741078744899 295340.1 506
1741078755009 295340.1 507
1741078765071 295340.1 508
1741078775147 295340.1 509
1741078785963 295340.1 510
1741078796311 295340.1 511
1741078806437 295340.1 512
1741078816650 295340.1 513
1741078826773 295340.1 514
1741078836882 295340.1 515
1741078847021 295340.1 516
1741078857141 295340.1 517
1741078867251 295340.1 518
1741078877372 295340.1 519
1741078887487 295339.7 520
1741078897610 295339.7 521
1741078907722 295339.7 522
1741078917836 295339.7 523
1741078927945 295339.7 524
1741078938065 295339.7 525
1741078948183 295339.7 526
1741078958269 295339.7 527
1741078968384 295339.7 528
1741078978500 295339.7 529
1741078988606 295339.7 530
1741078998711 295339.7 531
1741079008838 295339.7 532
1741079018977 295339.7 533
1741079029088 295339.7 534
1741079039192 295339.7 535
1741079049292 295339.7 536
1741079059401 295339.7 537
1741079069908 295339.4 538
1741079080027 295339.4 539
1741079090882 295339.4 540
1741079101009 295339.4 541
1741079111148 295339.4 542
1741079121454 295339.4 543
1741079131583 295339.4 544
1741079141716 295339.4 545
1741079152084 295339.4 546
1741079162234 295339.4 547
1741079172341 295339.4 548
1741079182498 295339.4 549
1741079192627 295339.4 550
1741079202754 295339.4 551
1741079212957 295339.4 552
1741079223244 295339.4 553
1741079233358 295339.4 554
1741079243481 295339.4 555
1741079253602 295339.0 556
1741079263764 295339.0 557
1741079273893 295339.0 558
1741079284011 295339.0 559
1741079294266 295339.0 560
1741079304497 295339.0 561
1741079314840 295339.0 562
1741079325230 295339.0 563
1741079335551 295339.0 564
1741079345928 295339.0 565
1741079356240 295339.0 566
1741079366675 295339.0 567
1741079377062 295339.0 568
1741079387187 295339.0 569
1741079397528 295339.0 570
1741079407927 295339.0 571
1741079418404 295339.0 572
1741079428553 295339.0 573
1741079438677 295338.6 574
1741079448819 295338.6 575
1741079459060 295338.6 576
1741079469177 295338.6 577
1741079479347 295338.6 578
1741079489508 295338.6 579
1741079499800 295338.6 580
1741079510325 295338.6 581
1741079520737 295338.6 582
1741079531320 295338.6 583
1741079542091 295338.6 584
1741079552707 295338.6 585
1741079562958 295338.6 586
1741079573372 295338.6 587
1741079584115 295338.6 588
1741079594581 295338.6 589
1741079604981 295338.6 590
1741079615107 295338.6 591
1741079625488 295338.2 592
1741079635800 295337.7 593
1741079646017 295337.7 594
1741079656517 295337.7 595
1741079666759 295337.7 596
1741079677093 295337.7 597
1741079687524 295337.7 598
1741079698078 295337.7 599
1741079708517 295337.7 600
1741079718996 295337.7 601
1741079729684 295337.7 602
1741079740466 295337.7 603
1741079750981 295337.7 604
1741079761364 295337.7 605
1741079772190 295337.7 606
1741079782927 295337.7 607
1741079793548 295337.7 608
1741079803692 295337.7 609
1741079814401 295337.3 610
1741079824957 295337.3 611
1741079835257 295337.3 612
1741079845631 295337.3 613
1741079856006 295337.3 614
1741079866571 295337.3 615
1741079877102 295337.3 616
1741079887617 295337.3 617
1741079898096 295337.3 618
1741079908699 295337.3 619
1741079919468 295337.3 620
1741079930100 295337.3 621
1741079940691 295337.3 622
1741079951078 295337.3 623
1741079961180 295337.3 624
1741079971456 295337.3 625
1741079981562 295337.3 626
1741079991733 295337.3 627
1741080001847 295337.0 628
1741080011945 295337.0 629
1741080022058 295337.0 630
1741080032280 295337.0 631
1741080042906 295337.0 632
1741080053431 295337.0 633
1741080064167 295337.0 634
1741080074828 295337.0 635
1741080085364 295337.0 636
1741080095472 295337.0 637
1741080105580 295337.0 638
1741080115695 295337.0 639
1741080126507 295337.0 640
1741080137155 295337.0 641
1741080147266 295337.0 642
1741080158119 295337.0 643
1741080168225 295337.0 644
1741080178469 295337.0 645
1741080188594 295337.0 646
1741080198727 295336.6 647
1741080208900 295336.6 648
1741080219467 295336.6 649
1741080230169 295336.6 650
1741080241115 295336.6 651
1741080251812 295336.6 652
1741080262440 295336.6 653
1741080273283 295336.6 654
1741080284264 295336.6 655
1741080295114 295336.6 656
1741080305986 295336.6 657
1741080316826 295336.6 658
1741080326944 295336.6 659
1741080337043 295336.6 660
1741080347142 295336.6 661
1741080357239 295336.6 662
1741080367561 295336.6 663
1741080377664 295336.6 664
1741080387790 295336.6 665
1741080397883 295336.2 666
1741080407980 295336.2 667
1741080418399 295336.2 668
1741080429198 295336.2 669
1741080440210 295336.2 670
1741080450869 295336.2 671
1741080461565 295336.2 672
1741080472578 295336.2 673
1741080483418 295336.2 674
1741080494379 295336.2 675
1741080505305 295336.2 676
1741080516093 295336.2 677
1741080526913 295336.2 678
1741080537735 295336.2 679
1741080547841 295336.2 680
1741080557955 295336.2 681
1741080568433 295336.2 682
1741080578740 295336.2 683
1741080588883 295336.2 684
1741080599223 295335.9 685
1741080610082 295335.9 686
1741080620151 295335.9 687
1741080630565 295335.9 688
1741080640976 295335.8 689
1741080651076 295335.8 690
1741080661163 295335.8 691
1741080672710 295335.8 692
1741080682861 295335.8 693
1741080693461 295335.8 694
1741080703539 295335.8 695
1741080713953 295335.8 696
1741080724063 295335.8 697
1741080734891 295335.8 698
1741080745036 295335.8 699
1741080755614 295335.8 700
1741080765702 295335.8 701
1741080775867 295335.8 702
1741080788267 295335.8 703
1741080798383 295335.8 704
1741080808620 295335.8 705
1741080818756 295335.8 706
1741080829351 295335.8 707
1741080840621 295335.8 708
1741080850767 295335.8 709
1741080862722 295335.8 710
1741080872784 295335.5 711
1741080883091 295335.5 712
1741080893254 295335.5 713
1741080903339 295335.5 714
1741080913421 295335.5 715
1741080923605 295335.5 716
1741080933695 295335.5 717
1741080945030 295335.5 718
1741080955517 295335.5 719
1741080965570 295335.5 720
1741080975637 295335.5 721
1741080985833 295335.5 722
1741080996420 295335.5 723
1741081006516 295335.5 724
1741081016919 295335.5 725
1741081027002 295335.5 726
1741081037628 295334.9 727
1741081047781 295334.9 728
1741081058892 295334.9 729
1741081069011 295334.9 730
1741081079645 295334.9 731
1741081089837 295334.9 732
1741081099944 295334.9 733
1741081110336 295334.9 734
1741081120514 295334.9 735
1741081130751 295334.9 736
1741081140856 295334.9 737
1741081151024 295334.9 738
1741081161125 295334.6 739
1741081171465 295334.6 740
1741081181619 295334.6 741
1741081191702 295334.6 742
1741081201778 295334.6 743
1741081212244 295334.6 744
1741081222313 295334.6 745
1741081232747 295334.6 746
1741081242921 295334.6 747
1741081252995 295334.6 748
1741081263075 295334.6 749
1741081273953 295334.6 750
1741081284117 295334.6 751
1741081294839 295334.6 752
1741081304953 295334.6 753
1741081316297 295334.6 754
1741081326403 295334.6 755
1741081337968 295334.6 756
1741081348128 295334.6 757
1741081359541 295334.6 758
1741081369623 295334.6 759
1741081380671 295334.6 760
1741081391390 295334.6 761
1741081401478 295334.6 762
1741081411691 295334.5 763
1741081422859 295334.5 764
1741081434353 295334.5 765
1741081444467 295334.5 766
1741081454577 295334.5 767
1741081464894 295334.2 768
1741081474998 295334.2 769
1741081485984 295334.2 770
1741081496126 295334.2 771
1741081506846 295334.2 772
1741081516941 295334.2 773
1741081528305 295334.2 774
1741081538426 295334.2 775
1741081548693 295334.2 776
1741081558792 295334.2 777
1741081569265 295334.2 778
1741081579321 295334.2 779
1741081590381 295334.2 780
1741081600512 295334.2 781
1741081611638 295334.2 782
1741081621761 295334.2 783
1741081632964 295334.2 784
1741081643056 295334.2 785
1741081653918 295334.2 786
1741081664007 295334.2 787
1741081675170 295334.2 788
1741081688133 295334.2 789
1741081698202 295334.2 790
1741081708960 295334.2 791
1741081719059 295334.2 792
1741081729680 295334.2 793
1741081740919 295334.2 794
1741081751156 295334.2 795
1741081763092 295334.2 796
1741081773189 295342.2 797
1741081783734 295342.2 798
1741081793817 295342.2 799
1741081803995 295342.2 800
1741081814138 295342.2 801
1741081824515 295342.2 802
1741081834621 295342.2 803
1741081845683 295342.2 804
1741081855823 295342.2 805
1741081866352 295342.2 806
1741081876420 295342.2 807
1741081886576 295342.2 808
1741081897136 295342.2 809
1741081907214 295342.2 810
1741081918640 295342.2 811
1741081928731 295342.2 812
1741081939554 295342.2 813
1741081949659 295342.2 814
1741081961054 295342.2 815
1741081971173 295342.2 816
1741081982582 295342.2 817
1741081992722 295342.2 818
1741082003947 295342.2 819
1741082014032 295342.2 820
1741082024640 295342.2 821
1741082034739 295342.2 822
1741082045654 295342.2 823
1741082056123 295342.2 824
1741082068852 295342.2 825
1741082078948 295341.8 826
1741082089679 295341.8 827
1741082099833 295341.8 828
1741082110590 295341.8 829
1741082120740 295341.8 830
1741082132030 295341.8 831
1741082142174 295341.8 832
1741082153523 295341.8 833
1741082163612 295341.8 834
1741082174765 295341.8 835
1741082184840 295341.8 836
1741082195925 295341.8 837
1741082206054 295341.8 838
1741082217536 295341.8 839
1741082227627 295341.8 840
1741082238326 295341.8 841
1741082248477 295341.8 842
1741082259570 295341.8 843
1741082269674 295341.8 844
1741082280489 295341.8 845
1741082290761 295341.8 846
1741082301114 295341.8 847
1741082311197 295341.8 848
1741082321368 295341.8 849
1741082332257 295341.8 850
1741082342355 295341.8 851
1741082353753 295341.8 852
1741082364086 295341.8 853
1741082376934 295341.8 854
1741082387011 295341.4 855
1741082398597 295341.4 856
1741082408722 295341.4 857
1741082420119 295341.4 858
1741082430296 295341.4 859
1741082441265 295341.4 860
1741082451366 295341.4 861
1741082461442 295341.4 862
1741082471784 295341.4 863
1741082481871 295340.9 864
1741082492488 295340.9 865
1741082502648 295340.9 866
1741082513988 295340.9 867
1741082524086 295340.9 868
1741082534204 295340.9 869
1741082545000 295340.9 870
1741082555108 295340.9 871
1741082566805 295340.9 872
1741082576961 295340.9 873
1741082587077 295340.9 874
1741082597868 295340.9 875
1741082608024 295340.9 876
1741082618087 295340.9 877
1741082628155 295340.9 878
1741082639880 295340.9 879
1741082649952 295340.9 880
1741082661228 295340.9 881
1741082671383 295340.9 882
1741082681651 295340.9 883
1741082691765 295340.6 884
1741082701837 295340.5 885
1741082712594 295340.5 886
1741082722699 295340.5 887
1741082733047 295340.5 888
1741082743184 295340.5 889
1741082754122 295340.5 890
1741082764223 295340.5 891
1741082775315 295340.5 892
1741082785411 295340.5 893
1741082796037 295340.5 894
1741082806130 295340.5 895
1741082817223 295340.5 896
1741082827335 295340.5 897
1741082837440 295340.5 898
1741082848572 295340.5 899
1741082858678 295340.5 900
1741082870236 295340.5 901
1741082880366 295340.5 902
1741082891861 295340.5 903
1741082901986 295340.5 904
1741082912093 295340.5 905
1741082923147 295340.5 906
1741082933280 295340.5 907
1741082943367 295340.5 908
1741082953905 295340.5 909
1741082964026 295340.5 910
1741082974132 295340.5 911
1741082985224 295340.5 912
1741082995299 295340.5 913
1741083005415 295340.1 914
1741083015718 295340.1 915
1741083025785 295340.1 916
1741083036526 295340.1 917
1741083046914 295340.1 918
1741083057005 295340.1 919
1741083067071 295340.1 920
1741083077219 295340.1 921
1741083088553 295340.1 922
1741083098594 295340.1 923
1741083108758 295340.1 924
1741083118854 295340.1 925
1741083129767 295340.1 926
1741083139918 295340.1 927
1741083149984 295340.1 928
1741083161249 295340.1 929
1741083171375 295340.1 930
1741083182025 295340.1 931
1741083192429 295340.1 932
1741083203115 295340.1 933
1741083214000 295340.1 934
1741083225266 295340.1 935
1741083235432 295340.1 936
1741083245908 295339.7 937
1741083256082 295339.7 938
1741083266226 295339.7 939
1741083277323 295339.7 940
1741083287402 295339.7 941
1741083297534 295339.7 942
1741083308657 295339.7 943
1741083318869 295339.7 944
1741083328949 295339.7 945
1741083340625 295339.7 946
1741083350791 295339.7 947
1741083362312 295339.7 948
1741083372439 295339.7 949
1741083382612 295339.7 950
1741083394172 295339.7 951
1741083404314 295339.7 952
1741083414360 295339.7 953
1741083425470 295339.7 954
1741083435552 295339.7 955
1741083446753 295339.7 956
1741083458061 295339.7 957
1741083468173 295339.7 958
1741083478249 295339.7 959
1741083488413 295339.7 960
1741083499062 295339.7 961
1741083509181 295339.7 962
1741083519281 295339.7 963
1741083529986 295339.4 964
1741083540247 295339.4 965
1741083551312 295339.4 966
1741083561719 295339.4 967
1741083571797 295339.4 968
1741083581931 295339.4 969
