1741073580425 254395.7 0
1741073590464 254395.7 1
1741073600494 254395.7 2
1741073610522 254395.7 3
1741073620553 254395.7 4
1741073630592 254395.7 5
1741073640633 254395.7 6
1741073650680 254395.7 7
1741073660724 254395.7 8
1741073670816 254395.7 9
1741073680855 254395.7 10
1741073690900 254395.7 11
1741073700946 254395.7 12
1741073710997 254395.7 13
1741073721042 254395.7 14
1741073731141 254396.8 15
1741073741195 254407.9 16
1741073751233 254407.9 17
1741073761265 254407.9 18
1741073771322 254407.9 19
1741073781375 254407.9 20
1741073791463 254407.9 21
1741073801522 254407.9 22
1741073811573 254408.0 23
1741073821622 254408.0 24
1741073831682 254408.0 25
1741073841742 254408.0 26
1741073851832 254408.0 27
1741073862035 254408.0 28
1741073872100 254408.0 29
1741073882619 254408.0 30
1741073892684 254408.5 31
1741073902750 254408.5 32
1741073912852 254408.5 33
1741073922922 254408.5 34
1741073932993 254408.5 35
1741073943039 254408.5 36
1741073953117 254408.5 37
1741073963194 254408.5 38
1741073973288 254408.5 39
1741073983350 254408.5 40
1741073993432 254408.5 41
1741074003477 254408.5 42
1741074013536 254408.5 43
1741074023868 254408.5 44
1741074033983 254408.5 45
1741074044032 254408.5 46
1741074054086 254408.5 47
1741074064155 254408.9 48
1741074074433 254408.9 49
1741074084476 254408.9 50
1741074094651 254408.9 51
1741074105002 254408.9 52
1741074115082 254408.9 53
1741074125142 254408.9 54
1741074135205 254408.9 55
1741074145510 254408.9 56
1741074155649 254408.9 57
1741074165757 254408.9 58
1741074175796 254408.9 59
1741074185848 254408.9 60
1741074195937 254408.9 61
1741074205985 254408.9 62
1741074216063 254408.9 63
1741074226203 254408.9 64
1741074236271 254408.9 65
1741074246360 254408.9 66
1741074256501 254409.2 67
1741074266568 254409.3 68
1741074276605 254409.3 69
1741074286707 254409.3 70
1741074296786 254409.3 71
1741074306834 254409.3 72
1741074316935 254409.3 73
1741074326996 254409.3 74
1741074337068 254409.3 75
1741074347152 254409.3 76
1741074357200 254409.3 77
1741074367260 254409.3 78
1741074377393 254409.3 79
1741074387444 254409.3 80
1741074397573 254409.3 81
1741074407672 254409.3 82
1741074417712 254409.3 83
1741074428067 254409.3 84
1741074438172 254409.3 85
1741074448241 254409.3 86
1741074458304 254409.3 87
1741074469074 254409.3 88
1741074479145 254409.7 89
1741074489209 254409.7 90
1741074499314 254409.7 91
1741074509580 254409.7 92
1741074519650 254409.7 93
1741074529762 254409.7 94
1741074539826 254409.7 95
1741074549889 254409.7 96
1741074559982 254409.7 97
1741074570061 254409.7 98
1741074580119 254409.7 99
1741074590201 254409.7 100
1741074600246 254409.7 101
1741074610299 254409.7 102
1741074620394 254409.7 103
1741074630452 254409.7 104
1741074640516 254409.7 105
1741074650615 254409.7 106
1741074660677 254409.7 107
1741074670731 254409.7 108
1741074680860 254409.7 109
1741074691222 254410.1 110
1741074701288 254410.1 111
1741074711348 254410.1 112
1741074721497 254410.1 113
1741074731562 254410.1 114
1741074741628 254410.1 115
1741074751753 254410.1 116
1741074761801 254410.1 117
1741074772154 254410.1 118
1741074782231 254410.1 119
1741074792316 254410.1 120
1741074802397 254410.1 121
1741074812490 254410.1 122
1741074822573 254410.1 123
1741074832635 254410.1 124
1741074842732 254410.1 125
1741074852802 254410.1 126
1741074862861 254410.1 127
1741074872996 254410.1 128
1741074883070 254410.1 129
1741074893567 254410.1 130
1741074903624 254410.1 131
1741074913692 254410.5 132
1741074923756 254410.5 133
1741074933874 254410.5 134
1741074943943 254410.5 135
1741074953999 254410.5 136
1741074964054 254410.5 137
1741074974110 254410.5 138
1741074984429 254410.5 139
1741074994575 254410.5 140
1741075004627 254410.5 141
1741075014682 254410.5 142
1741075024771 254410.5 143
1741075034824 254410.5 144
1741075044895 254410.5 145
1741075054999 254410.5 146
1741075065046 254410.5 147
1741075075122 254411.0 148
1741075085209 254411.0 149
1741075095282 254411.0 150
1741075105365 254411.1 151
1741075115910 254411.1 152
1741075126306 254411.1 153
1741075136431 254411.4 154
1741075146484 254411.5 155
1741075156555 254411.5 156
1741075166593 254411.5 157
1741075176881 254411.5 158
1741075186941 254411.5 159
1741075197011 254411.5 160
1741075207064 254411.5 161
1741075217130 254411.5 162
1741075227186 254411.5 163
1741075237251 254411.5 164
1741075247488 254411.5 165
1741075257785 254411.5 166
1741075268185 254411.5 167
1741075278372 254411.5 168
1741075288426 254411.5 169
1741075298479 254411.5 170
1741075308616 254411.5 171
1741075318672 254411.5 172
1741075328716 254411.5 173
1741075338904 254411.5 174
1741075348990 254411.5 175
1741075359058 254411.8 176
1741075369103 254411.9 177
1741075379154 254411.9 178
1741075389262 254411.9 179
1741075399310 254411.9 180
1741075409849 254411.9 181
1741075419977 254411.9 182
1741075430033 254411.9 183
1741075440114 254411.9 184
1741075450257 254411.9 185
1741075460322 254411.9 186
1741075470595 254411.9 187
1741075480742 254411.9 188
1741075490789 254411.9 189
1741075500841 254411.9 190
1741075510981 254411.9 191
1741075521054 254411.9 192
1741075531133 254411.9 193
1741075542003 254411.9 194
1741075552065 254411.9 195
1741075562138 254411.9 196
1741075572238 254411.9 197
1741075582338 254412.2 198
1741075592725 254412.3 199
1741075602770 254412.3 200
1741075612875 254412.3 201
1741075622939 254412.3 202
1741075632992 254412.3 203
1741075643038 254412.3 204
1741075653142 254412.3 205
1741075663183 254412.3 206
1741075673220 254412.3 207
1741075683337 254412.3 208
1741075693907 254412.3 209
1741075704014 254405.6 210
1741075714119 254405.6 211
1741075724269 254405.6 212
1741075734364 253013.0 213
1741075744405 253013.0 214
1741075754464 253013.0 215
1741075764512 253013.0 216
1741075774575 253013.4 217
1741075784638 253013.4 218
1741075794750 253013.4 219
1741075804797 253013.4 220
1741075814869 253013.4 221
1741075825026 253013.4 222
1741075835652 253013.4 223
1741075845723 253013.4 224
1741075855839 253013.4 225
1741075865892 253013.4 226
1741075875959 253013.4 227
1741075886056 253013.4 228
1741075896106 253013.4 229
1741075906160 253013.4 230
1741075916802 253013.4 231
1741075926874 253013.4 232
1741075936934 253013.4 233
1741075947465 253013.4 234
1741075958033 253013.4 235
1741075968530 253013.4 236
1741075978891 253013.4 237
1741075989160 253013.4 238
1741075999275 253013.7 239
1741076009326 253013.8 240
1741076019430 253013.8 241
1741076029487 253013.8 242
1741076039551 253013.8 243
1741076050300 253013.8 244
1741076060352 253013.8 245
1741076070399 253013.8 246
1741076080521 253013.8 247
1741076090573 253013.8 248
1741076100637 253013.8 249
1741076110767 253013.8 250
1741076120838 253013.8 251
1741076130924 253013.8 252
1741076141068 253013.8 253
1741076151141 253013.8 254
1741076161242 253013.8 255
1741076171355 253013.8 256
1741076181415 253013.8 257
1741076191472 253013.8 258
1741076201740 253013.8 259
1741076212214 253013.8 260
1741076222361 253013.8 261
1741076232495 253014.1 262
1741076242571 253014.1 263
1741076252646 253014.1 264
1741076262792 253014.1 265
1741076272869 253014.1 266
1741076282922 253014.1 267
1741076293022 253014.1 268
1741076303107 253014.1 269
1741076313178 253014.1 270
1741076323304 253014.1 271
1741076333368 253014.1 272
1741076343443 253014.1 273
1741076353542 253014.1 274
1741076363622 253014.1 275
1741076373703 253014.1 276
1741076383777 253014.1 277
1741076393844 253014.1 278
1741076403904 253014.1 279
1741076414054 253014.1 280
1741076424195 253014.1 281
1741076434251 253014.1 282
1741076444310 253014.1 283
1741076454668 253014.1 284
1741076464775 253014.1 285
1741076474813 253014.5 286
1741076484992 253014.5 287
1741076495090 253014.5 288
1741076505175 253014.5 289
1741076515300 253014.5 290
1741076525377 253014.5 291
1741076535443 253014.5 292
1741076545617 253014.5 293
1741076555898 253014.5 294
1741076565968 253014.5 295
1741076576151 253014.5 296
1741076586541 253014.5 297
1741076597053 253014.5 298
1741076607148 253014.5 299
1741076617337 253014.5 300
1741076627470 253014.5 301
1741076637777 253014.5 302
1741076648149 253014.5 303
1741076658213 253014.5 304
1741076668329 253014.5 305
1741076678403 253014.5 306
1741076688750 253014.5 307
1741076698890 253014.5 308
1741076708956 253014.5 309
1741076719175 253014.5 310
1741076729778 253014.5 311
1741076740255 253014.9 312
1741076750313 253014.9 313
1741076760373 253014.9 314
1741076770488 253014.9 315
1741076780542 253014.9 316
1741076790594 253014.9 317
1741076800711 253014.9 318
1741076810768 253014.9 319
1741076821163 253014.9 320
1741076831494 253014.9 321
1741076841944 253014.9 322
1741076852349 253014.9 323
1741076862562 253014.9 324
1741076873073 253015.4 325
1741076883136 253015.4 326
1741076893482 253015.4 327
1741076903559 253015.4 328
1741076913628 253015.4 329
1741076923774 253015.4 330
1741076933848 253015.4 331
1741076943898 253015.4 332
1741076954598 253015.4 333
1741076964677 253015.4 334
1741076974736 253015.8 335
1741076984804 253015.8 336
1741076994881 253015.8 337
1741077004937 253015.8 338
1741077015126 253015.8 339
1741077025341 253015.8 340
1741077035601 253015.8 341
1741077045983 253015.8 342
1741077056428 253015.8 343
1741077066863 253015.8 344
1741077077481 253015.8 345
1741077088213 253015.8 346
1741077098722 253015.9 347
1741077109369 253015.9 348
1741077119786 253015.9 349
1741077130450 253015.9 350
1741077141080 253015.9 351
1741077151636 253015.9 352
1741077161756 253015.9 353
1741077171977 253015.9 354
1741077182057 253015.9 355
1741077192183 253015.9 356
1741077202234 253015.9 357
1741077212311 253015.9 358
1741077222422 253016.2 359
1741077232491 253016.2 360
1741077242574 253016.2 361
1741077252722 253016.2 362
1741077262817 253016.2 363
1741077272911 253016.2 364
1741077283049 253016.2 365
1741077293107 253016.2 366
1741077303486 253016.2 367
1741077314190 253016.2 368
1741077324957 253016.2 369
1741077335349 253016.2 370
1741077345952 253016.2 371
1741077356340 253016.2 372
1741077366609 253016.2 373
1741077377064 253016.2 374
1741077387358 253016.2 375
1741077397461 253016.2 376
1741077407566 253016.2 377
1741077417681 253016.2 378
1741077428472 253016.2 379
1741077438615 253016.2 380
1741077448947 253016.2 381
1741077459093 253016.5 382
1741077469145 253016.6 383
1741077479261 253016.6 384
1741077489318 253016.6 385
1741077499424 253016.6 386
1741077509574 253016.6 387
1741077519640 253016.6 388
1741077529691 253016.6 389
1741077540333 253016.6 390
1741077550851 253016.6 391
1741077561222 253016.6 392
1741077571925 253016.6 393
1741077582707 253016.6 394
1741077592977 253016.6 395
1741077603680 253016.6 396
1741077614525 253016.6 397
1741077624580 253016.6 398
1741077634676 253016.6 399
1741077644796 253016.6 400
1741077654892 253016.6 401
1741077665688 253016.6 402
1741077675817 253016.6 403
1741077686274 253016.6 404
1741077696918 253016.6 405
1741077707654 253016.6 406
1741077718350 253017.0 407
1741077728969 253017.0 408
1741077739446 253017.0 409
1741077750105 253017.0 410
1741077760484 253017.0 411
1741077771070 253017.0 412
1741077781692 253017.0 413
1741077792658 253017.0 414
1741077803492 253017.0 415
1741077814399 253017.0 416
1741077824883 253017.0 417
1741077835405 253017.0 418
1741077845840 253017.0 419
1741077855958 253017.0 420
1741077866022 253017.0 421
1741077876102 253017.0 422
1741077886230 253017.0 423
1741077896505 253017.0 424
1741077907445 253017.0 425
1741077917521 253017.0 426
1741077928353 253017.0 427
1741077938452 253017.0 428
1741077949116 253017.0 429
1741077961108 253017.0 430
1741077971839 253017.3 431
1741077982394 253017.3 432
1741077993293 253017.3 433
1741078004095 253017.3 434
1741078014846 253017.3 435
1741078025434 253017.3 436
1741078036179 253017.3 437
1741078046741 253017.3 438
1741078056811 253017.3 439
1741078066891 253017.3 440
1741078076973 253017.3 441
1741078087026 253017.3 442
1741078097101 253017.3 443
1741078107649 253017.4 444
1741078117882 253017.4 445
1741078128723 253017.4 446
1741078139595 253017.4 447
1741078149655 253017.4 448
1741078159754 253017.4 449
1741078169875 253017.4 450
1741078179976 253017.4 451
1741078190084 253017.4 452
1741078200967 253017.4 453
1741078211057 253017.4 454
1741078221138 253017.7 455
1741078231971 253017.7 456
1741078242042 253017.7 457
1741078252115 253017.7 458
1741078262197 253018.3 459
1741078272273 253018.3 460
1741078283151 253018.3 461
1741078294084 253018.3 462
1741078304891 253018.3 463
1741078314967 253018.3 464
1741078325040 253018.3 465
1741078335204 253018.3 466
1741078345351 253018.3 467
1741078355454 253018.3 468
1741078365604 253018.3 469
1741078375669 253018.3 470
1741078385766 253018.3 471
1741078395898 253018.3 472
1741078405997 253018.3 473
1741078416059 253018.3 474
1741078426211 253018.3 475
1741078436271 253018.3 476
1741078446348 253018.3 477
1741078456470 253018.3 478
1741078467408 253018.3 479
1741078477484 253018.3 480
1741078487670 253018.6 481
1741078498822 253018.6 482
1741078509643 253018.6 483
1741078520709 253018.6 484
1741078530834 253018.6 485
1741078540956 253018.6 486
1741078551050 253018.6 487
1741078561184 253018.6 488
1741078571254 253018.6 489
1741078581341 253018.6 490
1741078591850 253018.6 491
1741078601961 253018.6 492
1741078612167 253018.6 493
1741078622292 253018.6 494
1741078632425 253018.6 495
1741078642554 253018.6 496
1741078652730 253018.6 497
1741078662848 253018.6 498
1741078672949 253018.6 499
1741078684274 253018.6 500
1741078694443 253018.6 501
1741078704539 253019.0 502
1741078714642 253019.0 503
1741078724742 253019.0 504
1741078734847 253019.0 505
1741078744899 253019.0 506
1741078755009 253019.0 507
1741078765071 253019.0 508
1741078775147 253019.0 509
1741078785963 253019.0 510
1741078796311 253019.0 511
1741078806437 253019.0 512
1741078816650 253019.0 513
1741078826773 253019.0 514
1741078836882 253019.0 515
1741078847021 253019.0 516
1741078857141 253019.0 517
1741078867251 253019.0 518
1741078877372 253019.0 519
1741078887487 253019.4 520
1741078897610 253019.4 521
1741078907722 253019.4 522
1741078917836 253019.4 523
1741078927945 253019.4 524
1741078938065 253019.4 525
1741078948183 253019.4 526
1741078958269 253019.4 527
1741078968384 253019.4 528
1741078978500 253019.4 529
1741078988606 253019.4 530
1741078998711 253019.4 531
1741079008838 253019.4 532
1741079018977 253019.4 533
1741079029088 253019.4 534
1741079039192 253019.4 535
1741079049292 253019.4 536
1741079059401 253019.4 537
1741079069908 253019.8 538
1741079080027 253019.8 539
1741079090882 253019.8 540
1741079101009 253019.8 541
1741079111148 253019.8 542
1741079121454 253019.8 543
1741079131583 253019.8 544
1741079141716 253019.8 545
1741079152084 253019.8 546
1741079162234 253019.8 547
1741079172341 253019.8 548
1741079182498 253019.8 549
1741079192627 253019.8 550
1741079202754 253019.8 551
1741079212957 253019.8 552
1741079223244 253019.8 553
1741079233358 253019.8 554
1741079243481 253019.8 555
1741079253602 253020.1 556
1741079263764 253020.1 557
1741079273893 253020.1 558
1741079284011 253020.1 559
1741079294266 253020.1 560
1741079304497 253020.1 561
1741079314840 253020.1 562
1741079325230 253020.1 563
1741079335551 253020.1 564
1741079345928 253020.1 565
1741079356240 253020.1 566
1741079366675 253020.1 567
1741079377062 253020.1 568
1741079387187 253020.1 569
1741079397528 253020.1 570
1741079407927 253020.1 571
1741079418404 253020.1 572
1741079428553 253020.1 573
1741079438677 253020.5 574
1741079448819 253020.5 575
1741079459060 253020.5 576
1741079469177 253020.5 577
1741079479347 253020.5 578
1741079489508 253020.5 579
1741079499800 253020.5 580
1741079510325 253020.5 581
1741079520737 253020.5 582
1741079531320 253020.5 583
1741079542091 253020.5 584
1741079552707 253020.5 585
1741079562958 253020.5 586
1741079573372 253020.5 587
1741079584115 253020.5 588
1741079594581 253020.5 589
1741079604981 253020.5 590
1741079615107 253020.5 591
1741079625488 253020.9 592
1741079635800 253021.4 593
1741079646017 253021.4 594
1741079656517 253021.4 595
1741079666759 253021.4 596
1741079677093 253021.4 597
1741079687524 253021.4 598
1741079698078 253021.4 599
1741079708517 253021.4 600
1741079718996 253021.4 601
1741079729684 253021.4 602
1741079740466 253021.4 603
1741079750981 253021.4 604
1741079761364 253021.4 605
1741079772190 253021.4 606
1741079782927 253021.4 607
1741079793548 253021.4 608
1741079803692 253021.4 609
1741079814401 253021.8 610
1741079824957 253021.8 611
1741079835257 253021.8 612
1741079845631 253021.8 613
1741079856006 253021.8 614
1741079866571 253021.8 615
1741079877102 253021.8 616
1741079887617 253021.8 617
1741079898096 253021.8 618
1741079908699 253021.8 619
1741079919468 253021.8 620
1741079930100 253021.8 621
1741079940691 253021.8 622
1741079951078 253021.8 623
1741079961180 253021.8 624
1741079971456 253021.8 625
1741079981562 253021.8 626
1741079991733 253021.8 627
1741080001847 253022.1 628
1741080011945 253022.1 629
1741080022058 253022.1 630
1741080032280 253022.1 631
1741080042906 253022.1 632
1741080053431 253022.1 633
1741080064167 253022.1 634
1741080074828 253022.1 635
1741080085364 253022.1 636
1741080095472 253022.1 637
1741080105580 253022.1 638
1741080115695 253022.1 639
1741080126507 253022.1 640
1741080137155 253022.1 641
1741080147266 253022.1 642
1741080158119 253022.1 643
1741080168225 253022.1 644
1741080178469 253022.1 645
1741080188594 253022.1 646
1741080198727 253022.5 647
1741080208900 253022.5 648
1741080219467 253022.5 649
1741080230169 253022.5 650
1741080241115 253022.5 651
1741080251812 253022.5 652
1741080262440 253022.5 653
1741080273283 253022.5 654
1741080284264 253022.5 655
1741080295114 253022.5 656
1741080305986 253022.5 657
1741080316826 253022.5 658
1741080326944 253022.5 659
1741080337043 253022.5 660
1741080347142 253022.5 661
1741080357239 253022.5 662
1741080367561 253022.5 663
1741080377664 253022.5 664
1741080387790 253022.5 665
1741080397883 253022.9 666
1741080407980 253022.9 667
1741080418399 253022.9 668
1741080429198 253022.9 669
1741080440210 253022.9 670
1741080450869 253022.9 671
1741080461565 253022.9 672
1741080472578 253022.9 673
1741080483418 253022.9 674
1741080494379 253022.9 675
1741080505305 253022.9 676
1741080516093 253022.9 677
1741080526913 253022.9 678
1741080537735 253022.9 679
1741080547841 253022.9 680
1741080557955 253022.9 681
1741080568433 253022.9 682
1741080578740 253022.9 683
1741080588883 253022.9 684
1741080599223 253023.2 685
1741080610082 253023.2 686
1741080620151 253023.2 687
1741080630565 253023.3 688
1741080640976 253023.3 689
1741080651076 253023.3 690
1741080661163 253023.3 691
1741080672710 253023.3 692
1741080682861 253023.3 693
1741080693461 253023.3 694
1741080703539 253023.3 695
1741080713953 253023.3 696
1741080724063 253023.3 697
1741080734891 253023.3 698
1741080745036 253023.3 699
1741080755614 253023.3 700
1741080765702 253023.3 701
1741080775867 253023.3 702
1741080788267 253023.3 703
1741080798383 253023.3 704
1741080808620 253023.3 705
1741080818756 253023.3 706
1741080829351 253023.3 707
1741080840621 253023.3 708
1741080850767 253023.3 709
1741080862722 253023.3 710
1741080872784 253023.6 711
1741080883091 253023.6 712
1741080893254 253023.6 713
1741080903339 253023.6 714
1741080913421 253023.6 715
1741080923605 253023.6 716
1741080933695 253023.6 717
1741080945030 253023.6 718
1741080955517 253023.6 719
1741080965570 253023.6 720
1741080975637 253023.6 721
1741080985833 253023.6 722
1741080996420 253023.6 723
1741081006516 253023.6 724
1741081016919 253023.6 725
1741081027002 253023.6 726
1741081037628 253024.2 727
1741081047781 253024.2 728
1741081058892 253024.2 729
1741081069011 253024.2 730
1741081079645 253024.2 731
1741081089837 253024.2 732
1741081099944 253024.2 733
1741081110336 253024.2 734
1741081120514 253024.2 735
1741081130751 253024.2 736
1741081140856 253024.2 737
1741081151024 253024.2 738
1741081161125 253024.6 739
1741081171465 253024.6 740
1741081181619 253024.6 741
1741081191702 253024.6 742
1741081201778 253024.6 743
1741081212244 253024.6 744
1741081222313 253024.6 745
1741081232747 253024.6 746
1741081242921 253024.6 747
1741081252995 253024.6 748
1741081263075 253024.6 749
1741081273953 253024.6 750
1741081284117 253024.6 751
1741081294839 253024.6 752
1741081304953 253024.6 753
1741081316297 253024.6 754
1741081326403 253024.6 755
1741081337968 253024.6 756
1741081348128 253024.6 757
1741081359541 253024.6 758
1741081369623 253024.6 759
1741081380671 253024.6 760
1741081391390 253024.6 761
1741081401478 253024.6 762
1741081411691 253024.6 763
1741081422859 253024.6 764
1741081434353 253024.6 765
1741081444467 253024.6 766
1741081454577 253024.6 767
1741081464894 253024.9 768
1741081474998 253024.9 769
1741081485984 253024.9 770
1741081496126 253024.9 771
1741081506846 253024.9 772
1741081516941 253024.9 773
1741081528305 253024.9 774
1741081538426 253024.9 775
1741081548693 253024.9 776
1741081558792 253024.9 777
1741081569265 253024.9 778
1741081579321 253024.9 779
1741081590381 253024.9 780
1741081600512 253024.9 781
1741081611638 253024.9 782
1741081621761 253024.9 783
1741081632964 253024.9 784
1741081643056 253024.9 785
1741081653918 253024.9 786
1741081664007 253024.9 787
1741081675170 253024.9 788
1741081688133 253024.9 789
1741081698202 253024.9 790
1741081708960 253024.9 791
1741081719059 253024.9 792
1741081729680 253024.9 793
1741081740919 253024.9 794
1741081751156 253024.9 795
1741081763092 253024.9 796
1741081773189 253016.9 797
1741081783734 253016.9 798
1741081793817 253016.9 799
1741081803995 253016.9 800
1741081814138 253016.9 801
1741081824515 253016.9 802
1741081834621 253016.9 803
1741081845683 253016.9 804
1741081855823 253016.9 805
1741081866352 253016.9 806
1741081876420 253016.9 807
1741081886576 253016.9 808
1741081897136 253016.9 809
1741081907214 253016.9 810
1741081918640 253016.9 811
1741081928731 253016.9 812
1741081939554 253016.9 813
1741081949659 253016.9 814
1741081961054 253016.9 815
1741081971173 253016.9 816
1741081982582 253016.9 817
1741081992722 253016.9 818
1741082003947 253016.9 819
1741082014032 253016.9 820
1741082024640 253016.9 821
1741082034739 253016.9 822
1741082045654 253016.9 823
1741082056123 253016.9 824
1741082068852 253016.9 825
1741082078948 253017.3 826
1741082089679 253017.3 827
1741082099833 253017.3 828
1741082110590 253017.3 829
1741082120740 253017.3 830
1741082132030 253017.3 831
1741082142174 253017.3 832
1741082153523 253017.3 833
1741082163612 253017.3 834
1741082174765 253017.3 835
1741082184840 253017.3 836
1741082195925 253017.3 837
1741082206054 253017.3 838
1741082217536 253017.3 839
1741082227627 253017.3 840
1741082238326 253017.3 841
1741082248477 253017.3 842
1741082259570 253017.3 843
1741082269674 253017.3 844
1741082280489 253017.3 845
1741082290761 253017.3 846
1741082301114 253017.3 847
1741082311197 253017.3 848
1741082321368 253017.3 849
1741082332257 253017.3 850
1741082342355 253017.3 851
1741082353753 253017.3 852
1741082364086 253017.3 853
1741082376934 253017.3 854
1741082387011 253017.7 855
1741082398597 253017.7 856
1741082408722 253017.7 857
1741082420119 253017.7 858
1741082430296 253017.7 859
1741082441265 253017.7 860
1741082451366 253017.7 861
1741082461442 253017.7 862
1741082471784 253017.7 863
1741082481871 253018.2 864
1741082492488 253018.2 865
1741082502648 253018.2 866
1741082513988 253018.2 867
1741082524086 253018.2 868
1741082534204 253018.2 869
1741082545000 253018.2 870
1741082555108 253018.2 871
1741082566805 253018.2 872
1741082576961 253018.2 873
1741082587077 253018.2 874
1741082597868 253018.2 875
1741082608024 253018.2 876
1741082618087 253018.2 877
1741082628155 253018.2 878
1741082639880 253018.2 879
1741082649952 253018.2 880
1741082661228 253018.2 881
1741082671383 253018.2 882
1741082681651 253018.2 883
1741082691765 253018.5 884
1741082701837 253018.6 885
1741082712594 253018.6 886
1741082722699 253018.6 887
1741082733047 253018.6 888
1741082743184 253018.6 889
1741082754122 253018.6 890
1741082764223 253018.6 891
1741082775315 253018.6 892
1741082785411 253018.6 893
1741082796037 253018.6 894
1741082806130 253018.6 895
1741082817223 253018.6 896
1741082827335 253018.6 897
1741082837440 253018.6 898
1741082848572 253018.6 899
1741082858678 253018.6 900
1741082870236 253018.6 901
1741082880366 253018.6 902
1741082891861 253018.6 903
1741082901986 253018.6 904
1741082912093 253018.6 905
1741082923147 253018.6 906
1741082933280 253018.6 907
1741082943367 253018.6 908
1741082953905 253018.6 909
1741082964026 253018.6 910
1741082974132 253018.6 911
1741082985224 253018.6 912
1741082995299 253018.6 913
1741083005415 253019.0 914
1741083015718 253019.0 915
1741083025785 253019.0 916
1741083036526 253019.0 917
1741083046914 253019.0 918
1741083057005 253019.0 919
1741083067071 253019.0 920
1741083077219 253019.0 921
1741083088553 253019.0 922
1741083098594 253019.0 923
1741083108758 253019.0 924
1741083118854 253019.0 925
1741083129767 253019.0 926
1741083139918 253019.0 927
1741083149984 253019.0 928
1741083161249 253019.0 929
1741083171375 253019.0 930
1741083182025 253019.0 931
1741083192429 253019.0 932
1741083203115 253019.0 933
1741083214000 253019.0 934
1741083225266 253019.0 935
1741083235432 253019.0 936
1741083245908 253019.4 937
1741083256082 253019.4 938
1741083266226 253019.4 939
1741083277323 253019.4 940
1741083287402 253019.4 941
1741083297534 253019.4 942
1741083308657 253019.4 943
1741083318869 253019.4 944
1741083328949 253019.4 945
1741083340625 253019.4 946
1741083350791 253019.4 947
1741083362312 253019.4 948
1741083372439 253019.4 949
1741083382612 253019.4 950
1741083394172 253019.4 951
1741083404314 253019.4 952
1741083414360 253019.4 953
1741083425470 253019.4 954
1741083435552 253019.4 955
1741083446753 253019.4 956
1741083458061 253019.4 957
1741083468173 253019.4 958
1741083478249 253019.4 959
1741083488413 253019.4 960
1741083499062 253019.4 961
1741083509181 253019.4 962
1741083519281 253019.4 963
1741083529986 253019.7 964
1741083540247 253019.7 965
1741083551312 253019.7 966
1741083561719 253019.7 967
1741083571797 253019.7 968
1741083581931 253019.7 969
