1741073580425 0.0 0
1741073590464 0.6090669999998681 1
1741073600494 5.339633999999933 2
1741073610522 7.384119999999712 3
1741073620553 7.437449000000015 4
1741073630592 8.793920999999955 5
1741073640633 9.285168999999769 6
1741073650680 10.213874999999916 7
1741073660724 12.259947000000011 8
1741073670816 13.168153999999959 9
1741073680855 14.236687999999958 10
1741073690900 15.044312999999875 11
1741073700946 16.106202999999823 12
1741073710997 17.611597999999958 13
1741073721042 18.39788099999987 14
1741073731141 19.458752000000004 15
1741073741195 20.492533000000094 16
1741073751233 22.07186499999989 17
1741073761265 22.583082000000104 18
1741073771322 24.45836999999983 19
1741073781375 26.921739999999772 20
1741073791463 27.81569300000001 21
1741073801522 28.572867999999744 22
1741073811573 29.1942939999999 23
1741073821622 30.03033800000003 24
1741073831682 30.803074999999808 25
1741073841742 31.33785799999987 26
1741073851832 32.260589999999866 27
1741073862035 33.407766999999694 28
1741073872100 34.117623000000094 29
1741073882619 34.868283999999676 30
1741073892684 35.73218700000007 31
1741073902750 35.76541599999973 32
1741073912852 37.068694999999934 33
1741073922922 37.29548299999988 34
1741073932993 37.88051399999995 35
1741073943039 39.40892399999984 36
1741073953117 41.23520899999994 37
1741073963194 41.86280799999986 38
1741073973288 42.45776599999999 39
1741073983350 43.706059000000096 40
1741073993432 44.70638999999983 41
1741074003477 45.47182100000009 42
1741074013536 46.53016600000001 43
1741074023868 50.099013000000014 44
1741074033983 56.972158000000036 45
1741074044032 58.6084179999998 46
1741074054086 58.66901199999984 47
1741074064155 59.54626899999994 48
1741074074433 60.807914999999866 49
1741074084476 62.38620399999991 50
1741074094651 62.56412300000011 51
1741074105002 63.36282200000005 52
1741074115082 63.532718999999815 53
1741074125142 63.62787299999991 54
1741074135205 63.711197000000084 55
1741074145510 63.76640099999986 56
1741074155649 65.66451499999994 57
1741074165757 68.70800899999995 58
1741074175796 69.44723999999997 59
1741074185848 71.27999899999986 60
1741074195937 71.87331799999993 61
1741074205985 72.53211599999986 62
1741074216063 72.68760699999984 63
1741074226203 75.1974809999997 64
1741074236271 75.35972700000002 65
1741074246360 75.47608799999989 66
1741074256501 75.51940999999988 67
1741074266568 75.53948700000001 68
1741074276605 75.55551799999967 69
1741074286707 75.57554499999969 70
1741074296786 75.60568400000011 71
1741074306834 75.62676699999975 72
1741074316935 75.77676100000008 73
1741074326996 76.05910700000004 74
1741074337068 76.09879099999989 75
1741074347152 76.13099499999998 76
1741074357200 76.53338499999973 77
1741074367260 76.74839699999984 78
1741074377393 77.19588399999975 79
1741074387444 77.42706499999986 80
1741074397573 77.48452799999995 81
1741074407672 77.52285600000005 82
1741074417712 80.29242900000008 83
1741074428067 99.75824899999998 84
1741074438172 101.34823599999982 85
1741074448241 102.47154300000011 86
1741074458304 102.73044299999992 87
1741074469074 102.848927 88
1741074479145 102.90079999999989 89
1741074489209 104.54461399999991 90
1741074499314 108.8862879999997 91
1741074509580 109.0414539999997 92
1741074519650 109.61547599999994 93
1741074529762 109.73133899999993 94
1741074539826 110.45770300000004 95
1741074549889 112.2948080000001 96
1741074559982 114.6170790000001 97
1741074570061 116.41278299999976 98
1741074580119 118.06123900000011 99
1741074590201 118.59151599999996 100
1741074600246 119.68103599999995 101
1741074610299 119.75972700000011 102
1741074620394 119.9989270000001 103
1741074630452 120.32276599999977 104
1741074640516 120.43513799999982 105
1741074650615 120.46373099999983 106
1741074660677 120.50113499999998 107
1741074670731 120.55672099999992 108
1741074680860 121.32635200000004 109
1741074691222 123.92043299999978 110
1741074701288 124.79438600000003 111
1741074711348 125.10719900000004 112
1741074721497 126.03539099999989 113
1741074731562 126.09213999999974 114
1741074741628 136.25392599999986 115
1741074751753 141.51518399999986 116
1741074761801 150.4462169999997 117
1741074772154 151.6877300000001 118
1741074782231 154.82881899999984 119
1741074792316 156.17716399999972 120
1741074802397 157.65140199999996 121
1741074812490 158.56001199999992 122
1741074822573 160.01562999999987 123
1741074832635 161.42124699999977 124
1741074842732 161.47732899999983 125
1741074852802 161.6194919999998 126
1741074862861 161.6352569999999 127
1741074872996 161.7277899999999 128
1741074883070 162.83273400000007 129
1741074893567 163.01058699999976 130
1741074903624 165.34240899999986 131
1741074913692 167.42513699999972 132
1741074923756 167.44379200000003 133
1741074933874 167.5961809999999 134
1741074943943 168.48290599999973 135
1741074953999 182.16443600000002 136
1741074964054 193.40829299999996 137
1741074974110 198.22294899999997 138
1741074984429 203.52039399999967 139
1741074994575 203.5694209999997 140
1741075004627 203.66293099999984 141
1741075014682 203.71912699999984 142
1741075024771 205.64055000000008 143
1741075034824 215.2093500000001 144
1741075044895 222.928222 145
1741075054999 224.48498100000006 146
1741075065046 226.1721749999997 147
1741075075122 227.00438600000007 148
1741075085209 227.02613399999973 149
1741075095282 227.270305 150
1741075105365 227.28987800000004 151
1741075115910 227.54938599999969 152
1741075126306 227.60142399999995 153
1741075136431 227.63242599999967 154
1741075146484 227.66915199999994 155
1741075156555 227.93356700000004 156
1741075166593 228.04230000000007 157
1741075176881 228.39696699999968 158
1741075186941 230.0330899999999 159
1741075197011 260.1569589999999 160
1741075207064 296.08265299999994 161
1741075217130 326.93414299999995 162
1741075227186 333.26303800000005 163
1741075237251 333.73020799999995 164
1741075247488 334.72025600000006 165
1741075257785 335.615417 166
1741075268185 335.75968999999986 167
1741075278372 335.8020469999997 168
1741075288426 335.843159 169
1741075298479 335.885084 170
1741075308616 336.40253299999995 171
1741075318672 338.0669389999998 172
1741075328716 338.10114599999997 173
1741075338904 338.192235 174
1741075348990 338.4871629999998 175
1741075359058 338.6534569999999 176
1741075369103 341.34425299999975 177
1741075379154 341.8489489999997 178
1741075389262 342.44985700000007 179
1741075399310 343.46818099999973 180
1741075409849 344.34133699999984 181
1741075419977 346.42840799999976 182
1741075430033 346.51830500000005 183
1741075440114 346.54566399999976 184
1741075450257 346.58459700000003 185
1741075460322 346.85867599999983 186
1741075470595 347.0145480000001 187
1741075480742 349.9446680000001 188
1741075490789 350.15104199999996 189
1741075500841 350.36586499999976 190
1741075510981 350.39356199999975 191
1741075521054 354.6563430000001 192
1741075531133 355.9349269999998 193
1741075542003 357.5150429999999 194
1741075552065 359.10372000000007 195
1741075562138 361.30161599999974 196
1741075572238 362.9460429999999 197
1741075582338 364.48060499999974 198
1741075592725 366.17299 199
1741075602770 367.611214 200
1741075612875 368.77960200000007 201
1741075622939 371.20900299999994 202
1741075632992 372.8722009999997 203
1741075643038 373.8762609999999 204
1741075653142 377.482078 205
1741075663183 377.56705299999976 206
1741075673220 377.611531 207
1741075683337 378.351866 208
1741075693907 379.37002200000006 209
1741075704014 380.6566049999997 210
1741075714119 381.3933219999999 211
1741075724269 383.783594 212
1741075734364 384.5465260000001 213
1741075744405 385.6028809999998 214
1741075754464 386.36604799999986 215
1741075764512 388.54139699999996 216
1741075774575 389.5402939999999 217
1741075784638 390.40360499999997 218
1741075794750 391.49043200000006 219
1741075804797 392.7774099999997 220
1741075814869 395.90814999999975 221
1741075825026 399.8494069999997 222
1741075835652 401.5496909999997 223
1741075845723 403.11023699999987 224
1741075855839 404.26267000000007 225
1741075865892 405.37790799999993 226
1741075875959 405.70115899999973 227
1741075886056 405.88384700000006 228
1741075896106 405.97178799999983 229
1741075906160 405.9947910000001 230
1741075916802 406.0201939999997 231
1741075926874 406.0733559999999 232
1741075936934 406.1808299999998 233
1741075947465 414.428214 234
1741075958033 423.03936999999996 235
1741075968530 431.6988819999997 236
1741075978891 432.280714 237
1741075989160 435.967228 238
1741075999275 435.99874199999977 239
1741076009326 436.7387249999997 240
1741076019430 437.05459500000006 241
1741076029487 437.1115789999999 242
1741076039551 437.32462799999985 243
1741076050300 437.458619 244
1741076060352 450.132615 245
1741076070399 450.370531 246
1741076080521 450.56932000000006 247
1741076090573 450.6357479999997 248
1741076100637 450.86065599999984 249
1741076110767 455.5360919999998 250
1741076120838 456.4475789999997 251
1741076130924 456.46399699999984 252
1741076141068 456.53635399999985 253
1741076151141 461.9758469999997 254
1741076161242 462.6354369999999 255
1741076171355 462.84039600000006 256
1741076181415 465.14728799999966 257
1741076191472 467.77329699999973 258
1741076201740 470.29563899999994 259
1741076212214 470.351502 260
1741076222361 470.8307799999998 261
1741076232495 470.9544179999998 262
1741076242571 471.4353879999999 263
1741076252646 474.09362299999975 264
1741076262792 479.0097579999997 265
1741076272869 480.679631 266
1741076282922 480.7055529999998 267
1741076293022 480.75222099999974 268
1741076303107 491.72744299999977 269
1741076313178 492.530714 270
1741076323304 493.2583850000001 271
1741076333368 494.14298099999996 272
1741076343443 494.9600029999997 273
1741076353542 497.03914099999974 274
1741076363622 498.44750999999997 275
1741076373703 500.4267679999998 276
1741076383777 500.4594509999997 277
1741076393844 500.4804039999999 278
1741076403904 505.7817799999998 279
1741076414054 505.8048140000001 280
1741076424195 506.98330899999974 281
1741076434251 513.7450859999999 282
1741076444310 518.3303849999998 283
1741076454668 522.6083039999999 284
1741076464775 527.2100609999998 285
1741076474813 532.1953679999997 286
1741076484992 538.250031 287
1741076495090 543.5878359999997 288
1741076505175 548.1064969999998 289
1741076515300 551.8467909999999 290
1741076525377 555.9947099999999 291
1741076535443 560.0933449999998 292
1741076545617 564.7479249999997 293
1741076555898 567.2116259999998 294
1741076565968 567.8818769999998 295
1741076576151 568.9113309999998 296
1741076586541 571.482356 297
1741076597053 572.4931079999997 298
1741076607148 574.8216130000001 299
1741076617337 574.8616669999997 300
1741076627470 577.6562939999999 301
1741076637777 580.8164959999999 302
1741076648149 583.8656430000001 303
1741076658213 589.178758 304
1741076668329 593.7918169999998 305
1741076678403 595.4121649999997 306
1741076688750 595.4412549999997 307
1741076698890 595.9882889999999 308
1741076708956 598.9690149999997 309
1741076719175 600.060144 310
1741076729778 604.8877629999997 311
1741076740255 610.0613089999997 312
1741076750313 614.3422310000001 313
1741076760373 617.2651989999999 314
1741076770488 624.7720399999998 315
1741076780542 635.4547669999997 316
1741076790594 643.4551710000001 317
1741076800711 651.708087 318
1741076810768 654.5509259999999 319
1741076821163 654.5906030000001 320
1741076831494 662.1026830000001 321
1741076841944 662.7285489999999 322
1741076852349 663.6167109999997 323
1741076862562 665.0977800000001 324
1741076873073 667.2432020000001 325
1741076883136 667.310211 326
1741076893482 667.329225 327
1741076903559 667.3421359999998 328
1741076913628 670.41752 329
1741076923774 674.8122679999997 330
1741076933848 676.4522849999998 331
1741076943898 676.5081249999998 332
1741076954598 676.5790750000001 333
1741076964677 681.136806 334
1741076974736 683.1589819999999 335
1741076984804 683.1785259999997 336
1741076994881 685.5945059999999 337
1741077004937 688.4743939999998 338
1741077015126 688.5100619999998 339
1741077025341 692.5622159999998 340
1741077035601 693.8250749999997 341
1741077045983 693.8350350000001 342
1741077056428 693.8562029999998 343
1741077066863 693.873165 344
1741077077481 698.0184789999998 345
1741077088213 699.6540660000001 346
1741077098722 700.7485059999999 347
1741077109369 701.9348869999999 348
1741077119786 702.798749 349
1741077130450 702.8474940000001 350
1741077141080 707.7276689999999 351
1741077151636 707.7639989999998 352
1741077161756 709.96416 353
1741077171977 710.514604 354
1741077182057 714.8748949999999 355
1741077192183 725.6545579999997 356
1741077202234 729.242565 357
1741077212311 729.3607769999999 358
1741077222422 732.7668839999997 359
1741077232491 734.0003879999999 360
1741077242574 734.097698 361
1741077252722 735.233929 362
1741077262817 735.3307479999999 363
1741077272911 735.3997179999997 364
1741077283049 742.855841 365
1741077293107 746.4116059999997 366
1741077303486 749.8051019999998 367
1741077314190 752.41131 368
1741077324957 753.637463 369
1741077335349 755.1562909999998 370
1741077345952 755.8649439999999 371
1741077356340 756.5520419999998 372
1741077366609 757.9107100000001 373
1741077377064 758.9139639999999 374
1741077387358 759.9391259999998 375
1741077397461 761.6407669999999 376
1741077407566 762.8863510000001 377
1741077417681 763.4742470000001 378
1741077428472 764.0217399999997 379
1741077438615 764.6968189999998 380
1741077448947 766.072572 381
1741077459093 766.8364339999998 382
1741077469145 773.0832329999998 383
1741077479261 775.3681729999998 384
1741077489318 776.0998930000001 385
1741077499424 778.2034759999997 386
1741077509574 779.5382259999997 387
1741077519640 781.004809 388
1741077529691 782.5537009999998 389
1741077540333 783.5797349999998 390
1741077550851 784.9656139999997 391
1741077561222 784.9720859999998 392
1741077571925 784.989337 393
1741077582707 786.584899 394
1741077592977 790.15164 395
1741077603680 794.3065569999999 396
1741077614525 796.5276180000001 397
1741077624580 802.0346169999998 398
1741077634676 815.6088609999997 399
1741077644796 820.4299860000001 400
1741077654892 822.8911989999997 401
1741077665688 822.9127789999998 402
1741077675817 824.0078960000001 403
1741077686274 825.6392599999999 404
1741077696918 828.751906 405
1741077707654 830.1934819999997 406
1741077718350 830.9921770000001 407
1741077728969 834.1769839999997 408
1741077739446 834.2064799999998 409
1741077750105 834.2336449999998 410
1741077760484 837.3522739999999 411
1741077771070 842.608115 412
1741077781692 844.4036679999999 413
1741077792658 846.8282909999998 414
1741077803492 847.920185 415
1741077814399 848.705637 416
1741077824883 850.768423 417
1741077835405 854.341128 418
1741077845840 856.2395189999997 419
1741077855958 861.8291380000001 420
1741077866022 861.852038 421
1741077876102 862.0504969999997 422
1741077886230 874.21351 423
1741077896505 876.9534389999999 424
1741077907445 876.9672740000001 425
1741077917521 877.8005129999997 426
1741077928353 878.0888249999998 427
1741077938452 884.648009 428
1741077949116 885.6180159999999 429
1741077961108 894.0704149999997 430
1741077971839 895.747969 431
1741077982394 897.138766 432
1741077993293 898.228192 433
1741078004095 899.0895849999997 434
1741078014846 900.797215 435
1741078025434 903.915724 436
1741078036179 904.7505999999998 437
1741078046741 907.4045619999997 438
1741078056811 910.2427149999999 439
1741078066891 910.8355619999998 440
1741078076973 913.4815840000001 441
1741078087026 913.9468539999998 442
1741078097101 918.4390229999999 443
1741078107649 928.8020309999997 444
1741078117882 932.7546379999999 445
1741078128723 932.7983409999997 446
1741078139595 932.9015890000001 447
1741078149655 934.418502 448
1741078159754 934.451286 449
1741078169875 935.8117779999998 450
1741078179976 938.981338 451
1741078190084 940.5860939999998 452
1741078200967 948.1011679999997 453
1741078211057 952.9538419999999 454
1741078221138 961.6536120000001 455
1741078231971 963.5738309999997 456
1741078242042 969.6488300000001 457
1741078252115 974.031293 458
1741078262197 975.2725009999999 459
1741078272273 979.6073729999998 460
1741078283151 980.9278879999997 461
1741078294084 991.80897 462
1741078304891 995.8447499999997 463
1741078314967 997.9455669999998 464
1741078325040 1000.7411320000001 465
1741078335204 1002.0960660000001 466
1741078345351 1003.2688399999997 467
1741078355454 1004.044586 468
1741078365604 1004.8781180000001 469
1741078375669 1005.8386209999999 470
1741078385766 1005.8911129999997 471
1741078395898 1008.30132 472
1741078405997 1010.7713839999997 473
1741078416059 1011.493821 474
1741078426211 1014.5804069999999 475
1741078436271 1015.4811340000001 476
1741078446348 1019.1762920000001 477
1741078456470 1021.5117029999997 478
1741078467408 1022.279939 479
1741078477484 1022.3040259999998 480
1741078487670 1025.833439 481
1741078498822 1033.4078559999998 482
1741078509643 1034.021354 483
1741078520709 1036.0688949999999 484
1741078530834 1039.107019 485
1741078540956 1040.108194 486
1741078551050 1040.6309179999998 487
1741078561184 1043.212676 488
1741078571254 1044.827471 489
1741078581341 1047.911697 490
1741078591850 1049.8014559999997 491
1741078601961 1051.758562 492
1741078612167 1054.1238309999999 493
1741078622292 1054.7939969999998 494
1741078632425 1056.0119829999999 495
1741078642554 1057.4032109999998 496
1741078652730 1057.4262199999998 497
1741078662848 1057.438025 498
1741078672949 1057.4496529999997 499
1741078684274 1057.475301 500
1741078694443 1057.501922 501
1741078704539 1061.4317699999997 502
1741078714642 1061.790478 503
1741078724742 1063.58468 504
1741078734847 1066.643122 505
1741078744899 1070.852014 506
1741078755009 1073.0559589999998 507
1741078765071 1075.378584 508
1741078775147 1076.5875729999998 509
1741078785963 1077.4075859999998 510
1741078796311 1078.1715789999998 511
1741078806437 1078.213037 512
1741078816650 1078.2672899999998 513
1741078826773 1078.2986029999997 514
1741078836882 1078.3215989999999 515
1741078847021 1078.468629 516
1741078857141 1081.46508 517
1741078867251 1081.916169 518
1741078877372 1082.3537999999999 519
1741078887487 1083.8638699999997 520
1741078897610 1084.5814329999998 521
1741078907722 1084.6611309999998 522
1741078917836 1084.7490309999998 523
1741078927945 1084.778953 524
1741078938065 1088.458483 525
1741078948183 1089.2001089999999 526
1741078958269 1089.854945 527
1741078968384 1090.467951 528
1741078978500 1091.7808129999999 529
1741078988606 1092.6087549999997 530
1741078998711 1093.3840569999998 531
1741079008838 1093.952445 532
1741079018977 1095.761547 533
1741079029088 1095.786729 534
1741079039192 1095.8778589999997 535
1741079049292 1095.9144969999998 536
1741079059401 1095.964877 537
1741079069908 1095.995836 538
1741079080027 1098.3338789999998 539
1741079090882 1098.3639979999998 540
1741079101009 1098.484511 541
1741079111148 1100.217947 542
1741079121454 1100.881567 543
1741079131583 1100.947689 544
1741079141716 1102.0065759999998 545
1741079152084 1102.076782 546
1741079162234 1102.133754 547
1741079172341 1102.1997099999999 548
1741079182498 1102.228055 549
1741079192627 1102.2518289999998 550
1741079202754 1104.967599 551
1741079212957 1105.6103779999999 552
1741079223244 1106.956295 553
1741079233358 1106.989399 554
1741079243481 1107.0122729999998 555
1741079253602 1107.030455 556
1741079263764 1108.556274 557
1741079273893 1110.066292 558
1741079284011 1110.777004 559
1741079294266 1120.8440019999998 560
1741079304497 1140.274563 561
1741079314840 1140.452824 562
1741079325230 1143.676059 563
1741079335551 1155.204251 564
1741079345928 1160.825054 565
1741079356240 1170.3398189999998 566
1741079366675 1172.7713749999998 567
1741079377062 1173.818601 568
1741079387187 1175.0307749999997 569
1741079397528 1175.9938699999998 570
1741079407927 1176.805425 571
1741079418404 1181.581146 572
1741079428553 1188.2185719999998 573
1741079438677 1190.194351 574
1741079448819 1192.700769 575
1741079459060 1192.882286 576
1741079469177 1193.0147539999998 577
1741079479347 1195.077942 578
1741079489508 1201.4372089999997 579
1741079499800 1201.457982 580
1741079510325 1201.484395 581
1741079520737 1204.9491519999997 582
1741079531320 1206.9989809999997 583
1741079542091 1208.2144559999997 584
1741079552707 1209.108858 585
1741079562958 1209.1326529999997 586
1741079573372 1209.2410919999998 587
1741079584115 1209.306673 588
1741079594581 1209.3529989999997 589
1741079604981 1209.382744 590
1741079615107 1214.4924609999998 591
1741079625488 1215.4419509999998 592
1741079635800 1215.4769179999998 593
1741079646017 1215.590863 594
1741079656517 1215.685872 595
1741079666759 1217.7828369999997 596
1741079677093 1218.9332709999999 597
1741079687524 1220.357254 598
1741079698078 1221.1866259999997 599
1741079708517 1222.820717 600
1741079718996 1223.928151 601
1741079729684 1227.5148169999998 602
1741079740466 1230.000688 603
1741079750981 1233.7508829999997 604
1741079761364 1241.1917759999997 605
1741079772190 1244.670592 606
1741079782927 1248.6228849999998 607
1741079793548 1251.5146529999997 608
1741079803692 1253.72838 609
1741079814401 1254.8735899999997 610
1741079824957 1255.8499419999998 611
1741079835257 1259.7518959999998 612
1741079845631 1264.267166 613
1741079856006 1266.6029389999999 614
1741079866571 1275.2910349999997 615
1741079877102 1280.9825259999998 616
1741079887617 1284.1400479999998 617
1741079898096 1285.723329 618
1741079908699 1286.73688 619
1741079919468 1287.428457 620
1741079930100 1287.560175 621
1741079940691 1293.377063 622
1741079951078 1295.9480989999997 623
1741079961180 1296.7901269999998 624
1741079971456 1306.5664379999998 625
1741079981562 1307.294676 626
1741079991733 1308.0933599999998 627
1741080001847 1308.696078 628
1741080011945 1311.4975179999997 629
1741080022058 1314.8788839999997 630
1741080032280 1315.761931 631
1741080042906 1317.162968 632
1741080053431 1318.4633719999997 633
1741080064167 1318.600935 634
1741080074828 1319.0405099999998 635
1741080085364 1319.0617229999998 636
1741080095472 1321.085552 637
1741080105580 1321.8024329999998 638
1741080115695 1325.149031 639
1741080126507 1325.954072 640
1741080137155 1326.5975979999998 641
1741080147266 1329.889165 642
1741080158119 1334.8404769999997 643
1741080168225 1335.912903 644
1741080178469 1336.0603649999998 645
1741080188594 1336.1154309999997 646
1741080198727 1336.132885 647
1741080208900 1336.1559819999998 648
1741080219467 1339.668569 649
1741080230169 1340.915345 650
1741080241115 1341.41829 651
1741080251812 1342.0960259999997 652
1741080262440 1342.5653979999997 653
1741080273283 1343.1491579999997 654
1741080284264 1343.715772 655
1741080295114 1344.116289 656
1741080305986 1344.769667 657
1741080316826 1345.835966 658
1741080326944 1346.367006 659
1741080337043 1346.809632 660
1741080347142 1348.04063 661
1741080357239 1348.5998019999997 662
1741080367561 1349.233518 663
1741080377664 1350.019545 664
1741080387790 1350.665887 665
1741080397883 1351.5004249999997 666
1741080407980 1352.2752369999998 667
1741080418399 1353.104358 668
1741080429198 1353.1472759999997 669
1741080440210 1353.362776 670
1741080450869 1353.522876 671
1741080461565 1357.250798 672
1741080472578 1358.113057 673
1741080483418 1359.095531 674
1741080494379 1359.1214599999998 675
1741080505305 1359.166072 676
1741080516093 1359.1857489999998 677
1741080526913 1364.1028619999997 678
1741080537735 1364.8900129999997 679
1741080547841 1365.9278199999999 680
1741080557955 1367.511684 681
1741080568433 1368.2199719999999 682
1741080578740 1368.238336 683
1741080588883 1369.111954 684
1741080599223 1370.408407 685
1741080610082 1371.2503379999998 686
1741080620151 1372.121823 687
1741080630565 1372.935836 688
1741080640976 1373.7053069999997 689
1741080651076 1374.5590269999998 690
1741080661163 1375.083004 691
1741080672710 1375.5028279999997 692
1741080682861 1376.446544 693
1741080693461 1377.6394919999998 694
1741080703539 1379.75248 695
1741080713953 1379.8671139999997 696
1741080724063 1382.2783399999998 697
1741080734891 1383.817627 698
1741080745036 1383.86652 699
1741080755614 1391.055432 700
1741080765702 1391.0838949999998 701
1741080775867 1394.0400989999998 702
1741080788267 1403.6076789999997 703
1741080798383 1403.6560059999997 704
1741080808620 1405.7870439999997 705
1741080818756 1413.9875499999998 706
1741080829351 1419.6449039999998 707
1741080840621 1420.2745769999997 708
1741080850767 1424.242854 709
1741080862722 1424.568721 710
1741080872784 1427.750654 711
1741080883091 1428.1791279999998 712
1741080893254 1442.908223 713
1741080903339 1446.9224 714
1741080913421 1447.583909 715
1741080923605 1449.5871859999997 716
1741080933695 1449.616888 717
1741080945030 1449.637048 718
1741080955517 1452.345582 719
1741080965570 1452.976538 720
1741080975637 1456.411467 721
1741080985833 1465.3615529999997 722
1741080996420 1468.5939089999997 723
1741081006516 1471.9837899999998 724
1741081016919 1472.011278 725
1741081027002 1475.5846259999998 726
1741081037628 1475.63589 727
1741081047781 1475.8934529999997 728
1741081058892 1478.6078029999999 729
1741081069011 1482.178515 730
1741081079645 1482.747996 731
1741081089837 1484.297791 732
1741081099944 1486.6309149999997 733
1741081110336 1487.8698839999997 734
1741081120514 1497.7272279999997 735
1741081130751 1503.074685 736
1741081140856 1503.14208 737
1741081151024 1503.945557 738
1741081161125 1503.971798 739
1741081171465 1505.746905 740
1741081181619 1509.710055 741
1741081191702 1511.866434 742
1741081201778 1514.0322569999998 743
1741081212244 1514.1300349999997 744
1741081222313 1514.268028 745
1741081232747 1517.467162 746
1741081242921 1519.2108589999998 747
1741081252995 1520.011313 748
1741081263075 1520.0532209999997 749
1741081273953 1523.683563 750
1741081284117 1526.6111769999998 751
1741081294839 1530.4457539999999 752
1741081304953 1540.1955989999997 753
1741081316297 1543.8843419999998 754
1741081326403 1550.2806449999998 755
1741081337968 1550.3524319999997 756
1741081348128 1563.822663 757
1741081359541 1567.5488539999997 758
1741081369623 1576.550609 759
1741081380671 1579.8916009999998 760
1741081391390 1579.925013 761
1741081401478 1582.8757959999998 762
1741081411691 1588.772567 763
1741081422859 1591.1224629999997 764
1741081434353 1593.760937 765
1741081444467 1598.138836 766
1741081454577 1601.154396 767
1741081464894 1605.0416099999998 768
1741081474998 1609.4781229999999 769
1741081485984 1612.8748339999997 770
1741081496126 1615.297696 771
1741081506846 1616.855396 772
1741081516941 1617.808719 773
1741081528305 1619.63656 774
1741081538426 1621.608674 775
1741081548693 1624.2722629999998 776
1741081558792 1625.904751 777
1741081569265 1626.554501 778
1741081579321 1628.6104559999999 779
1741081590381 1633.302713 780
1741081600512 1634.2503469999997 781
1741081611638 1634.8425029999999 782
1741081621761 1634.900184 783
1741081632964 1634.9434189999997 784
1741081643056 1638.593081 785
1741081653918 1639.872425 786
1741081664007 1640.495996 787
1741081675170 1641.9412379999999 788
1741081688133 1643.3715069999998 789
1741081698202 1645.1821259999997 790
1741081708960 1646.9698089999997 791
1741081719059 1648.0592659999998 792
1741081729680 1648.112075 793
1741081740919 1649.643106 794
1741081751156 1655.592224 795
1741081763092 1659.208047 796
1741081773189 1660.3907 797
1741081783734 1663.9864739999998 798
1741081793817 1664.008073 799
1741081803995 1664.035074 800
1741081814138 1666.8678249999998 801
1741081824515 1681.0943819999998 802
1741081834621 1698.821116 803
1741081845683 1707.155451 804
1741081855823 1709.0559389999999 805
1741081866352 1719.2247229999998 806
1741081876420 1719.255098 807
1741081886576 1721.705829 808
1741081897136 1722.7089699999997 809
1741081907214 1728.745543 810
1741081918640 1729.6809869999997 811
1741081928731 1732.5064629999997 812
1741081939554 1732.8363529999997 813
1741081949659 1733.0284689999999 814
1741081961054 1735.8450859999998 815
1741081971173 1737.0809199999999 816
1741081982582 1738.1717119999998 817
1741081992722 1738.5298990000001 818
1741082003947 1739.8277389999998 819
1741082014032 1739.856527 820
1741082024640 1739.871776 821
1741082034739 1739.9246639999997 822
1741082045654 1739.994503 823
1741082056123 1743.3928419999997 824
1741082068852 1744.019068 825
1741082078948 1746.107579 826
1741082089679 1747.3009119999997 827
1741082099833 1748.1869079999997 828
1741082110590 1748.922544 829
1741082120740 1748.9614269999997 830
1741082132030 1748.9781439999997 831
1741082142174 1755.635159 832
1741082153523 1756.400584 833
1741082163612 1759.792625 834
1741082174765 1761.726615 835
1741082184840 1761.757579 836
1741082195925 1762.561024 837
1741082206054 1765.6773739999999 838
1741082217536 1769.0775709999998 839
1741082227627 1769.330595 840
1741082238326 1769.9575689999997 841
1741082248477 1769.997684 842
1741082259570 1770.081294 843
1741082269674 1770.104895 844
1741082280489 1770.1320459999997 845
1741082290761 1775.041921 846
1741082301114 1775.6693209999999 847
1741082311197 1776.231393 848
1741082321368 1776.8753539999998 849
1741082332257 1776.906618 850
1741082342355 1776.986855 851
1741082353753 1777.035578 852
1741082364086 1777.0618329999998 853
1741082376934 1777.080419 854
1741082387011 1777.3412869999997 855
1741082398597 1777.421788 856
1741082408722 1778.0749539999997 857
1741082420119 1778.0905949999997 858
1741082430296 1778.1495679999998 859
1741082441265 1778.184041 860
1741082451366 1778.1989359999998 861
1741082461442 1779.264278 862
1741082471784 1779.28633 863
1741082481871 1779.3085659999997 864
1741082492488 1782.57787 865
1741082502648 1784.8252350000002 866
1741082513988 1785.7738769999996 867
1741082524086 1786.2763059999997 868
1741082534204 1788.3043969999999 869
1741082545000 1789.8312289999994 870
1741082555108 1791.2974999999997 871
1741082566805 1792.1875449999998 872
1741082576961 1793.4522269999998 873
1741082587077 1794.0888960000002 874
1741082597868 1795.283507 875
1741082608024 1796.6143510000002 876
1741082618087 1796.6450699999996 877
1741082628155 1796.6669409999995 878
1741082639880 1796.7007910000002 879
1741082649952 1796.7487220000003 880
1741082661228 1797.6371840000002 881
1741082671383 1799.1345140000003 882
1741082681651 1800.6320539999997 883
1741082691765 1800.8350250000003 884
1741082701837 1801.591762 885
1741082712594 1804.295333 886
1741082722699 1805.4940239999996 887
1741082733047 1806.2583669999995 888
1741082743184 1808.7269500000002 889
1741082754122 1809.677616 890
1741082764223 1810.0354209999996 891
1741082775315 1810.1620620000003 892
1741082785411 1810.1857259999997 893
1741082796037 1811.7832989999997 894
1741082806130 1813.0068609999998 895
1741082817223 1814.0464730000003 896
1741082827335 1814.1232259999997 897
1741082837440 1814.4114829999999 898
1741082848572 1814.4219309999999 899
1741082858678 1814.8580380000003 900
1741082870236 1815.7254029999995 901
1741082880366 1816.6853169999995 902
1741082891861 1817.5336339999994 903
1741082901986 1817.5871660000003 904
1741082912093 1817.7550609999998 905
1741082923147 1818.3336549999995 906
1741082933280 1819.0505739999999 907
1741082943367 1819.073225 908
1741082953905 1819.8176839999996 909
1741082964026 1820.1028369999995 910
1741082974132 1820.3750279999995 911
1741082985224 1820.4074309999996 912
1741082995299 1820.7393700000002 913
1741083005415 1821.3625439999996 914
1741083015718 1821.8136239999994 915
1741083025785 1822.2527279999995 916
1741083036526 1823.1192629999996 917
1741083046914 1823.4605739999997 918
1741083057005 1823.5067149999995 919
1741083067071 1824.2190419999997 920
1741083077219 1826.5170099999996 921
1741083088553 1827.2153259999995 922
1741083098594 1827.6980830000002 923
1741083108758 1828.5487309999999 924
1741083118854 1829.0185009999996 925
1741083129767 1829.3737039999996 926
1741083139918 1829.8363440000003 927
1741083149984 1830.4013329999998 928
1741083161249 1831.6863629999998 929
1741083171375 1831.7272389999998 930
1741083182025 1832.1615569999994 931
1741083192429 1833.016133 932
1741083203115 1833.3408090000003 933
1741083214000 1833.4670049999995 934
1741083225266 1833.5241539999997 935
1741083235432 1833.5591100000001 936
1741083245908 1833.5835799999995 937
1741083256082 1833.6290479999998 938
1741083266226 1833.6510369999996 939
1741083277323 1833.6682449999998 940
1741083287402 1833.683559 941
1741083297534 1834.2651020000003 942
1741083308657 1837.981256 943
1741083318869 1840.5155169999998 944
1741083328949 1840.5943109999998 945
1741083340625 1841.5805449999998 946
1741083350791 1841.7170740000001 947
1741083362312 1841.7756950000003 948
1741083372439 1841.8476650000002 949
1741083382612 1841.9009619999997 950
1741083394172 1841.9780359999995 951
1741083404314 1842.1754890000002 952
1741083414360 1842.245371 953
1741083425470 1842.4128810000002 954
1741083435552 1842.562468 955
1741083446753 1842.6339099999996 956
1741083458061 1842.7279509999998 957
1741083468173 1842.8341039999996 958
1741083478249 1842.9067239999995 959
1741083488413 1849.596286 960
1741083499062 1851.6761909999996 961
1741083509181 1854.440103 962
1741083519281 1856.5387679999994 963
1741083529986 1857.3192389999995 964
1741083540247 1858.7455449999998 965
1741083551312 1860.3590089999998 966
1741083561719 1860.9892789999994 967
1741083571797 1861.4904180000003 968
1741083581931 1862.2057089999998 969
