1741073580425 0.0 0
1741073590464 0.6178229999995892 1
1741073600494 5.350357999999687 2
1741073610522 5.616865999999845 3
1741073620553 5.673359999999775 4
1741073630592 6.541573999999855 5
1741073640633 6.967921999999817 6
1741073650680 7.880687999999736 7
1741073660724 9.934773999999834 8
1741073670816 10.849281999999675 9
1741073680855 11.911984999999731 10
1741073690900 12.7243569999996 11
1741073700946 13.810151999999562 12
1741073710997 15.106648999999834 13
1741073721042 15.811028999999962 14
1741073731141 16.876354999999876 15
1741073741195 17.917105999999876 16
1741073751233 19.504733999999644 17
1741073761265 20.03018899999961 18
1741073771322 21.643944999999803 19
1741073781375 23.011152999999922 20
1741073791463 23.918361000000004 21
1741073801522 24.676798999999846 22
1741073811573 25.30291699999998 23
1741073821622 26.14689099999987 24
1741073831682 26.926424999999654 25
1741073841742 27.47223599999961 26
1741073851832 28.40114199999971 27
1741073862035 29.556176999999934 28
1741073872100 30.273017999999865 29
1741073882619 31.034762999999657 30
1741073892684 31.906435999999758 31
1741073902750 31.948017999999593 32
1741073912852 33.24176699999998 33
1741073922922 33.47672599999987 34
1741073932993 34.06954399999995 35
1741073943039 35.297901999999794 36
1741073953117 36.30367799999976 37
1741073963194 36.9803579999998 38
1741073973288 37.6044109999998 39
1741073983350 38.56214299999965 40
1741073993432 39.513266999999814 41
1741074003477 40.29195999999956 42
1741074013536 41.361913999999615 43
1741074023868 44.93763499999977 44
1741074033983 45.37317999999959 45
1741074044032 45.60335999999961 46
1741074054086 45.669872999999825 47
1741074064155 46.50999499999989 48
1741074074433 47.29418499999974 49
1741074084476 48.77445899999975 50
1741074094651 49.10262499999999 51
1741074105002 49.97799999999961 52
1741074115082 50.03502499999968 53
1741074125142 50.09101099999998 54
1741074135205 50.174500999999964 55
1741074145510 50.30800199999976 56
1741074155649 52.12102199999981 57
1741074165757 55.28683199999978 58
1741074175796 56.04898699999967 59
1741074185848 57.9021759999996 60
1741074195937 58.522512000000006 61
1741074205985 59.191899999999805 62
1741074216063 59.357744999999795 63
1741074226203 61.88313799999969 64
1741074236271 62.06359399999974 65
1741074246360 62.17662899999959 66
1741074256501 62.224387999999635 67
1741074266568 62.25876799999969 68
1741074276605 62.28034899999966 69
1741074286707 62.30425699999978 70
1741074296786 62.34596899999997 71
1741074306834 62.4040259999997 72
1741074316935 62.559062999999696 73
1741074326996 62.84116099999983 74
1741074337068 62.88829799999985 75
1741074347152 62.92219699999987 76
1741074357200 63.348385999999664 77
1741074367260 63.561171999999715 78
1741074377393 64.03387199999997 79
1741074387444 64.26541599999973 80
1741074397573 64.33234699999957 81
1741074407672 64.3745469999999 82
1741074417712 67.15526399999999 83
1741074428067 86.64266799999996 84
1741074438172 88.24582099999998 85
1741074448241 89.37510299999985 86
1741074458304 89.63843099999985 87
1741074469074 89.76400399999966 88
1741074479145 89.83404799999971 89
1741074489209 91.4994569999999 90
1741074499314 95.84813799999984 91
1741074509580 96.00958299999957 92
1741074519650 96.58730299999979 93
1741074529762 96.7162529999996 94
1741074539826 97.46020899999985 95
1741074549889 99.31145899999956 96
1741074559982 101.63659099999995 97
1741074570061 103.44397899999967 98
1741074580119 105.09885599999961 99
1741074590201 105.63366499999984 100
1741074600246 106.6678609999999 101
1741074610299 106.7665619999998 102
1741074620394 107.00657899999987 103
1741074630452 107.33803499999976 104
1741074640516 107.45881599999984 105
1741074650615 107.4994459999998 106
1741074660677 107.54356899999993 107
1741074670731 107.61170299999958 108
1741074680860 108.34353699999974 109
1741074691222 110.98085699999956 110
1741074701288 111.86236899999994 111
1741074711348 112.18395999999984 112
1741074721497 113.118023 113
1741074731562 113.18663099999958 114
1741074741628 123.36313799999971 115
1741074751753 128.62891999999965 116
1741074761801 137.56678199999988 117
1741074772154 138.82408099999975 118
1741074782231 141.97811699999966 119
1741074792316 143.3551209999996 120
1741074802397 144.83637099999987 121
1741074812490 145.75027 122
1741074822573 147.2133289999997 123
1741074832635 148.60471999999982 124
1741074842732 148.65556799999968 125
1741074852802 148.80930199999966 126
1741074862861 148.83034399999997 127
1741074872996 148.92979499999956 128
1741074883070 150.04309599999988 129
1741074893567 150.23524199999974 130
1741074903624 152.5710399999998 131
1741074913692 154.68332499999997 132
1741074923756 154.7104049999998 133
1741074933874 154.86763699999983 134
1741074943943 155.76146899999958 135
1741074953999 169.4595419999996 136
1741074964054 180.7259939999999 137
1741074974110 185.53174599999966 138
1741074984429 190.84118399999988 139
1741074994575 190.89738599999964 140
1741075004627 191.0045839999998 141
1741075014682 191.06733799999984 142
1741075024771 192.92187999999987 143
1741075034824 202.57876899999974 144
1741075044895 210.3117259999999 145
1741075054999 211.8804879999998 146
1741075065046 213.57732299999998 147
1741075075122 214.42727399999967 148
1741075085209 214.47213799999963 149
1741075095282 214.71889999999985 150
1741075105365 214.7412049999998 151
1741075115910 215.00666999999976 152
1741075126306 215.0708669999999 153
1741075136431 215.11657699999978 154
1741075146484 215.15297399999963 155
1741075156555 215.4439299999999 156
1741075166593 215.56053499999962 157
1741075176881 215.92786899999965 158
1741075186941 217.5611869999998 159
1741075197011 220.29771599999958 160
1741075207064 223.8607079999997 161
1741075217130 228.25647599999957 162
1741075227186 234.57974399999966 163
1741075237251 235.04342599999973 164
1741075247488 236.01992699999983 165
1741075257785 236.90713199999982 166
1741075268185 237.09890599999972 167
1741075278372 237.1551569999997 168
1741075288426 237.20178299999998 169
1741075298479 237.25367899999992 170
1741075308616 237.77793699999984 171
1741075318672 239.46187099999997 172
1741075328716 239.49839299999985 173
1741075338904 239.59640899999977 174
1741075348990 239.72332199999983 175
1741075359058 239.8335079999997 176
1741075369103 242.53531299999986 177
1741075379154 243.05963499999962 178
1741075389262 243.67894499999966 179
1741075399310 244.70373599999994 180
1741075409849 245.57249699999966 181
1741075419977 247.665524 182
1741075430033 247.7592199999999 183
1741075440114 247.7986679999999 184
1741075450257 247.8350859999996 185
1741075460322 248.11321999999973 186
1741075470595 248.28512899999987 187
1741075480742 251.20968999999968 188
1741075490789 251.4121879999998 189
1741075500841 251.59406599999966 190
1741075510981 251.64746999999988 191
1741075521054 255.91797199999974 192
1741075531133 257.20371399999976 193
1741075542003 258.78862599999957 194
1741075552065 260.38959799999975 195
1741075562138 262.59615799999983 196
1741075572238 264.2114399999996 197
1741075582338 265.8124249999996 198
1741075592725 267.5139009999998 199
1741075602770 268.9662949999997 200
1741075612875 270.13126399999965 201
1741075622939 272.5677019999998 202
1741075632992 274.24847899999986 203
1741075643038 275.2638229999998 204
1741075653142 278.8766529999998 205
1741075663183 278.9686389999997 206
1741075673220 279.0176739999997 207
1741075683337 279.78363199999967 208
1741075693907 280.80859399999963 209
1741075704014 282.1026899999997 210
1741075714119 282.84087899999986 211
1741075724269 285.24482999999964 212
1741075734364 286.0098589999998 213
1741075744405 287.0645139999997 214
1741075754464 287.851674 215
1741075764512 290.0390629999997 216
1741075774575 291.05241799999976 217
1741075784638 291.92935999999963 218
1741075794750 293.0133139999998 219
1741075804797 294.3072129999996 220
1741075814869 297.43764299999975 221
1741075825026 301.37951999999996 222
1741075835652 303.08600499999966 223
1741075845723 304.6512819999998 224
1741075855839 305.8218119999997 225
1741075865892 306.93740499999967 226
1741075875959 307.2762719999996 227
1741075886056 307.45957599999974 228
1741075896106 307.5552249999996 229
1741075906160 307.5939239999998 230
1741075916802 307.62965299999996 231
1741075926874 307.68644099999983 232
1741075936934 307.7827259999999 233
1741075947465 316.0444159999997 234
1741075958033 324.65755199999967 235
1741075968530 333.3075039999999 236
1741075978891 333.8919299999998 237
1741075989160 337.5901349999999 238
1741075999275 337.6405719999998 239
1741076009326 338.38771799999995 240
1741076019430 338.70584599999984 241
1741076029487 338.774449 242
1741076039551 338.99744299999975 243
1741076050300 339.1340019999998 244
1741076060352 351.8139629999996 245
1741076070399 352.0650349999996 246
1741076080521 352.2717469999998 247
1741076090573 352.34516099999973 248
1741076100637 352.58262399999967 249
1741076110767 357.264725 250
1741076120838 358.19789299999957 251
1741076130924 358.21809299999995 252
1741076141068 358.2990869999999 253
1741076151141 363.73636899999974 254
1741076161242 364.41593399999965 255
1741076171355 364.6259839999998 256
1741076181415 366.94024199999967 257
1741076191472 369.56680499999993 258
1741076201740 372.10798799999975 259
1741076212214 372.16316199999983 260
1741076222361 372.64774499999976 261
1741076232495 372.7747519999998 262
1741076242571 373.2799719999998 263
1741076252646 375.94035299999996 264
1741076262792 380.86338799999976 265
1741076272869 382.55188499999986 266
1741076282922 382.5869239999997 267
1741076293022 382.64805799999976 268
1741076303107 393.634407 269
1741076313178 394.43445399999973 270
1741076323304 395.16307499999994 271
1741076333368 396.0645549999999 272
1741076343443 396.88059099999964 273
1741076353542 398.9653989999997 274
1741076363622 400.3881339999998 275
1741076373703 402.38096399999995 276
1741076383777 402.42252199999984 277
1741076393844 402.4505459999996 278
1741076403904 407.76546099999996 279
1741076414054 407.8021169999997 280
1741076424195 408.9855929999999 281
1741076434251 415.7544499999999 282
1741076444310 420.3432549999998 283
1741076454668 424.6289419999998 284
1741076464775 429.24516399999993 285
1741076474813 434.234606 286
1741076484992 440.30215899999985 287
1741076495090 445.64599199999975 288
1741076505175 450.17527199999995 289
1741076515300 453.9230819999998 290
1741076525377 458.076278 291
1741076535443 462.1805199999999 292
1741076545617 466.8472009999996 293
1741076555898 469.3176559999997 294
1741076565968 469.9992559999996 295
1741076576151 471.0404689999996 296
1741076586541 473.6213789999997 297
1741076597053 474.65489499999967 298
1741076607148 476.98947599999974 299
1741076617337 477.0234339999997 300
1741076627470 479.82592799999975 301
1741076637777 483.0092579999996 302
1741076648149 486.0567329999999 303
1741076658213 491.38081999999986 304
1741076668329 496.0017389999998 305
1741076678403 497.62816699999985 306
1741076688750 497.66806099999985 307
1741076698890 498.2268259999996 308
1741076708956 501.21213799999987 309
1741076719175 502.3260529999998 310
1741076729778 507.16508999999996 311
1741076740255 512.3491709999998 312
1741076750313 516.6320999999998 313
1741076760373 519.5561809999999 314
1741076770488 527.0753579999996 315
1741076780542 537.7621969999996 316
1741076790594 545.7735339999999 317
1741076800711 554.034044 318
1741076810768 556.8772369999997 319
1741076821163 556.9329749999997 320
1741076831494 564.3769159999997 321
1741076841944 565.0979469999997 322
1741076852349 565.9905759999997 323
1741076862562 567.4860479999998 324
1741076873073 569.6378719999998 325
1741076883136 569.7189119999998 326
1741076893482 569.7516469999996 327
1741076903559 569.7679359999997 328
1741076913628 572.8432439999997 329
1741076923774 577.2475629999999 330
1741076933848 578.8862929999996 331
1741076943898 578.9406449999997 332
1741076954598 579.007838 333
1741076964677 583.5857749999996 334
1741076974736 585.6141369999996 335
1741076984804 585.6475049999999 336
1741076994881 588.0618049999998 337
1741077004937 590.9455989999997 338
1741077015126 590.9819349999998 339
1741077025341 595.0361189999999 340
1741077035601 596.3130579999997 341
1741077045983 596.3316309999996 342
1741077056428 596.3541499999997 343
1741077066863 596.3774059999996 344
1741077077481 600.5135969999997 345
1741077088213 602.1887959999999 346
1741077098722 603.2896559999999 347
1741077109369 604.4809959999998 348
1741077119786 605.361175 349
1741077130450 605.4038959999998 350
1741077141080 610.2902159999999 351
1741077151636 610.3327419999996 352
1741077161756 612.4130899999996 353
1741077171977 613.0507709999997 354
1741077182057 617.4660849999996 355
1741077192183 628.2576899999999 356
1741077202234 631.8730769999997 357
1741077212311 631.9956249999996 358
1741077222422 635.3872669999996 359
1741077232491 636.648467 360
1741077242574 636.6956699999996 361
1741077252722 637.8339019999999 362
1741077262817 637.9420759999998 363
1741077272911 638.0015159999998 364
1741077283049 645.4528849999997 365
1741077293107 649.0224109999999 366
1741077303486 652.4255109999999 367
1741077314190 654.9471679999997 368
1741077324957 656.1936659999997 369
1741077335349 657.7244549999996 370
1741077345952 658.4345569999996 371
1741077356340 659.1258309999998 372
1741077366609 660.4912289999997 373
1741077377064 661.531442 374
1741077387358 662.5294409999997 375
1741077397461 664.2341319999996 376
1741077407566 665.482751 377
1741077417681 666.0905429999998 378
1741077428472 666.6313099999998 379
1741077438615 667.3101589999997 380
1741077448947 668.7070039999999 381
1741077459093 669.4727899999998 382
1741077469145 675.7300249999998 383
1741077479261 678.0281679999998 384
1741077489318 678.7584489999999 385
1741077499424 680.8645469999997 386
1741077509574 682.2100459999997 387
1741077519640 683.6811459999999 388
1741077529691 685.231534 389
1741077540333 686.2642959999998 390
1741077550851 687.6547269999996 391
1741077561222 687.6598199999999 392
1741077571925 687.6955239999998 393
1741077582707 689.296515 394
1741077592977 692.870598 395
1741077603680 697.038094 396
1741077614525 699.2595149999997 397
1741077624580 704.632662 398
1741077634676 718.3134529999998 399
1741077644796 723.156043 400
1741077654892 725.621682 401
1741077665688 725.6588549999997 402
1741077675817 726.7553169999996 403
1741077686274 728.4176669999997 404
1741077696918 731.5350879999996 405
1741077707654 732.982634 406
1741077718350 733.7929349999999 407
1741077728969 736.9847 408
1741077739446 737.0175539999996 409
1741077750105 737.0572539999998 410
1741077760484 740.180523 411
1741077771070 745.4419499999999 412
1741077781692 747.2440799999999 413
1741077792658 749.6719039999998 414
1741077803492 750.7693109999996 415
1741077814399 751.5777459999999 416
1741077824883 753.6446019999998 417
1741077835405 757.2238949999996 418
1741077845840 759.125548 419
1741077855958 764.720887 420
1741077866022 764.7544899999998 421
1741077876102 764.9601499999999 422
1741077886230 777.0948959999996 423
1741077896505 779.8770129999998 424
1741077907445 779.9045689999998 425
1741077917521 780.7431269999997 426
1741077928353 781.044551 427
1741077938452 787.6077419999997 428
1741077949116 788.5851639999996 429
1741077961108 797.0458659999999 430
1741077971839 798.7338579999996 431
1741077982394 800.133468 432
1741077993293 801.2379729999998 433
1741078004095 802.0974969999997 434
1741078014846 803.802526 435
1741078025434 806.927518 436
1741078036179 807.7777429999996 437
1741078046741 810.4442429999999 438
1741078056811 813.2858119999996 439
1741078066891 813.8699709999996 440
1741078076973 816.5305179999996 441
1741078087026 817.0021629999997 442
1741078097101 821.5024839999996 443
1741078107649 831.8714799999998 444
1741078117882 835.8324359999997 445
1741078128723 835.8741989999999 446
1741078139595 835.983976 447
1741078149655 837.4948259999996 448
1741078159754 837.534674 449
1741078169875 838.9192979999998 450
1741078179976 842.0897019999998 451
1741078190084 843.6988999999999 452
1741078200967 851.229425 453
1741078211057 856.0953049999998 454
1741078221138 864.8010119999999 455
1741078231971 866.7275029999996 456
1741078242042 872.8080929999996 457
1741078252115 877.1951549999999 458
1741078262197 878.443495 459
1741078272273 882.7844229999996 460
1741078283151 884.1095889999997 461
1741078294084 895.0172379999999 462
1741078304891 899.0558379999998 463
1741078314967 901.1578769999996 464
1741078325040 903.9572869999997 465
1741078335204 905.323934 466
1741078345351 906.5050889999998 467
1741078355454 907.2904439999998 468
1741078365604 908.1313569999998 469
1741078375669 909.0987829999999 470
1741078385766 909.1649899999998 471
1741078395898 911.5861319999999 472
1741078405997 914.0628479999996 473
1741078416059 914.8014879999996 474
1741078426211 917.900545 475
1741078436271 918.8085809999998 476
1741078446348 922.488437 477
1741078456470 924.8272499999998 478
1741078467408 925.6091839999999 479
1741078477484 925.6401809999998 480
1741078487670 929.1760379999996 481
1741078498822 936.7568699999997 482
1741078509643 937.3796039999997 483
1741078520709 939.4327899999998 484
1741078530834 942.4906969999997 485
1741078540956 943.4936079999998 486
1741078551050 944.0291579999998 487
1741078561184 946.6183919999999 488
1741078571254 948.2367879999997 489
1741078581341 951.3230309999999 490
1741078591850 953.224475 491
1741078601961 955.2205959999997 492
1741078612167 957.5850859999996 493
1741078622292 958.2584699999998 494
1741078632425 959.4819709999997 495
1741078642554 960.8845809999998 496
1741078652730 960.9313579999998 497
1741078662848 960.9530929999996 498
1741078672949 960.9664409999996 499
1741078684274 961.0058179999996 500
1741078694443 961.0433249999996 501
1741078704539 964.9777719999997 502
1741078714642 965.336836 503
1741078724742 967.1375669999998 504
1741078734847 970.198641 505
1741078744899 974.4122719999996 506
1741078755009 976.6148919999996 507
1741078765071 978.9485989999998 508
1741078775147 980.1627009999997 509
1741078785963 980.989102 510
1741078796311 981.7711629999999 511
1741078806437 981.8114689999998 512
1741078816650 981.8673249999997 513
1741078826773 981.9094029999997 514
1741078836882 981.9396619999998 515
1741078847021 981.9814779999997 516
1741078857141 984.9835739999999 517
1741078867251 985.4402619999996 518
1741078877372 985.8855149999999 519
1741078887487 987.3998699999997 520
1741078897610 988.1363729999998 521
1741078907722 988.1933689999996 522
1741078917836 988.2547089999998 523
1741078927945 988.286165 524
1741078938065 991.9749389999997 525
1741078948183 992.7102529999997 526
1741078958269 993.3818759999999 527
1741078968384 994.0019399999996 528
1741078978500 995.3164279999996 529
1741078988606 996.146573 530
1741078998711 996.9360969999998 531
1741079008838 997.51154 532
1741079018977 999.3350909999999 533
1741079029088 999.3643819999998 534
1741079039192 999.4620069999996 535
1741079049292 999.500607 536
1741079059401 999.5526099999997 537
1741079069908 999.5818849999996 538
1741079080027 1001.9245649999998 539
1741079090882 1001.9655249999996 540
1741079101009 1002.0513619999997 541
1741079111148 1003.7913769999996 542
1741079121454 1004.4553469999996 543
1741079131583 1004.5332589999998 544
1741079141716 1005.6112819999998 545
1741079152084 1005.6884689999997 546
1741079162234 1005.7532759999999 547
1741079172341 1005.8160919999996 548
1741079182498 1005.8576999999996 549
1741079192627 1005.8793799999999 550
1741079202754 1008.5986229999999 551
1741079212957 1009.2302279999999 552
1741079223244 1010.5763039999997 553
1741079233358 1010.6107359999996 554
1741079243481 1010.6336759999999 555
1741079253602 1010.6550149999998 556
1741079263764 1012.2072859999998 557
1741079273893 1013.7114839999999 558
1741079284011 1014.4206519999998 559
1741079294266 1024.4214769999999 560
1741079304497 1043.9188279999998 561
1741079314840 1044.1012139999998 562
1741079325230 1047.3219769999996 563
1741079335551 1058.8626789999998 564
1741079345928 1064.4059549999997 565
1741079356240 1074.00297 566
1741079366675 1076.438455 567
1741079377062 1077.5063309999996 568
1741079387187 1078.7186079999997 569
1741079397528 1079.685669 570
1741079407927 1080.498377 571
1741079418404 1085.2757279999996 572
1741079428553 1091.9185309999998 573
1741079438677 1093.906196 574
1741079448819 1096.4150099999997 575
1741079459060 1096.6060969999999 576
1741079469177 1096.736524 577
1741079479347 1098.8024449999998 578
1741079489508 1105.1706289999997 579
1741079499800 1105.2106849999996 580
1741079510325 1105.2432479999998 581
1741079520737 1108.7256669999997 582
1741079531320 1110.7775069999998 583
1741079542091 1112.0013839999997 584
1741079552707 1112.9000609999998 585
1741079562958 1112.940341 586
1741079573372 1113.0358649999998 587
1741079584115 1113.104605 588
1741079594581 1113.147176 589
1741079604981 1113.1899799999997 590
1741079615107 1118.3049919999999 591
1741079625488 1119.2731079999999 592
1741079635800 1119.3098919999998 593
1741079646017 1119.4371779999997 594
1741079656517 1119.5287799999996 595
1741079666759 1121.6159599999996 596
1741079677093 1122.7677769999996 597
1741079687524 1124.1960339999996 598
1741079698078 1125.0431009999998 599
1741079708517 1126.6726159999998 600
1741079718996 1127.783598 601
1741079729684 1131.3716379999996 602
1741079740466 1133.8848699999999 603
1741079750981 1137.6371009999998 604
1741079761364 1145.0866569999998 605
1741079772190 1148.5698109999998 606
1741079782927 1152.5313749999996 607
1741079793548 1155.4288069999998 608
1741079803692 1157.6539399999997 609
1741079814401 1158.7919309999997 610
1741079824957 1159.767621 611
1741079835257 1163.68165 612
1741079845631 1168.1983499999997 613
1741079856006 1170.5390089999996 614
1741079866571 1179.2571899999998 615
1741079877102 1184.9561719999997 616
1741079887617 1188.1195079999998 617
1741079898096 1189.7077329999997 618
1741079908699 1190.733558 619
1741079919468 1191.428168 620
1741079930100 1191.5644189999998 621
1741079940691 1197.385049 622
1741079951078 1199.948457 623
1741079961180 1200.794179 624
1741079971456 1210.577511 625
1741079981562 1211.3249459999997 626
1741079991733 1212.1288279999999 627
1741080001847 1212.746318 628
1741080011945 1215.5552549999998 629
1741080022058 1218.939927 630
1741080032280 1219.6764449999996 631
1741080042906 1221.089336 632
1741080053431 1222.3910779999997 633
1741080064167 1222.5246319999997 634
1741080074828 1222.9628349999998 635
1741080085364 1222.9887529999996 636
1741080095472 1225.01946 637
1741080105580 1225.753064 638
1741080115695 1229.1068169999999 639
1741080126507 1229.918847 640
1741080137155 1230.5646319999996 641
1741080147266 1233.8617669999999 642
1741080158119 1238.8180289999996 643
1741080168225 1239.9028589999998 644
1741080178469 1240.0595759999997 645
1741080188594 1240.115856 646
1741080198727 1240.137307 647
1741080208900 1240.1738809999997 648
1741080219467 1243.6931909999998 649
1741080230169 1244.9611609999997 650
1741080241115 1245.476545 651
1741080251812 1246.154259 652
1741080262440 1246.63089 653
1741080273283 1247.2127419999997 654
1741080284264 1247.7878159999996 655
1741080295114 1248.1932739999997 656
1741080305986 1248.8618109999998 657
1741080316826 1249.9308619999997 658
1741080326944 1250.465248 659
1741080337043 1250.921695 660
1741080347142 1252.173448 661
1741080357239 1252.743865 662
1741080367561 1253.3684869999997 663
1741080377664 1254.155362 664
1741080387790 1254.814535 665
1741080397883 1255.6536339999998 666
1741080407980 1256.4346529999998 667
1741080418399 1257.271988 668
1741080429198 1257.3117309999998 669
1741080440210 1257.5393479999998 670
1741080450869 1257.7022279999996 671
1741080461565 1261.435563 672
1741080472578 1262.3306109999999 673
1741080483418 1263.3214309999998 674
1741080494379 1263.351741 675
1741080505305 1263.400733 676
1741080516093 1263.4302599999996 677
1741080526913 1268.353964 678
1741080537735 1269.1506149999996 679
1741080547841 1270.184605 680
1741080557955 1271.780847 681
1741080568433 1272.492875 682
1741080578740 1272.5151429999996 683
1741080588883 1273.4097619999998 684
1741080599223 1274.7161889999998 685
1741080610082 1275.5720059999999 686
1741080620151 1276.4452379999998 687
1741080630565 1277.2619449999997 688
1741080640976 1278.0179859999998 689
1741080651076 1278.8916019999997 690
1741080661163 1279.3584769999998 691
1741080672710 1279.8466919999996 692
1741080682861 1280.793506 693
1741080693461 1281.9975409999997 694
1741080703539 1284.1180369999997 695
1741080713953 1284.2500769999997 696
1741080724063 1286.6612699999996 697
1741080734891 1288.2022559999996 698
1741080745036 1288.254391 699
1741080755614 1295.4493359999997 700
1741080765702 1295.481264 701
1741080775867 1298.4585639999996 702
1741080788267 1308.026398 703
1741080798383 1308.0773099999997 704
1741080808620 1310.2105189999997 705
1741080818756 1318.42249 706
1741080829351 1324.095938 707
1741080840621 1324.6738959999998 708
1741080850767 1328.631723 709
1741080862722 1328.9675149999998 710
1741080872784 1332.149673 711
1741080883091 1332.5827199999999 712
1741080893254 1347.3172379999996 713
1741080903339 1351.3474819999997 714
1741080913421 1351.7102769999997 715
1741080923605 1353.715006 716
1741080933695 1353.747023 717
1741080945030 1353.772266 718
1741080955517 1356.505537 719
1741080965570 1357.1275569999998 720
1741080975637 1360.5821959999998 721
1741080985833 1369.4974289999996 722
1741080996420 1372.7909169999998 723
1741081006516 1376.186283 724
1741081016919 1376.2301899999998 725
1741081027002 1379.792974 726
1741081037628 1379.8475799999997 727
1741081047781 1380.1089619999998 728
1741081058892 1382.828834 729
1741081069011 1386.4180149999997 730
1741081079645 1387.00796 731
1741081089837 1388.5624079999998 732
1741081099944 1390.9028959999996 733
1741081110336 1392.148804 734
1741081120514 1402.0187269999997 735
1741081130751 1407.370082 736
1741081140856 1407.4441109999998 737
1741081151024 1408.243892 738
1741081161125 1408.2721649999999 739
1741081171465 1410.0550039999998 740
1741081181619 1414.021581 741
1741081191702 1416.193034 742
1741081201778 1418.3691529999996 743
1741081212244 1418.4720289999996 744
1741081222313 1418.6159539999999 745
1741081232747 1421.818746 746
1741081242921 1423.5348479999998 747
1741081252995 1424.3465499999998 748
1741081263075 1424.3914579999996 749
1741081273953 1428.0208539999999 750
1741081284117 1430.952628 751
1741081294839 1434.796206 752
1741081304953 1444.5482039999997 753
1741081316297 1448.2564789999997 754
1741081326403 1454.6476789999997 755
1741081337968 1454.7281399999997 756
1741081348128 1468.202061 757
1741081359541 1471.931294 758
1741081369623 1480.9328959999998 759
1741081380671 1484.2959259999998 760
1741081391390 1484.3296689999997 761
1741081401478 1487.2818159999997 762
1741081411691 1493.1814259999996 763
1741081422859 1495.5447629999999 764
1741081434353 1498.2011369999996 765
1741081444467 1502.5877859999996 766
1741081454577 1505.6008899999997 767
1741081464894 1509.4843609999998 768
1741081474998 1513.9327369999996 769
1741081485984 1517.316218 770
1741081496126 1519.7705019999999 771
1741081506846 1521.3374449999997 772
1741081516941 1522.2932409999999 773
1741081528305 1524.123517 774
1741081538426 1526.091712 775
1741081548693 1528.7666259999996 776
1741081558792 1530.4215419999996 777
1741081569265 1531.069853 778
1741081579321 1533.1252189999996 779
1741081590381 1537.78345 780
1741081600512 1538.7429559999996 781
1741081611638 1539.3319429999997 782
1741081621761 1539.3927949999998 783
1741081632964 1539.4358419999999 784
1741081643056 1543.0910159999999 785
1741081653918 1544.3698209999998 786
1741081664007 1544.997985 787
1741081675170 1546.4642949999998 788
1741081688133 1547.9009229999997 789
1741081698202 1549.7272699999999 790
1741081708960 1551.5022719999997 791
1741081719059 1552.595535 792
1741081729680 1552.6610079999996 793
1741081740919 1554.1974389999996 794
1741081751156 1560.1350469999998 795
1741081763092 1563.7438269999998 796
1741081773189 1564.9332019999997 797
1741081783734 1568.535066 798
1741081793817 1568.5697259999997 799
1741081803995 1568.6033549999997 800
1741081814138 1571.4437779999998 801
1741081824515 1585.670263 802
1741081834621 1603.402466 803
1741081845683 1611.7422869999996 804
1741081855823 1613.6415779999998 805
1741081866352 1623.8117719999996 806
1741081876420 1623.8491279999998 807
1741081886576 1626.29371 808
1741081897136 1627.300233 809
1741081907214 1633.308462 810
1741081918640 1634.3076239999996 811
1741081928731 1637.1254129999998 812
1741081939554 1637.4575329999998 813
1741081949659 1637.6451439999996 814
1741081961054 1640.4656149999996 815
1741081971173 1641.7046539999997 816
1741081982582 1642.8053799999998 817
1741081992722 1643.1691849999997 818
1741082003947 1644.4681729999998 819
1741082014032 1644.4980059999998 820
1741082024640 1644.5186159999998 821
1741082034739 1644.5971689999997 822
1741082045654 1644.670619 823
1741082056123 1648.062367 824
1741082068852 1648.6910509999998 825
1741082078948 1650.7953789999997 826
1741082089679 1651.993692 827
1741082099833 1652.887511 828
1741082110590 1653.6299 829
1741082120740 1653.6766739999998 830
1741082132030 1653.6851809999998 831
1741082142174 1660.3507879999997 832
1741082153523 1661.1150829999997 833
1741082163612 1664.5418659999996 834
1741082174765 1666.473693 835
1741082184840 1666.507224 836
1741082195925 1667.3162229999998 837
1741082206054 1670.442184 838
1741082217536 1673.8514169999999 839
1741082227627 1674.1004049999997 840
1741082238326 1674.7287339999998 841
1741082248477 1674.779247 842
1741082259570 1674.8716499999996 843
1741082269674 1674.901085 844
1741082280489 1674.9569569999999 845
1741082290761 1679.8785389999998 846
1741082301114 1680.5092449999997 847
1741082311197 1681.0743829999997 848
1741082321368 1681.7237569999998 849
1741082332257 1681.758989 850
1741082342355 1681.8551719999996 851
1741082353753 1681.898772 852
1741082364086 1681.9200819999996 853
1741082376934 1681.9413 854
1741082387011 1682.2138249999998 855
1741082398597 1682.3185869999998 856
1741082408722 1682.9780489999998 857
1741082420119 1682.99865 858
1741082430296 1683.0640999999996 859
1741082441265 1683.0996449999998 860
1741082451366 1683.1204309999998 861
1741082461442 1684.1961099999999 862
1741082471784 1684.2303859999997 863
1741082481871 1684.2515019999996 864
1741082492488 1687.5265539999996 865
1741082502648 1689.7755989999996 866
1741082513988 1690.7335629999998 867
1741082524086 1691.2536209999998 868
1741082534204 1693.275608 869
1741082545000 1694.8024029999997 870
1741082555108 1696.2738409999997 871
1741082566805 1697.1742089999998 872
1741082576961 1698.4384269999996 873
1741082587077 1699.0822039999998 874
1741082597868 1700.2815589999996 875
1741082608024 1701.6156879999999 876
1741082618087 1701.6469619999998 877
1741082628155 1701.6747219999997 878
1741082639880 1701.745856 879
1741082649952 1701.7843329999996 880
1741082661228 1702.6749579999996 881
1741082671383 1704.174967 882
1741082681651 1705.6822669999997 883
1741082691765 1705.8839429999998 884
1741082701837 1706.6064829999996 885
1741082712594 1709.3124449999996 886
1741082722699 1710.5033999999996 887
1741082733047 1711.2826649999997 888
1741082743184 1713.7548029999998 889
1741082754122 1714.708111 890
1741082764223 1715.0822489999996 891
1741082775315 1715.2341029999998 892
1741082785411 1715.259008 893
1741082796037 1716.859059 894
1741082806130 1718.088057 895
1741082817223 1719.1449879999996 896
1741082827335 1719.21861 897
1741082837440 1719.5114989999997 898
1741082848572 1719.5307199999997 899
1741082858678 1719.9705959999997 900
1741082870236 1720.8326579999998 901
1741082880366 1721.819744 902
1741082891861 1722.668714 903
1741082901986 1722.7365659999996 904
1741082912093 1722.9026439999998 905
1741082923147 1723.4779609999996 906
1741082933280 1724.197592 907
1741082943367 1724.2359259999998 908
1741082953905 1724.9703479999998 909
1741082964026 1725.254168 910
1741082974132 1725.5271589999998 911
1741082985224 1725.5672869999999 912
1741082995299 1725.9043159999997 913
1741083005415 1726.5520929999998 914
1741083015718 1726.9954019999996 915
1741083025785 1727.4346939999996 916
1741083036526 1728.3109609999997 917
1741083046914 1728.648182 918
1741083057005 1728.744405 919
1741083067071 1729.4481159999996 920
1741083077219 1729.800773 921
1741083088553 1730.538392 922
1741083098594 1731.0278649999996 923
1741083108758 1731.6246449999999 924
1741083118854 1732.091281 925
1741083129767 1732.4475319999997 926
1741083139918 1732.929584 927
1741083149984 1733.4125 928
1741083161249 1733.9271569999996 929
1741083171375 1733.9887669999998 930
1741083182025 1734.4386559999998 931
1741083192429 1735.2482809999997 932
1741083203115 1735.5453719999996 933
1741083214000 1735.6793619999999 934
1741083225266 1735.7387639999997 935
1741083235432 1735.7716599999999 936
1741083245908 1735.8217659999996 937
1741083256082 1735.8870859999997 938
1741083266226 1735.911862 939
1741083277323 1735.9343089999998 940
1741083287402 1735.962263 941
1741083297534 1736.0814939999996 942
1741083308657 1737.990946 943
1741083318869 1740.2332279999996 944
1741083328949 1740.3271809999997 945
1741083340625 1741.3214239999998 946
1741083350791 1741.464513 947
1741083362312 1741.5413529999996 948
1741083372439 1741.6397589999997 949
1741083382612 1741.702202 950
1741083394172 1741.7829109999998 951
1741083404314 1741.8771769999998 952
1741083414360 1741.9517229999997 953
1741083425470 1742.0344139999997 954
1741083435552 1742.094416 955
1741083446753 1742.1499329999997 956
1741083458061 1742.2271159999996 957
1741083468173 1742.3131449999996 958
1741083478249 1742.3858559999999 959
1741083488413 1749.0786989999997 960
1741083499062 1751.151837 961
1741083509181 1753.8872119999996 962
1741083519281 1755.9254059999998 963
1741083529986 1756.6481199999998 964
1741083540247 1758.0296079999998 965
1741083551312 1759.6358299999997 966
1741083561719 1760.270681 967
1741083571797 1760.770204 968
1741083581931 1761.4956239999997 969
