1741073580425 71.2 0
1741073590464 75.6 1
1741073600494 76.5 2
1741073610522 78.5 3
1741073620553 79.1 4
1741073630592 81.0 5
1741073640633 80.6 6
1741073650680 80.9 7
1741073660724 81.7 8
1741073670816 82.2 9
1741073680855 82.9 10
1741073690900 83.7 11
1741073700946 84.2 12
1741073710997 84.3 13
1741073721042 84.4 14
1741073731141 87.8 15
1741073741195 85.9 16
1741073751233 86.5 17
1741073761265 87.8 18
1741073771322 89.5 19
1741073781375 90.6 20
1741073791463 90.2 21
1741073801522 90.7 22
1741073811573 91.3 23
1741073821622 91.3 24
1741073831682 92.0 25
1741073841742 92.6 26
1741073851832 93.4 27
1741073862035 85.6 28
1741073872100 85.5 29
1741073882619 85.5 30
1741073892684 86.1 31
1741073902750 86.2 32
1741073912852 86.9 33
1741073922922 87.4 34
1741073932993 88.1 35
1741073943039 89.3 36
1741073953117 90.2 37
1741073963194 90.4 38
1741073973288 91.6 39
1741073983350 93.0 40
1741073993432 94.0 41
1741074003477 93.7 42
1741074013536 94.3 43
1741074023868 94.3 44
1741074033983 89.2 45
1741074044032 90.3 46
1741074054086 90.1 47
1741074064155 91.7 48
1741074074433 88.2 49
1741074084476 89.7 50
1741074094651 89.8 51
1741074105002 90.2 52
1741074115082 90.2 53
1741074125142 90.7 54
1741074135205 90.9 55
1741074145510 92.0 56
1741074155649 92.9 57
1741074165757 93.6 58
1741074175796 93.6 59
1741074185848 93.2 60
1741074195937 93.7 61
1741074205985 93.4 62
1741074216063 89.5 63
1741074226203 86.4 64
1741074236271 86.5 65
1741074246360 86.3 66
1741074256501 86.7 67
1741074266568 86.8 68
1741074276605 86.9 69
1741074286707 87.2 70
1741074296786 87.8 71
1741074306834 88.2 72
1741074316935 88.9 73
1741074326996 88.8 74
1741074337068 89.5 75
1741074347152 89.6 76
1741074357200 90.2 77
1741074367260 90.6 78
1741074377393 91.2 79
1741074387444 91.7 80
1741074397573 92.2 81
1741074407672 92.9 82
1741074417712 94.8 83
1741074428067 94.7 84
1741074438172 87.3 85
1741074448241 87.1 86
1741074458304 87.1 87
1741074469074 87.0 88
1741074479145 86.2 89
1741074489209 86.3 90
1741074499314 86.6 91
1741074509580 86.9 92
1741074519650 87.3 93
1741074529762 87.7 94
1741074539826 88.3 95
1741074549889 88.9 96
1741074559982 89.4 97
1741074570061 89.8 98
1741074580119 90.1 99
1741074590201 90.6 100
1741074600246 91.8 101
1741074610299 91.8 102
1741074620394 92.5 103
1741074630452 93.0 104
1741074640516 93.4 105
1741074650615 86.3 106
1741074660677 86.2 107
1741074670731 86.5 108
1741074680860 86.3 109
1741074691222 88.1 110
1741074701288 86.6 111
1741074711348 87.2 112
1741074721497 86.8 113
1741074731562 87.5 114
1741074741628 87.7 115
1741074751753 88.1 116
1741074761801 88.6 117
1741074772154 89.3 118
1741074782231 89.7 119
1741074792316 90.2 120
1741074802397 90.7 121
1741074812490 91.2 122
1741074822573 91.5 123
1741074832635 92.6 124
1741074842732 92.9 125
1741074852802 93.5 126
1741074862861 89.6 127
1741074872996 86.3 128
1741074883070 86.1 129
1741074893567 86.4 130
1741074903624 86.4 131
1741074913692 88.9 132
1741074923756 86.7 133
1741074933874 87.0 134
1741074943943 87.4 135
1741074953999 88.1 136
1741074964054 88.4 137
1741074974110 88.8 138
1741074984429 89.3 139
1741074994575 89.8 140
1741075004627 90.2 141
1741075014682 90.9 142
1741075024771 91.4 143
1741075034824 91.8 144
1741075044895 92.3 145
1741075054999 92.9 146
1741075065046 93.3 147
1741075075122 93.9 148
1741075085209 94.1 149
1741075095282 86.7 150
1741075105365 86.8 151
1741075115910 86.6 152
1741075126306 86.8 153
1741075136431 87.3 154
1741075146484 87.5 155
1741075156555 87.6 156
1741075166593 87.9 157
1741075176881 88.2 158
1741075186941 88.4 159
1741075197011 89.1 160
1741075207064 89.6 161
1741075217130 90.6 162
1741075227186 91.1 163
1741075237251 92.7 164
1741075247488 92.5 165
1741075257785 93.1 166
1741075268185 93.8 167
1741075278372 94.2 168
1741075288426 94.5 169
1741075298479 94.8 170
1741075308616 95.2 171
1741075318672 90.4 172
1741075328716 90.4 173
1741075338904 90.4 174
1741075348990 90.6 175
1741075359058 92.6 176
1741075369103 91.9 177
1741075379154 91.7 178
1741075389262 90.5 179
1741075399310 90.0 180
1741075409849 89.8 181
1741075419977 89.7 182
1741075430033 89.7 183
1741075440114 90.1 184
1741075450257 90.7 185
1741075460322 91.1 186
1741075470595 91.5 187
1741075480742 91.9 188
1741075490789 92.1 189
1741075500841 93.0 190
1741075510981 93.6 191
1741075521054 94.1 192
1741075531133 94.3 193
1741075542003 90.9 194
1741075552065 90.8 195
1741075562138 91.0 196
1741075572238 91.0 197
1741075582338 91.4 198
1741075592725 90.6 199
1741075602770 90.5 200
1741075612875 90.8 201
1741075622939 90.5 202
1741075632992 90.6 203
1741075643038 91.8 204
1741075653142 91.6 205
1741075663183 91.9 206
1741075673220 91.7 207
1741075683337 92.3 208
1741075693907 92.8 209
1741075704014 93.9 210
1741075714119 93.8 211
1741075724269 94.5 212
1741075734364 90.9 213
1741075744405 91.9 214
1741075754464 91.9 215
1741075764512 92.0 216
1741075774575 94.0 217
1741075784638 91.7 218
1741075794750 91.7 219
1741075804797 91.3 220
1741075814869 91.2 221
1741075825026 91.3 222
1741075835652 91.0 223
1741075845723 90.9 224
1741075855839 91.2 225
1741075865892 91.4 226
1741075875959 91.9 227
1741075886056 92.2 228
1741075896106 92.7 229
1741075906160 93.0 230
1741075916802 93.6 231
1741075926874 93.1 232
1741075936934 93.7 233
1741075947465 93.8 234
1741075958033 91.4 235
1741075968530 91.3 236
1741075978891 91.4 237
1741075989160 91.6 238
1741075999275 91.8 239
1741076009326 91.7 240
1741076019430 92.0 241
1741076029487 91.7 242
1741076039551 92.5 243
1741076050300 89.9 244
1741076060352 89.9 245
1741076070399 90.0 246
1741076080521 89.7 247
1741076090573 89.7 248
1741076100637 89.9 249
1741076110767 90.0 250
1741076120838 90.0 251
1741076130924 90.4 252
1741076141068 90.7 253
1741076151141 91.2 254
1741076161242 91.8 255
1741076171355 92.3 256
1741076181415 92.7 257
1741076191472 89.7 258
1741076201740 89.6 259
1741076212214 89.6 260
1741076222361 88.9 261
1741076232495 89.2 262
1741076242571 89.2 263
1741076252646 89.2 264
1741076262792 89.1 265
1741076272869 89.4 266
1741076282922 89.4 267
1741076293022 89.5 268
1741076303107 89.5 269
1741076313178 89.5 270
1741076323304 89.3 271
1741076333368 89.3 272
1741076343443 89.5 273
1741076353542 89.8 274
1741076363622 90.3 275
1741076373703 90.7 276
1741076383777 91.0 277
1741076393844 91.4 278
1741076403904 92.0 279
1741076414054 92.6 280
1741076424195 91.4 281
1741076434251 91.3 282
1741076444310 91.2 283
1741076454668 91.3 284
1741076464775 91.5 285
1741076474813 92.1 286
1741076484992 89.5 287
1741076495090 88.4 288
1741076505175 88.2 289
1741076515300 88.4 290
1741076525377 88.5 291
1741076535443 88.4 292
1741076545617 88.4 293
1741076555898 88.3 294
1741076565968 88.3 295
1741076576151 88.5 296
1741076586541 88.6 297
1741076597053 88.6 298
1741076607148 88.6 299
1741076617337 88.5 300
1741076627470 88.6 301
1741076637777 88.7 302
1741076648149 88.7 303
1741076658213 89.1 304
1741076668329 89.6 305
1741076678403 90.0 306
1741076688750 88.5 307
1741076698890 88.7 308
1741076708956 88.7 309
1741076719175 88.6 310
1741076729778 88.7 311
1741076740255 88.9 312
1741076750313 88.8 313
1741076760373 89.0 314
1741076770488 89.1 315
1741076780542 89.1 316
1741076790594 89.1 317
1741076800711 88.9 318
1741076810768 88.9 319
1741076821163 89.1 320
1741076831494 89.2 321
1741076841944 89.2 322
1741076852349 89.2 323
1741076862562 89.0 324
1741076873073 89.0 325
1741076883136 89.3 326
1741076893482 89.7 327
1741076903559 90.0 328
1741076913628 90.4 329
1741076923774 85.4 330
1741076933848 85.4 331
1741076943898 86.1 332
1741076954598 85.0 333
1741076964677 85.1 334
1741076974736 86.8 335
1741076984804 85.4 336
1741076994881 85.4 337
1741077004937 85.6 338
1741077015126 85.7 339
1741077025341 85.7 340
1741077035601 85.6 341
1741077045983 85.4 342
1741077056428 85.7 343
1741077066863 86.0 344
1741077077481 86.5 345
1741077088213 87.0 346
1741077098722 87.3 347
1741077109369 87.9 348
1741077119786 88.5 349
1741077130450 88.8 350
1741077141080 89.1 351
1741077151636 89.6 352
1741077161756 90.1 353
1741077171977 88.0 354
1741077182057 88.0 355
1741077192183 88.0 356
1741077202234 88.0 357
1741077212311 88.0 358
1741077222422 89.7 359
1741077232491 88.6 360
1741077242574 88.7 361
1741077252722 88.5 362
1741077262817 88.5 363
1741077272911 88.5 364
1741077283049 88.4 365
1741077293107 88.6 366
1741077303486 88.6 367
1741077314190 88.8 368
1741077324957 88.7 369
1741077335349 88.7 370
1741077345952 88.7 371
1741077356340 89.2 372
1741077366609 89.4 373
1741077377064 89.8 374
1741077387358 90.3 375
1741077397461 91.0 376
1741077407566 91.2 377
1741077417681 90.8 378
1741077428472 90.7 379
1741077438615 90.7 380
1741077448947 90.7 381
1741077459093 90.8 382
1741077469145 90.8 383
1741077479261 90.9 384
1741077489318 90.9 385
1741077499424 91.0 386
1741077509574 90.9 387
1741077519640 90.8 388
1741077529691 90.8 389
1741077540333 91.0 390
1741077550851 91.1 391
1741077561222 91.0 392
1741077571925 91.0 393
1741077582707 90.9 394
1741077592977 90.9 395
1741077603680 91.0 396
1741077614525 91.0 397
1741077624580 90.9 398
1741077634676 91.2 399
1741077644796 91.4 400
1741077654892 90.9 401
1741077665688 91.0 402
1741077675817 91.0 403
1741077686274 91.3 404
1741077696918 91.2 405
1741077707654 91.1 406
1741077718350 91.8 407
1741077728969 91.6 408
1741077739446 91.8 409
1741077750105 91.8 410
1741077760484 91.8 411
1741077771070 91.8 412
1741077781692 91.8 413
1741077792658 91.9 414
1741077803492 91.8 415
1741077814399 91.8 416
1741077824883 91.8 417
1741077835405 91.8 418
1741077845840 92.3 419
1741077855958 91.2 420
1741077866022 91.1 421
1741077876102 91.2 422
1741077886230 91.5 423
1741077896505 92.2 424
1741077907445 92.6 425
1741077917521 90.8 426
1741077928353 90.9 427
1741077938452 90.7 428
1741077949116 90.6 429
1741077961108 90.9 430
1741077971839 91.3 431
1741077982394 91.3 432
1741077993293 91.3 433
1741078004095 91.2 434
1741078014846 91.3 435
1741078025434 91.5 436
1741078036179 91.7 437
1741078046741 91.6 438
1741078056811 91.5 439
1741078066891 91.4 440
1741078076973 91.6 441
1741078087026 91.6 442
1741078097101 91.6 443
1741078107649 91.6 444
1741078117882 91.6 445
1741078128723 91.9 446
1741078139595 92.6 447
1741078149655 93.0 448
1741078159754 93.1 449
1741078169875 91.3 450
1741078179976 91.2 451
1741078190084 91.0 452
1741078200967 91.2 453
1741078211057 91.3 454
1741078221138 92.2 455
1741078231971 90.4 456
1741078242042 90.2 457
1741078252115 90.3 458
1741078262197 90.5 459
1741078272273 90.6 460
1741078283151 90.3 461
1741078294084 90.3 462
1741078304891 90.1 463
1741078314967 90.2 464
1741078325040 90.3 465
1741078335204 90.3 466
1741078345351 90.3 467
1741078355454 90.3 468
1741078365604 90.3 469
1741078375669 90.8 470
1741078385766 91.0 471
1741078395898 91.2 472
1741078405997 91.6 473
1741078416059 92.0 474
1741078426211 91.5 475
1741078436271 91.6 476
1741078446348 91.6 477
1741078456470 91.6 478
1741078467408 91.6 479
1741078477484 91.5 480
1741078487670 94.3 481
1741078498822 91.9 482
1741078509643 91.9 483
1741078520709 91.9 484
1741078530834 91.9 485
1741078540956 91.8 486
1741078551050 91.8 487
1741078561184 92.0 488
1741078571254 92.1 489
1741078581341 93.6 490
1741078591850 94.1 491
1741078601961 93.5 492
1741078612167 92.6 493
1741078622292 92.6 494
1741078632425 92.6 495
1741078642554 92.7 496
1741078652730 93.2 497
1741078662848 89.2 498
1741078672949 89.0 499
1741078684274 89.2 500
1741078694443 89.0 501
1741078704539 89.5 502
1741078714642 89.4 503
1741078724742 89.3 504
1741078734847 89.4 505
1741078744899 89.8 506
1741078755009 90.5 507
1741078765071 90.5 508
1741078775147 91.0 509
1741078785963 91.9 510
1741078796311 91.0 511
1741078806437 91.6 512
1741078816650 92.1 513
1741078826773 92.8 514
1741078836882 93.4 515
1741078847021 92.6 516
1741078857141 92.8 517
1741078867251 92.7 518
1741078877372 92.6 519
1741078887487 94.5 520
1741078897610 92.8 521
1741078907722 92.4 522
1741078917836 91.6 523
1741078927945 89.9 524
1741078938065 89.8 525
1741078948183 89.9 526
1741078958269 89.8 527
1741078968384 89.8 528
1741078978500 89.8 529
1741078988606 89.8 530
1741078998711 89.8 531
1741079008838 90.1 532
1741079018977 90.4 533
1741079029088 88.9 534
1741079039192 89.1 535
1741079049292 89.1 536
1741079059401 88.9 537
1741079069908 90.9 538
1741079080027 88.8 539
1741079090882 88.8 540
1741079101009 89.0 541
1741079111148 89.7 542
1741079121454 86.4 543
1741079131583 86.2 544
1741079141716 86.1 545
1741079152084 86.1 546
1741079162234 86.6 547
1741079172341 86.7 548
1741079182498 87.1 549
1741079192627 87.6 550
1741079202754 88.0 551
1741079212957 87.8 552
1741079223244 87.9 553
1741079233358 86.4 554
1741079243481 86.4 555
1741079253602 88.3 556
1741079263764 86.5 557
1741079273893 86.6 558
1741079284011 86.8 559
1741079294266 86.8 560
1741079304497 86.8 561
1741079314840 86.7 562
1741079325230 86.6 563
1741079335551 86.7 564
1741079345928 86.8 565
1741079356240 86.7 566
1741079366675 86.7 567
1741079377062 86.6 568
1741079387187 87.1 569
1741079397528 87.0 570
1741079407927 87.1 571
1741079418404 87.1 572
1741079428553 87.0 573
1741079438677 88.9 574
1741079448819 87.1 575
1741079459060 87.2 576
1741079469177 87.1 577
1741079479347 87.1 578
1741079489508 87.1 579
1741079499800 87.1 580
1741079510325 87.1 581
1741079520737 87.3 582
1741079531320 87.3 583
1741079542091 87.3 584
1741079552707 87.3 585
1741079562958 87.3 586
1741079573372 87.7 587
1741079584115 83.8 588
1741079594581 83.8 589
1741079604981 83.8 590
1741079615107 83.7 591
1741079625488 85.9 592
1741079635800 84.0 593
1741079646017 84.2 594
1741079656517 84.2 595
1741079666759 84.2 596
1741079677093 84.1 597
1741079687524 84.1 598
1741079698078 84.4 599
1741079708517 84.8 600
1741079718996 85.4 601
1741079729684 86.0 602
1741079740466 86.5 603
1741079750981 87.2 604
1741079761364 87.9 605
1741079772190 87.0 606
1741079782927 86.8 607
1741079793548 86.7 608
1741079803692 86.6 609
1741079814401 88.4 610
1741079824957 87.2 611
1741079835257 87.2 612
1741079845631 87.1 613
1741079856006 87.0 614
1741079866571 87.0 615
1741079877102 87.2 616
1741079887617 87.2 617
1741079898096 87.2 618
1741079908699 87.2 619
1741079919468 87.0 620
1741079930100 87.2 621
1741079940691 87.9 622
1741079951078 88.4 623
1741079961180 88.4 624
1741079971456 88.4 625
1741079981562 88.2 626
1741079991733 88.2 627
1741080001847 88.5 628
1741080011945 88.6 629
1741080022058 87.3 630
1741080032280 87.4 631
1741080042906 87.5 632
1741080053431 87.6 633
1741080064167 88.0 634
1741080074828 88.0 635
1741080085364 88.0 636
1741080095472 88.0 637
1741080105580 88.2 638
1741080115695 88.1 639
1741080126507 88.1 640
1741080137155 88.0 641
1741080147266 88.4 642
1741080158119 87.9 643
1741080168225 88.0 644
1741080178469 87.9 645
1741080188594 87.6 646
1741080198727 88.9 647
1741080208900 87.5 648
1741080219467 87.4 649
1741080230169 87.5 650
1741080241115 87.7 651
1741080251812 87.7 652
1741080262440 87.5 653
1741080273283 87.5 654
1741080284264 87.4 655
1741080295114 87.5 656
1741080305986 87.7 657
1741080316826 87.6 658
1741080326944 87.6 659
1741080337043 87.8 660
1741080347142 88.3 661
1741080357239 87.7 662
1741080367561 87.6 663
1741080377664 87.6 664
1741080387790 87.6 665
1741080397883 90.0 666
1741080407980 87.6 667
1741080418399 87.8 668
1741080429198 87.9 669
1741080440210 87.9 670
1741080450869 87.9 671
1741080461565 87.7 672
1741080472578 87.9 673
1741080483418 87.9 674
1741080494379 88.0 675
1741080505305 88.0 676
1741080516093 87.9 677
1741080526913 88.0 678
1741080537735 88.5 679
1741080547841 87.7 680
1741080557955 87.7 681
1741080568433 87.7 682
1741080578740 87.6 683
1741080588883 87.6 684
1741080599223 87.6 685
1741080610082 87.7 686
1741080620151 88.0 687
1741080630565 88.5 688
1741080640976 89.8 689
1741080651076 90.3 690
1741080661163 91.1 691
1741080672710 91.1 692
1741080682861 89.9 693
1741080693461 89.9 694
1741080703539 88.9 695
1741080713953 89.0 696
1741080724063 89.2 697
1741080734891 89.2 698
1741080745036 89.2 699
1741080755614 89.4 700
1741080765702 89.6 701
1741080775867 90.2 702
1741080788267 90.4 703
1741080798383 90.1 704
1741080808620 89.7 705
1741080818756 89.6 706
1741080829351 89.6 707
1741080840621 89.9 708
1741080850767 90.0 709
1741080862722 90.0 710
1741080872784 90.3 711
1741080883091 90.2 712
1741080893254 90.1 713
1741080903339 90.4 714
1741080913421 90.7 715
1741080923605 89.0 716
1741080933695 89.1 717
1741080945030 89.0 718
1741080955517 89.1 719
1741080965570 89.4 720
1741080975637 89.4 721
1741080985833 89.3 722
1741080996420 89.3 723
1741081006516 89.3 724
1741081016919 89.3 725
1741081027002 89.3 726
1741081037628 87.5 727
1741081047781 87.5 728
1741081058892 87.4 729
1741081069011 87.4 730
1741081079645 88.0 731
1741081089837 88.4 732
1741081099944 84.9 733
1741081110336 84.8 734
1741081120514 84.7 735
1741081130751 84.7 736
1741081140856 84.9 737
1741081151024 85.0 738
1741081161125 85.7 739
1741081171465 85.4 740
1741081181619 85.3 741
1741081191702 85.4 742
1741081201778 85.6 743
1741081212244 85.6 744
1741081222313 85.6 745
1741081232747 85.3 746
1741081242921 85.2 747
1741081252995 85.2 748
1741081263075 85.4 749
1741081273953 85.4 750
1741081284117 85.5 751
1741081294839 85.5 752
1741081304953 85.6 753
1741081316297 85.8 754
1741081326403 86.4 755
1741081337968 86.7 756
1741081348128 87.2 757
1741081359541 87.5 758
1741081369623 87.8 759
1741081380671 88.5 760
1741081391390 88.9 761
1741081401478 88.1 762
1741081411691 88.0 763
1741081422859 88.0 764
1741081434353 87.9 765
1741081444467 88.1 766
1741081454577 88.2 767
1741081464894 90.3 768
1741081474998 88.3 769
1741081485984 88.4 770
1741081496126 88.5 771
1741081506846 88.5 772
1741081516941 88.5 773
1741081528305 88.5 774
1741081538426 88.4 775
1741081548693 88.3 776
1741081558792 88.5 777
1741081569265 88.6 778
1741081579321 88.6 779
1741081590381 88.7 780
1741081600512 88.6 781
1741081611638 88.6 782
1741081621761 88.6 783
1741081632964 88.8 784
1741081643056 88.8 785
1741081653918 88.8 786
1741081664007 88.7 787
1741081675170 89.0 788
1741081688133 89.6 789
1741081698202 88.7 790
1741081708960 88.6 791
1741081719059 88.5 792
1741081729680 88.5 793
1741081740919 88.7 794
1741081751156 88.8 795
1741081763092 88.8 796
1741081773189 89.0 797
1741081783734 88.9 798
1741081793817 88.9 799
1741081803995 89.0 800
1741081814138 89.1 801
1741081824515 88.3 802
1741081834621 88.8 803
1741081845683 88.6 804
1741081855823 88.9 805
1741081866352 88.9 806
1741081876420 89.0 807
1741081886576 88.9 808
1741081897136 88.8 809
1741081907214 88.8 810
1741081918640 88.9 811
1741081928731 89.0 812
1741081939554 88.9 813
1741081949659 89.0 814
1741081961054 89.1 815
1741081971173 89.3 816
1741081982582 89.7 817
1741081992722 90.2 818
1741082003947 89.9 819
1741082014032 89.8 820
1741082024640 89.7 821
1741082034739 89.8 822
1741082045654 89.9 823
1741082056123 90.0 824
1741082068852 90.0 825
1741082078948 89.2 826
1741082089679 89.2 827
1741082099833 89.4 828
1741082110590 89.4 829
1741082120740 89.4 830
1741082132030 89.2 831
1741082142174 89.0 832
1741082153523 89.0 833
1741082163612 89.2 834
1741082174765 89.3 835
1741082184840 89.3 836
1741082195925 89.2 837
1741082206054 89.2 838
1741082217536 89.3 839
1741082227627 89.3 840
1741082238326 89.3 841
1741082248477 89.3 842
1741082259570 89.2 843
1741082269674 89.2 844
1741082280489 89.4 845
1741082290761 89.6 846
1741082301114 89.9 847
1741082311197 89.4 848
1741082321368 89.3 849
1741082332257 89.3 850
1741082342355 89.5 851
1741082353753 89.6 852
1741082364086 89.6 853
1741082376934 89.6 854
1741082387011 89.9 855
1741082398597 89.9 856
1741082408722 89.9 857
1741082420119 90.0 858
1741082430296 90.0 859
1741082441265 90.0 860
1741082451366 89.9 861
1741082461442 90.1 862
1741082471784 90.1 863
1741082481871 90.1 864
1741082492488 90.0 865
1741082502648 89.9 866
1741082513988 89.9 867
1741082524086 90.1 868
1741082534204 90.1 869
1741082545000 90.1 870
1741082555108 90.2 871
1741082566805 90.1 872
1741082576961 90.1 873
1741082587077 89.7 874
1741082597868 89.8 875
1741082608024 90.1 876
1741082618087 89.4 877
1741082628155 89.5 878
1741082639880 89.6 879
1741082649952 89.7 880
1741082661228 89.7 881
1741082671383 89.7 882
1741082681651 89.5 883
1741082691765 89.8 884
1741082701837 90.2 885
1741082712594 90.3 886
1741082722699 90.2 887
1741082733047 88.4 888
1741082743184 88.5 889
1741082754122 88.5 890
1741082764223 88.6 891
1741082775315 88.7 892
1741082785411 88.8 893
1741082796037 88.7 894
1741082806130 88.6 895
1741082817223 88.8 896
1741082827335 88.8 897
1741082837440 88.8 898
1741082848572 88.9 899
1741082858678 88.7 900
1741082870236 88.7 901
1741082880366 88.8 902
1741082891861 88.9 903
1741082901986 89.0 904
1741082912093 89.3 905
1741082923147 89.6 906
1741082933280 88.9 907
1741082943367 88.8 908
1741082953905 88.8 909
1741082964026 88.8 910
1741082974132 88.8 911
1741082985224 88.6 912
1741082995299 88.7 913
1741083005415 92.2 914
1741083015718 90.9 915
1741083025785 90.8 916
1741083036526 89.8 917
1741083046914 90.2 918
1741083057005 90.9 919
1741083067071 91.9 920
1741083077219 92.6 921
1741083088553 92.1 922
1741083098594 92.4 923
1741083108758 92.8 924
1741083118854 93.3 925
1741083129767 93.1 926
1741083139918 92.7 927
1741083149984 92.9 928
1741083161249 93.7 929
1741083171375 92.8 930
1741083182025 93.3 931
1741083192429 92.9 932
1741083203115 89.1 933
1741083214000 89.1 934
1741083225266 88.9 935
1741083235432 89.2 936
1741083245908 89.4 937
1741083256082 89.2 938
1741083266226 88.8 939
1741083277323 88.7 940
1741083287402 88.5 941
1741083297534 88.8 942
1741083308657 88.7 943
1741083318869 88.8 944
1741083328949 88.7 945
1741083340625 88.4 946
1741083350791 88.3 947
1741083362312 88.4 948
1741083372439 88.4 949
1741083382612 88.6 950
1741083394172 89.1 951
1741083404314 89.7 952
1741083414360 89.8 953
1741083425470 90.5 954
1741083435552 89.3 955
1741083446753 89.7 956
1741083458061 89.9 957
1741083468173 89.7 958
1741083478249 89.8 959
1741083488413 89.6 960
1741083499062 89.6 961
1741083509181 89.2 962
1741083519281 88.9 963
1741083529986 91.9 964
1741083540247 89.7 965
1741083551312 90.6 966
1741083561719 90.7 967
1741083571797 90.8 968
1741083581931 90.8 969
