1741073580425 12013.0 0
1741073590464 12752.1 1
1741073600494 12907.9 2
1741073610522 13248.6 3
1741073620553 13338.9 4
1741073630592 13670.1 5
1741073640633 13593.4 6
1741073650680 13651.2 7
1741073660724 13783.9 8
1741073670816 13865.1 9
1741073680855 13990.5 10
1741073690900 14116.6 11
1741073700946 14203.5 12
1741073710997 14218.7 13
1741073721042 14230.0 14
1741073731141 14807.5 15
1741073741195 14489.7 16
1741073751233 14592.3 17
1741073761265 14817.5 18
1741073771322 15094.3 19
1741073781375 15285.8 20
1741073791463 15208.9 21
1741073801522 15302.4 22
1741073811573 15400.5 23
1741073821622 15404.9 24
1741073831682 15519.5 25
1741073841742 15627.0 26
1741073851832 15753.4 27
1741073862035 14434.1 28
1741073872100 14425.6 29
1741073882619 14428.8 30
1741073892684 14521.1 31
1741073902750 14546.5 32
1741073912852 14653.9 33
1741073922922 14744.0 34
1741073932993 14864.2 35
1741073943039 15062.9 36
1741073953117 15210.7 37
1741073963194 15244.4 38
1741073973288 15442.7 39
1741073983350 15684.9 40
1741073993432 15854.1 41
1741074003477 15800.0 42
1741074013536 15903.0 43
1741074023868 15898.3 44
1741074033983 15045.8 45
1741074044032 15233.6 46
1741074054086 15194.6 47
1741074064155 15465.1 48
1741074074433 14872.2 49
1741074084476 15124.4 50
1741074094651 15143.8 51
1741074105002 15209.2 52
1741074115082 15215.4 53
1741074125142 15294.7 54
1741074135205 15334.3 55
1741074145510 15525.3 56
1741074155649 15676.8 57
1741074165757 15784.7 58
1741074175796 15784.8 59
1741074185848 15727.6 60
1741074195937 15799.6 61
1741074205985 15759.5 62
1741074216063 15089.3 63
1741074226203 14567.4 64
1741074236271 14586.1 65
1741074246360 14558.6 66
1741074256501 14617.3 67
1741074266568 14641.9 68
1741074276605 14656.8 69
1741074286707 14704.6 70
1741074296786 14809.9 71
1741074306834 14880.9 72
1741074316935 14993.6 73
1741074326996 14983.7 74
1741074337068 15088.8 75
1741074347152 15107.2 76
1741074357200 15211.5 77
1741074367260 15285.5 78
1741074377393 15380.4 79
1741074387444 15475.2 80
1741074397573 15555.4 81
1741074407672 15661.5 82
1741074417712 15985.7 83
1741074428067 15978.4 84
1741074438172 14728.4 85
1741074448241 14699.5 86
1741074458304 14689.4 87
1741074469074 14667.0 88
1741074479145 14536.7 89
1741074489209 14551.9 90
1741074499314 14614.0 91
1741074509580 14657.0 92
1741074519650 14728.8 93
1741074529762 14789.6 94
1741074539826 14886.8 95
1741074549889 14987.7 96
1741074559982 15073.4 97
1741074570061 15150.6 98
1741074580119 15192.7 99
1741074590201 15282.2 100
1741074600246 15480.6 101
1741074610299 15487.9 102
1741074620394 15608.3 103
1741074630452 15685.5 104
1741074640516 15751.3 105
1741074650615 14549.8 106
1741074660677 14538.8 107
1741074670731 14591.2 108
1741074680860 14562.7 109
1741074691222 14856.8 110
1741074701288 14613.6 111
1741074711348 14700.1 112
1741074721497 14641.3 113
1741074731562 14756.8 114
1741074741628 14794.1 115
1741074751753 14865.2 116
1741074761801 14939.1 117
1741074772154 15063.3 118
1741074782231 15132.5 119
1741074792316 15218.5 120
1741074802397 15299.3 121
1741074812490 15384.7 122
1741074822573 15439.7 123
1741074832635 15610.7 124
1741074842732 15673.2 125
1741074852802 15766.1 126
1741074862861 15109.0 127
1741074872996 14549.2 128
1741074883070 14516.8 129
1741074893567 14573.0 130
1741074903624 14575.9 131
1741074913692 14990.3 132
1741074923756 14631.2 133
1741074933874 14678.1 134
1741074943943 14738.7 135
1741074953999 14853.8 136
1741074964054 14916.8 137
1741074974110 14977.5 138
1741074984429 15067.2 139
1741074994575 15142.6 140
1741075004627 15215.1 141
1741075014682 15326.2 142
1741075024771 15415.6 143
1741075034824 15485.2 144
1741075044895 15571.2 145
1741075054999 15672.4 146
1741075065046 15736.6 147
1741075075122 15846.2 148
1741075085209 15878.8 149
1741075095282 14629.2 150
1741075105365 14634.9 151
1741075115910 14613.2 152
1741075126306 14638.3 153
1741075136431 14732.5 154
1741075146484 14751.8 155
1741075156555 14769.2 156
1741075166593 14821.4 157
1741075176881 14868.7 158
1741075186941 14915.9 159
1741075197011 15030.3 160
1741075207064 15113.2 161
1741075217130 15274.5 162
1741075227186 15364.3 163
1741075237251 15628.6 164
1741075247488 15605.4 165
1741075257785 15703.1 166
1741075268185 15829.4 167
1741075278372 15886.6 168
1741075288426 15944.7 169
1741075298479 15987.9 170
1741075308616 16064.5 171
1741075318672 15251.8 172
1741075328716 15254.9 173
1741075338904 15244.4 174
1741075348990 15281.0 175
1741075359058 15625.5 176
1741075369103 15502.1 177
1741075379154 15463.3 178
1741075389262 15264.1 179
1741075399310 15182.3 180
1741075409849 15146.2 181
1741075419977 15123.6 182
1741075430033 15122.9 183
1741075440114 15201.6 184
1741075450257 15294.9 185
1741075460322 15362.2 186
1741075470595 15437.3 187
1741075480742 15503.4 188
1741075490789 15541.4 189
1741075500841 15692.7 190
1741075510981 15780.9 191
1741075521054 15866.4 192
1741075531133 15910.4 193
1741075542003 15327.6 194
1741075552065 15317.3 195
1741075562138 15353.9 196
1741075572238 15356.1 197
1741075582338 15418.4 198
1741075592725 15276.0 199
1741075602770 15271.9 200
1741075612875 15312.1 201
1741075622939 15270.5 202
1741075632992 15280.9 203
1741075643038 15481.1 204
1741075653142 15455.6 205
1741075663183 15499.8 206
1741075673220 15461.2 207
1741075683337 15564.1 208
1741075693907 15653.5 209
1741075704014 15833.6 210
1741075714119 15817.1 211
1741075724269 15935.1 212
1741075734364 15337.2 213
1741075744405 15502.0 214
1741075754464 15507.3 215
1741075764512 15513.5 216
1741075774575 15852.0 217
1741075784638 15471.9 218
1741075794750 15464.2 219
1741075804797 15393.5 220
1741075814869 15389.8 221
1741075825026 15395.9 222
1741075835652 15352.6 223
1741075845723 15332.1 224
1741075855839 15381.3 225
1741075865892 15416.7 226
1741075875959 15498.4 227
1741075886056 15557.3 228
1741075896106 15642.6 229
1741075906160 15690.4 230
1741075916802 15783.5 231
1741075926874 15695.2 232
1741075936934 15803.6 233
1741075947465 15822.1 234
1741075958033 15410.0 235
1741075968530 15403.4 236
1741075978891 15417.3 237
1741075989160 15447.3 238
1741075999275 15489.0 239
1741076009326 15472.1 240
1741076019430 15514.0 241
1741076029487 15471.5 242
1741076039551 15602.3 243
1741076050300 15166.2 244
1741076060352 15165.8 245
1741076070399 15175.1 246
1741076080521 15137.7 247
1741076090573 15135.7 248
1741076100637 15168.1 249
1741076110767 15183.8 250
1741076120838 15186.2 251
1741076130924 15250.6 252
1741076141068 15304.2 253
1741076151141 15378.4 254
1741076161242 15476.7 255
1741076171355 15572.3 256
1741076181415 15638.4 257
1741076191472 15134.8 258
1741076201740 15111.9 259
1741076212214 15113.2 260
1741076222361 14991.1 261
1741076232495 15039.0 262
1741076242571 15052.9 263
1741076252646 15050.9 264
1741076262792 15036.4 265
1741076272869 15075.4 266
1741076282922 15080.7 267
1741076293022 15099.9 268
1741076303107 15098.9 269
1741076313178 15087.4 270
1741076323304 15060.3 271
1741076333368 15066.3 272
1741076343443 15099.4 273
1741076353542 15146.3 274
1741076363622 15231.5 275
1741076373703 15295.5 276
1741076383777 15344.0 277
1741076393844 15416.7 278
1741076403904 15524.0 279
1741076414054 15611.0 280
1741076424195 15424.4 281
1741076434251 15397.7 282
1741076444310 15387.4 283
1741076454668 15401.6 284
1741076464775 15439.6 285
1741076474813 15540.1 286
1741076484992 15089.1 287
1741076495090 14904.2 288
1741076505175 14874.5 289
1741076515300 14903.0 290
1741076525377 14933.0 291
1741076535443 14912.3 292
1741076545617 14909.5 293
1741076555898 14894.0 294
1741076565968 14894.8 295
1741076576151 14928.7 296
1741076586541 14948.5 297
1741076597053 14943.0 298
1741076607148 14949.6 299
1741076617337 14931.6 300
1741076627470 14938.1 301
1741076637777 14956.3 302
1741076648149 14965.4 303
1741076658213 15021.9 304
1741076668329 15109.0 305
1741076678403 15176.8 306
1741076688750 14929.0 307
1741076698890 14956.4 308
1741076708956 14955.9 309
1741076719175 14938.4 310
1741076729778 14957.1 311
1741076740255 15001.8 312
1741076750313 14978.0 313
1741076760373 15016.3 314
1741076770488 15032.7 315
1741076780542 15022.7 316
1741076790594 15021.5 317
1741076800711 15002.9 318
1741076810768 14994.3 319
1741076821163 15022.2 320
1741076831494 15044.7 321
1741076841944 15043.2 322
1741076852349 15038.8 323
1741076862562 15013.3 324
1741076873073 15017.1 325
1741076883136 15054.1 326
1741076893482 15128.9 327
1741076903559 15179.7 328
1741076913628 15250.3 329
1741076923774 14409.2 330
1741076933848 14398.5 331
1741076943898 14520.5 332
1741076954598 14334.6 333
1741076964677 14349.7 334
1741076974736 14633.6 335
1741076984804 14399.9 336
1741076994881 14402.1 337
1741077004937 14444.8 338
1741077015126 14451.7 339
1741077025341 14449.2 340
1741077035601 14444.5 341
1741077045983 14409.8 342
1741077056428 14458.6 343
1741077066863 14500.9 344
1741077077481 14586.3 345
1741077088213 14666.0 346
1741077098722 14727.7 347
1741077109369 14821.1 348
1741077119786 14926.0 349
1741077130450 14979.3 350
1741077141080 15034.7 351
1741077151636 15117.3 352
1741077161756 15194.3 353
1741077171977 14836.8 354
1741077182057 14843.0 355
1741077192183 14840.3 356
1741077202234 14847.6 357
1741077212311 14843.7 358
1741077222422 15125.1 359
1741077232491 14938.6 360
1741077242574 14956.6 361
1741077252722 14927.3 362
1741077262817 14919.7 363
1741077272911 14927.9 364
1741077283049 14908.1 365
1741077293107 14940.2 366
1741077303486 14940.6 367
1741077314190 14983.9 368
1741077324957 14966.2 369
1741077335349 14967.2 370
1741077345952 14965.2 371
1741077356340 15041.7 372
1741077366609 15078.7 373
1741077377064 15150.6 374
1741077387358 15233.6 375
1741077397461 15349.2 376
1741077407566 15380.8 377
1741077417681 15314.7 378
1741077428472 15294.0 379
1741077438615 15298.2 380
1741077448947 15292.9 381
1741077459093 15310.0 382
1741077469145 15306.7 383
1741077479261 15327.7 384
1741077489318 15337.9 385
1741077499424 15340.8 386
1741077509574 15331.4 387
1741077519640 15323.2 388
1741077529691 15311.3 389
1741077540333 15346.9 390
1741077550851 15357.6 391
1741077561222 15352.2 392
1741077571925 15348.6 393
1741077582707 15328.3 394
1741077592977 15324.9 395
1741077603680 15348.2 396
1741077614525 15341.8 397
1741077624580 15339.9 398
1741077634676 15374.8 399
1741077644796 15424.3 400
1741077654892 15328.1 401
1741077665688 15347.3 402
1741077675817 15356.0 403
1741077686274 15397.7 404
1741077696918 15388.1 405
1741077707654 15371.0 406
1741077718350 15484.1 407
1741077728969 15458.4 408
1741077739446 15478.7 409
1741077750105 15478.1 410
1741077760484 15479.8 411
1741077771070 15477.7 412
1741077781692 15483.7 413
1741077792658 15495.3 414
1741077803492 15482.6 415
1741077814399 15481.9 416
1741077824883 15480.1 417
1741077835405 15483.3 418
1741077845840 15570.2 419
1741077855958 15381.5 420
1741077866022 15368.9 421
1741077876102 15390.6 422
1741077886230 15438.1 423
1741077896505 15550.2 424
1741077907445 15611.4 425
1741077917521 15320.6 426
1741077928353 15324.5 427
1741077938452 15293.5 428
1741077949116 15286.9 429
1741077961108 15329.4 430
1741077971839 15402.5 431
1741077982394 15394.6 432
1741077993293 15396.2 433
1741078004095 15374.9 434
1741078014846 15396.9 435
1741078025434 15429.8 436
1741078036179 15462.0 437
1741078046741 15451.5 438
1741078056811 15439.8 439
1741078066891 15417.2 440
1741078076973 15445.1 441
1741078087026 15450.0 442
1741078097101 15442.0 443
1741078107649 15444.2 444
1741078117882 15454.5 445
1741078128723 15501.4 446
1741078139595 15613.7 447
1741078149655 15684.6 448
1741078159754 15705.4 449
1741078169875 15391.4 450
1741078179976 15378.6 451
1741078190084 15346.2 452
1741078200967 15389.0 453
1741078211057 15402.4 454
1741078221138 15553.9 455
1741078231971 15240.8 456
1741078242042 15221.4 457
1741078252115 15222.6 458
1741078262197 15261.1 459
1741078272273 15276.6 460
1741078283151 15234.6 461
1741078294084 15225.7 462
1741078304891 15205.3 463
1741078314967 15209.4 464
1741078325040 15233.5 465
1741078335204 15234.6 466
1741078345351 15231.8 467
1741078355454 15230.5 468
1741078365604 15230.9 469
1741078375669 15316.4 470
1741078385766 15340.8 471
1741078395898 15389.0 472
1741078405997 15445.8 473
1741078416059 15514.8 474
1741078426211 15427.7 475
1741078436271 15446.0 476
1741078446348 15450.1 477
1741078456470 15454.3 478
1741078467408 15448.0 479
1741078477484 15438.9 480
1741078487670 15905.2 481
1741078498822 15507.3 482
1741078509643 15506.5 483
1741078520709 15506.5 484
1741078530834 15505.7 485
1741078540956 15482.3 486
1741078551050 15485.9 487
1741078561184 15524.7 488
1741078571254 15529.6 489
1741078581341 15789.9 490
1741078591850 15869.2 491
1741078601961 15771.3 492
1741078612167 15622.4 493
1741078622292 15625.9 494
1741078632425 15624.1 495
1741078642554 15636.1 496
1741078652730 15721.7 497
1741078662848 15050.5 498
1741078672949 15014.9 499
1741078684274 15049.4 500
1741078694443 15018.1 501
1741078704539 15096.1 502
1741078714642 15081.1 503
1741078724742 15066.1 504
1741078734847 15078.8 505
1741078744899 15138.4 506
1741078755009 15256.7 507
1741078765071 15264.8 508
1741078775147 15355.0 509
1741078785963 15502.6 510
1741078796311 15352.0 511
1741078806437 15447.4 512
1741078816650 15540.3 513
1741078826773 15648.1 514
1741078836882 15754.3 515
1741078847021 15624.9 516
1741078857141 15653.3 517
1741078867251 15643.7 518
1741078877372 15619.6 519
1741078887487 15931.8 520
1741078897610 15651.8 521
1741078907722 15589.4 522
1741078917836 15454.1 523
1741078927945 15163.0 524
1741078938065 15154.7 525
1741078948183 15155.7 526
1741078958269 15144.1 527
1741078968384 15140.3 528
1741078978500 15154.6 529
1741078988606 15152.0 530
1741078998711 15151.1 531
1741079008838 15190.6 532
1741079018977 15243.0 533
1741079029088 14998.7 534
1741079039192 15035.8 535
1741079049292 15031.8 536
1741079059401 14998.7 537
1741079069908 15328.4 538
1741079080027 14970.5 539
1741079090882 14973.6 540
1741079101009 15018.6 541
1741079111148 15125.9 542
1741079121454 14569.6 543
1741079131583 14535.3 544
1741079141716 14515.7 545
1741079152084 14522.3 546
1741079162234 14604.6 547
1741079172341 14619.8 548
1741079182498 14691.2 549
1741079192627 14780.0 550
1741079202754 14846.6 551
1741079212957 14804.3 552
1741079223244 14824.8 553
1741079233358 14565.0 554
1741079243481 14567.3 555
1741079253602 14885.4 556
1741079263764 14589.4 557
1741079273893 14599.2 558
1741079284011 14634.7 559
1741079294266 14644.5 560
1741079304497 14640.0 561
1741079314840 14624.9 562
1741079325230 14614.5 563
1741079335551 14624.8 564
1741079345928 14648.1 565
1741079356240 14617.7 566
1741079366675 14622.0 567
1741079377062 14614.9 568
1741079387187 14684.4 569
1741079397528 14674.2 570
1741079407927 14687.8 571
1741079418404 14690.4 572
1741079428553 14678.8 573
1741079438677 14988.5 574
1741079448819 14686.3 575
1741079459060 14710.5 576
1741079469177 14691.3 577
1741079479347 14696.9 578
1741079489508 14699.3 579
1741079499800 14691.5 580
1741079510325 14690.5 581
1741079520737 14719.1 582
1741079531320 14731.6 583
1741079542091 14730.7 584
1741079552707 14729.9 585
1741079562958 14723.2 586
1741079573372 14792.9 587
1741079584115 14127.0 588
1741079594581 14134.1 589
1741079604981 14132.8 590
1741079615107 14124.9 591
1741079625488 14488.9 592
1741079635800 14175.5 593
1741079646017 14201.5 594
1741079656517 14201.9 595
1741079666759 14200.9 596
1741079677093 14192.5 597
1741079687524 14177.1 598
1741079698078 14227.3 599
1741079708517 14303.4 600
1741079718996 14405.3 601
1741079729684 14509.5 602
1741079740466 14589.5 603
1741079750981 14707.5 604
1741079761364 14824.4 605
1741079772190 14675.6 606
1741079782927 14642.0 607
1741079793548 14630.7 608
1741079803692 14600.3 609
1741079814401 14917.0 610
1741079824957 14706.2 611
1741079835257 14699.7 612
1741079845631 14699.3 613
1741079856006 14678.4 614
1741079866571 14669.6 615
1741079877102 14703.0 616
1741079887617 14700.3 617
1741079898096 14704.4 618
1741079908699 14701.9 619
1741079919468 14673.2 620
1741079930100 14706.0 621
1741079940691 14820.8 622
1741079951078 14913.1 623
1741079961180 14915.2 624
1741079971456 14907.4 625
1741079981562 14876.5 626
1741079991733 14872.4 627
1741080001847 14926.6 628
1741080011945 14940.1 629
1741080022058 14721.2 630
1741080032280 14749.6 631
1741080042906 14752.7 632
1741080053431 14783.4 633
1741080064167 14837.7 634
1741080074828 14844.9 635
1741080085364 14844.1 636
1741080095472 14847.3 637
1741080105580 14871.6 638
1741080115695 14861.2 639
1741080126507 14854.4 640
1741080137155 14847.8 641
1741080147266 14909.9 642
1741080158119 14833.9 643
1741080168225 14837.6 644
1741080178469 14830.6 645
1741080188594 14773.3 646
1741080198727 14988.8 647
1741080208900 14766.6 648
1741080219467 14743.7 649
1741080230169 14750.8 650
1741080241115 14789.4 651
1741080251812 14797.0 652
1741080262440 14766.9 653
1741080273283 14763.0 654
1741080284264 14740.1 655
1741080295114 14750.6 656
1741080305986 14786.8 657
1741080316826 14778.0 658
1741080326944 14783.6 659
1741080337043 14807.6 660
1741080347142 14900.6 661
1741080357239 14790.0 662
1741080367561 14780.4 663
1741080377664 14772.8 664
1741080387790 14771.1 665
1741080397883 15179.8 666
1741080407980 14771.8 667
1741080418399 14814.2 668
1741080429198 14828.8 669
1741080440210 14830.8 670
1741080450869 14825.7 671
1741080461565 14796.4 672
1741080472578 14818.0 673
1741080483418 14826.8 674
1741080494379 14837.2 675
1741080505305 14837.8 676
1741080516093 14834.2 677
1741080526913 14843.8 678
1741080537735 14925.3 679
1741080547841 14796.2 680
1741080557955 14795.4 681
1741080568433 14792.1 682
1741080578740 14773.3 683
1741080588883 14775.1 684
1741080599223 14782.5 685
1741080610082 14794.9 686
1741080620151 14844.7 687
1741080630565 14921.4 688
1741080640976 15150.4 689
1741080651076 15230.6 690
1741080661163 15358.4 691
1741080672710 15365.1 692
1741080682861 15167.4 693
1741080693461 15161.4 694
1741080703539 15003.0 695
1741080713953 15016.1 696
1741080724063 15042.4 697
1741080734891 15042.2 698
1741080745036 15040.7 699
1741080755614 15085.7 700
1741080765702 15112.0 701
1741080775867 15213.6 702
1741080788267 15245.4 703
1741080798383 15192.1 704
1741080808620 15130.1 705
1741080818756 15113.1 706
1741080829351 15106.1 707
1741080840621 15163.1 708
1741080850767 15181.0 709
1741080862722 15177.6 710
1741080872784 15231.4 711
1741080883091 15208.4 712
1741080893254 15203.4 713
1741080903339 15247.3 714
1741080913421 15306.5 715
1741080923605 15007.5 716
1741080933695 15023.2 717
1741080945030 15017.1 718
1741080955517 15030.5 719
1741080965570 15077.5 720
1741080975637 15075.0 721
1741080985833 15061.3 722
1741080996420 15059.2 723
1741081006516 15056.8 724
1741081016919 15067.9 725
1741081027002 15060.9 726
1741081037628 14765.9 727
1741081047781 14760.5 728
1741081058892 14739.2 729
1741081069011 14741.7 730
1741081079645 14843.6 731
1741081089837 14907.4 732
1741081099944 14314.8 733
1741081110336 14304.2 734
1741081120514 14282.8 735
1741081130751 14283.3 736
1741081140856 14323.7 737
1741081151024 14338.4 738
1741081161125 14456.9 739
1741081171465 14408.6 740
1741081181619 14395.5 741
1741081191702 14397.3 742
1741081201778 14430.8 743
1741081212244 14431.7 744
1741081222313 14435.9 745
1741081232747 14379.8 746
1741081242921 14370.2 747
1741081252995 14377.5 748
1741081263075 14402.0 749
1741081273953 14409.7 750
1741081284117 14418.2 751
1741081294839 14424.4 752
1741081304953 14436.4 753
1741081316297 14470.2 754
1741081326403 14569.6 755
1741081337968 14631.2 756
1741081348128 14704.1 757
1741081359541 14760.9 758
1741081369623 14808.0 759
1741081380671 14931.4 760
1741081391390 14999.4 761
1741081401478 14867.0 762
1741081411691 14850.9 763
1741081422859 14847.6 764
1741081434353 14831.5 765
1741081444467 14863.6 766
1741081454577 14870.1 767
1741081464894 15227.9 768
1741081474998 14890.0 769
1741081485984 14906.8 770
1741081496126 14923.2 771
1741081506846 14920.4 772
1741081516941 14925.9 773
1741081528305 14925.2 774
1741081538426 14908.8 775
1741081548693 14894.1 776
1741081558792 14932.3 777
1741081569265 14937.0 778
1741081579321 14942.5 779
1741081590381 14955.6 780
1741081600512 14943.2 781
1741081611638 14936.1 782
1741081621761 14938.3 783
1741081632964 14974.0 784
1741081643056 14977.9 785
1741081653918 14973.0 786
1741081664007 14961.4 787
1741081675170 15016.9 788
1741081688133 15110.5 789
1741081698202 14961.8 790
1741081708960 14949.3 791
1741081719059 14932.6 792
1741081729680 14926.7 793
1741081740919 14965.0 794
1741081751156 14977.0 795
1741081763092 14984.5 796
1741081773189 15006.1 797
1741081783734 14986.8 798
1741081793817 14987.6 799
1741081803995 15012.9 800
1741081814138 15024.5 801
1741081824515 14898.5 802
1741081834621 14971.4 803
1741081845683 14950.2 804
1741081855823 14993.5 805
1741081866352 14999.1 806
1741081876420 15003.5 807
1741081886576 14996.6 808
1741081897136 14984.2 809
1741081907214 14970.3 810
1741081918640 14995.1 811
1741081928731 15007.7 812
1741081939554 15003.0 813
1741081949659 15005.3 814
1741081961054 15023.5 815
1741081971173 15063.8 816
1741081982582 15138.0 817
1741081992722 15218.3 818
1741082003947 15154.9 819
1741082014032 15145.5 820
1741082024640 15124.9 821
1741082034739 15139.2 822
1741082045654 15168.4 823
1741082056123 15177.8 824
1741082068852 15180.7 825
1741082078948 15042.7 826
1741082089679 15039.5 827
1741082099833 15076.8 828
1741082110590 15082.9 829
1741082120740 15087.1 830
1741082132030 15047.4 831
1741082142174 15006.7 832
1741082153523 15014.6 833
1741082163612 15052.1 834
1741082174765 15059.5 835
1741082184840 15060.4 836
1741082195925 15046.8 837
1741082206054 15048.0 838
1741082217536 15058.1 839
1741082227627 15055.5 840
1741082238326 15055.1 841
1741082248477 15062.7 842
1741082259570 15046.7 843
1741082269674 15042.4 844
1741082280489 15071.5 845
1741082290761 15119.4 846
1741082301114 15167.0 847
1741082311197 15086.8 848
1741082321368 15059.8 849
1741082332257 15060.1 850
1741082342355 15096.3 851
1741082353753 15104.4 852
1741082364086 15110.7 853
1741082376934 15106.9 854
1741082387011 15167.9 855
1741082398597 15165.2 856
1741082408722 15166.5 857
1741082420119 15174.0 858
1741082430296 15178.0 859
1741082441265 15183.1 860
1741082451366 15170.2 861
1741082461442 15196.1 862
1741082471784 15203.9 863
1741082481871 15189.9 864
1741082492488 15185.1 865
1741082502648 15165.4 866
1741082513988 15154.9 867
1741082524086 15194.0 868
1741082534204 15197.9 869
1741082545000 15194.7 870
1741082555108 15206.0 871
1741082566805 15200.9 872
1741082576961 15192.0 873
1741082587077 15125.5 874
1741082597868 15140.5 875
1741082608024 15193.8 876
1741082618087 15082.3 877
1741082628155 15097.1 878
1741082639880 15113.7 879
1741082649952 15129.8 880
1741082661228 15121.4 881
1741082671383 15128.0 882
1741082681651 15096.6 883
1741082691765 15142.0 884
1741082701837 15215.0 885
1741082712594 15234.1 886
1741082722699 15216.1 887
1741082733047 14907.3 888
1741082743184 14924.8 889
1741082754122 14925.0 890
1741082764223 14950.1 891
1741082775315 14959.6 892
1741082785411 14969.4 893
1741082796037 14952.7 894
1741082806130 14940.1 895
1741082817223 14976.9 896
1741082827335 14981.9 897
1741082837440 14985.5 898
1741082848572 14992.6 899
1741082858678 14965.7 900
1741082870236 14955.3 901
1741082880366 14983.5 902
1741082891861 14989.6 903
1741082901986 15003.8 904
1741082912093 15069.7 905
1741082923147 15113.1 906
1741082933280 14988.6 907
1741082943367 14978.7 908
1741082953905 14974.1 909
1741082964026 14977.0 910
1741082974132 14974.2 911
1741082985224 14949.0 912
1741082995299 14957.4 913
1741083005415 15554.4 914
1741083015718 15337.4 915
1741083025785 15314.7 916
1741083036526 15140.5 917
1741083046914 15211.3 918
1741083057005 15338.9 919
1741083067071 15502.6 920
1741083077219 15611.8 921
1741083088553 15533.1 922
1741083098594 15576.6 923
1741083108758 15654.2 924
1741083118854 15742.7 925
1741083129767 15710.7 926
1741083139918 15635.6 927
1741083149984 15662.8 928
1741083161249 15805.3 929
1741083171375 15653.4 930
1741083182025 15731.9 931
1741083192429 15674.0 932
1741083203115 15026.5 933
1741083214000 15020.6 934
1741083225266 14994.4 935
1741083235432 15041.5 936
1741083245908 15079.5 937
1741083256082 15043.0 938
1741083266226 14973.8 939
1741083277323 14958.8 940
1741083287402 14929.2 941
1741083297534 14979.5 942
1741083308657 14961.9 943
1741083318869 14969.6 944
1741083328949 14957.2 945
1741083340625 14902.4 946
1741083350791 14895.3 947
1741083362312 14903.6 948
1741083372439 14907.6 949
1741083382612 14952.1 950
1741083394172 15020.0 951
1741083404314 15126.8 952
1741083414360 15148.7 953
1741083425470 15261.5 954
1741083435552 15068.9 955
1741083446753 15121.6 956
1741083458061 15165.2 957
1741083468173 15124.0 958
1741083478249 15140.8 959
1741083488413 15115.3 960
1741083499062 15116.8 961
1741083509181 15036.9 962
1741083519281 15001.9 963
1741083529986 15507.2 964
1741083540247 15135.3 965
1741083551312 15276.2 966
1741083561719 15297.6 967
1741083571797 15307.0 968
1741083581931 15309.2 969
