1741145284987 0.0 0
1741145295993 15.5 1
1741145307154 17.8 2
1741145318390 14.8 3
1741145329319 17.6 4
1741145340241 16.0 5
1741145351205 15.9 6
1741145362671 14.9 7
1741145374245 20.8 8
1741145385348 18.6 9
1741145396559 18.0 10
1741145407791 17.8 11
1741145419648 18.7 12
1741145431133 22.2 13
1741145442993 18.3 14
1741145454147 17.4 15
1741145465373 16.9 16
1741145476989 16.3 17
1741145488771 18.3 18
1741145498797 12.5 19
1741145508824 20.6 20
1741145521825 18.3 21
1741145531935 15.5 22
1741145541969 18.0 23
1741145554861 17.7 24
1741145564889 15.7 25
1741145574947 18.2 26
1741145584988 13.6 27
1741145595732 18.3 28
1741145606543 14.8 29
1741145617511 15.3 30
1741145629671 17.1 31
1741145641062 22.0 32
1741145652354 20.5 33
1741145663623 17.5 34
1741145675648 18.7 35
1741145687063 25.2 36
1741145698064 21.5 37
1741145708888 16.2 38
1741145720093 17.8 39
1741145730669 17.5 40
1741145741482 16.4 41
1741145752151 13.7 42
1741145763033 16.7 43
1741145775274 16.0 44
1741145785354 12.5 45
1741145798130 18.8 46
1741145808222 15.6 47
1741145820531 18.6 48
1741145830630 14.3 49
1741145843304 19.2 50
1741145853336 17.0 51
1741145863477 17.4 52
1741145874885 15.7 53
1741145885992 21.2 54
1741145896870 19.6 55
1741145907831 17.7 56
1741145919032 17.1 57
1741145930101 18.9 58
1741145940793 20.3 59
1741145951944 16.6 60
1741145963271 16.4 61
1741145974332 20.0 62
1741145985730 17.3 63
1741145996717 20.1 64
1741146007908 16.5 65
1741146018814 17.9 66
1741146029518 16.6 67
1741146040488 15.1 68
1741146051946 18.4 69
1741146064377 19.6 70
1741146074478 14.4 71
1741146086678 17.0 72
1741146096723 14.2 73
1741146109904 21.0 74
1741146119966 15.8 75
1741146132888 19.1 76
1741146142938 16.7 77
1741146152997 15.9 78
1741146163122 18.5 79
1741146174192 14.9 80
1741146186023 20.3 81
1741146197026 22.9 82
1741146207748 18.2 83
1741146218753 14.6 84
1741146229502 18.1 85
1741146240191 17.4 86
1741146251011 14.4 87
1741146261849 16.5 88
1741146272643 16.7 89
1741146283251 16.4 90
1741146294224 14.1 91
1741146305059 16.6 92
1741146315760 16.5 93
1741146326599 15.9 94
1741146337419 14.5 95
1741146349684 16.0 96
1741146359780 13.1 97
1741146372164 15.8 98
1741146382189 14.4 99
1741146394660 18.7 100
1741146404762 14.3 101
1741146417055 16.0 102
1741146427110 14.7 103
1741146437141 17.7 104
1741146447222 15.4 105
1741146457262 15.3 106
1741146468253 14.8 107
1741146479087 19.1 108
1741146490033 15.1 109
1741146501440 17.9 110
1741146512340 19.0 111
1741146523258 16.9 112
1741146534225 14.6 113
1741146545110 17.5 114
1741146555748 16.6 115
1741146566645 14.9 116
1741146577720 18.1 117
1741146588969 18.3 118
1741146599606 15.4 119
1741146610512 14.5 120
1741146621219 17.0 121
1741146633522 15.2 122
1741146643643 12.6 123
1741146656506 16.1 124
1741146666547 14.7 125
1741146679049 17.0 126
1741146689197 14.6 127
1741146701631 15.1 128
1741146711718 13.4 129
1741146721809 17.9 130
1741146731918 15.0 131
1741146741992 14.6 132
1741146752880 14.8 133
1741146763741 16.0 134
1741146774546 14.3 135
1741146785401 17.7 136
1741146796269 15.9 137
1741146807219 13.8 138
1741146818205 15.5 139
1741146829198 16.3 140
1741146840050 15.6 141
1741146851094 14.3 142
1741146861909 17.1 143
1741146872678 15.7 144
1741146883319 15.7 145
1741146894314 14.4 146
1741146905170 17.3 147
1741146917446 15.9 148
1741146927546 13.4 149
1741146940158 15.9 150
1741146950228 13.8 151
1741146963065 19.1 152
1741146973165 14.3 153
1741146985600 15.5 154
1741146995687 13.5 155
1741147005820 16.1 156
1741147015867 13.0 157
1741147025952 16.6 158
1741147036390 16.4 159
1741147047267 13.1 160
1741147058210 15.9 161
1741147069213 16.9 162
1741147080105 16.1 163
1741147091116 14.6 164
1741147101993 16.7 165
1741147112924 15.6 166
1741147123840 15.7 167
1741147134755 14.5 168
1741147145550 16.9 169
1741147156303 15.3 170
1741147167381 13.9 171
1741147178267 16.2 172
1741147189326 15.3 173
1741147201882 16.2 174
1741147211923 11.4 175
1741147224731 16.8 176
1741147234822 14.1 177
1741147247622 17.7 178
1741147257718 14.1 179
1741147270347 15.9 180
1741147280388 15.0 181
1741147290529 15.7 182
1741147300575 11.2 183
1741147310628 17.3 184
1741147324445 16.5 185
1741147341599 28.5 186
1741147353391 57.9 187
1741147364794 23.1 188
1741147376108 20.2 189
1741147387449 22.2 190
1741147398717 22.3 191
1741147409871 21.7 192
1741147421200 20.2 193
1741147432566 21.7 194
1741147444002 22.4 195
1741147455228 21.2 196
1741147466296 16.1 197
1741147477263 15.7 198
1741147488591 14.9 199
1741147501159 16.1 200
1741147511204 10.7 201
1741147524314 17.0 202
1741147534354 13.7 203
1741147547186 17.3 204
1741147557271 12.9 205
1741147570037 17.2 206
1741147580126 14.3 207
1741147590263 14.5 208
1741147600800 10.4 209
1741147611835 15.2 210
1741147622722 17.8 211
1741147633817 13.4 212
1741147644841 15.7 213
1741147655817 15.6 214
1741147667020 16.2 215
1741147678044 13.7 216
1741147689076 15.0 217
1741147700341 15.9 218
1741147711875 14.4 219
1741147722947 13.7 220
1741147734488 15.4 221
1741147745478 15.7 222
1741147756595 15.0 223
1741147767645 13.4 224
1741147778872 17.0 225
1741147791670 14.4 226
1741147801769 12.2 227
1741147814748 15.5 228
1741147824787 13.2 229
1741147837981 16.5 230
1741147848024 13.7 231
1741147860635 15.3 232
1741147870672 13.2 233
1741147880736 15.6 234
1741147890867 14.7 235
1741147900912 14.0 236
1741147911899 13.9 237
1741147922807 15.9 238
1741147933792 13.9 239
1741147944767 16.1 240
1741147956020 15.0 241
1741147966989 14.5 242
1741147978165 13.6 243
1741147989214 15.7 244
1741148000196 14.8 245
1741148011205 14.7 246
1741148022341 14.0 247
1741148033358 16.0 248
1741148044610 15.4 249
1741148055608 15.3 250
1741148066710 13.1 251
1741148079113 15.1 252
1741148089208 12.5 253
1741148102294 17.6 254
1741148112344 12.8 255
1741148125414 16.7 256
1741148135453 14.2 257
1741148148315 16.3 258
1741148166805 13.2 259
1741148177879 13.6 260
1741148188891 13.3 261
1741148199966 15.3 262
1741148211126 15.0 263
1741148222356 15.9 264
1741148233554 13.7 265
1741148244724 14.9 266
1741148255997 15.3 267
1741148266908 15.2 268
1741148278221 14.0 269
1741148289383 15.6 270
1741148300359 15.0 271
1741148311270 15.8 272
1741148322311 13.6 273
1741148333589 15.8 274
1741148344941 16.1 275
1741148355883 15.7 276
1741148368661 13.4 277
1741148378742 12.0 278
1741148392031 17.5 279
1741148402172 13.8 280
1741148415003 15.1 281
1741148425100 13.6 282
1741148437790 17.0 283
1741148447882 13.1 284
1741148457970 13.4 285
1741148468010 14.9 286
1741148478535 15.3 287
1741148489742 12.0 288
1741148500890 15.9 289
1741148512027 15.2 290
1741148523124 17.8 291
1741148534185 14.0 292
1741148545218 15.1 293
1741148556532 14.9 294
1741148567708 15.6 295
1741148578750 14.0 296
1741148589819 15.2 297
1741148600967 15.9 298
1741148611824 14.7 299
1741148623224 13.5 300
1741148634452 15.7 301
1741148645518 15.5 302
1741148658061 15.4 303
1741148668107 10.5 304
1741148678150 17.4 305
1741148691172 14.4 306
1741148701304 14.2 307
1741148714544 14.8 308
1741148724630 13.6 309
