1741145284987 260780.2 0
1741145295993 260780.2 1
1741145307154 260780.2 2
1741145318390 260780.2 3
1741145329319 260780.2 4
1741145340241 260780.2 5
1741145351205 260780.2 6
1741145362671 260780.2 7
1741145374245 260780.2 8
1741145385348 260780.2 9
1741145396559 260780.2 10
1741145407791 260780.2 11
1741145419648 260780.2 12
1741145431133 260780.2 13
1741145442993 260780.2 14
1741145454147 260780.2 15
1741145465373 260780.2 16
1741145476989 260780.3 17
1741145488771 260780.8 18
1741145498797 260780.8 19
1741145508824 260780.8 20
1741145521825 260780.8 21
1741145531935 260780.8 22
1741145541969 260780.8 23
1741145554861 260780.8 24
1741145564889 260780.8 25
1741145574947 260781.6 26
1741145584988 260792.8 27
1741145595732 260792.8 28
1741145606543 260792.8 29
1741145617511 260792.8 30
1741145629671 260792.8 31
1741145641062 260792.8 32
1741145652354 260792.8 33
1741145663623 260792.8 34
1741145675648 260792.8 35
1741145687063 260792.8 36
1741145698064 260792.8 37
1741145708888 260792.8 38
1741145720093 260792.8 39
1741145730669 260792.8 40
1741145741482 260792.8 41
1741145752151 260792.8 42
1741145763033 260792.8 43
1741145775274 260792.8 44
1741145785354 260792.8 45
1741145798130 260792.8 46
1741145808222 260792.8 47
1741145820531 260792.8 48
1741145830630 260792.8 49
1741145843304 260792.8 50
1741145853336 260792.8 51
1741145863477 260793.6 52
1741145874885 260793.6 53
1741145885992 260793.6 54
1741145896870 260793.6 55
1741145907831 260793.6 56
1741145919032 260793.6 57
1741145930101 260793.6 58
1741145940793 260793.6 59
1741145951944 260793.6 60
1741145963271 260793.6 61
1741145974332 260793.6 62
1741145985730 260793.6 63
1741145996717 260793.6 64
1741146007908 260793.6 65
1741146018814 260793.6 66
1741146029518 260793.6 67
1741146040488 260793.6 68
1741146051946 260793.6 69
1741146064377 260793.6 70
1741146074478 260793.6 71
1741146086678 260793.6 72
1741146096723 260793.6 73
1741146109904 260793.6 74
1741146119966 260793.6 75
1741146132888 260793.6 76
1741146142938 260793.6 77
1741146152997 260794.4 78
1741146163122 260794.4 79
1741146174192 260794.4 80
1741146186023 260794.4 81
1741146197026 260794.4 82
1741146207748 260794.4 83
1741146218753 260794.4 84
1741146229502 260794.4 85
1741146240191 260794.4 86
1741146251011 260794.4 87
1741146261849 260794.4 88
1741146272643 260794.4 89
1741146283251 260794.4 90
1741146294224 260794.4 91
1741146305059 260794.4 92
1741146315760 260794.4 93
1741146326599 260794.4 94
1741146337419 260794.4 95
1741146349684 260794.4 96
1741146359780 260794.4 97
1741146372164 260794.4 98
1741146382189 260794.4 99
1741146394660 260794.4 100
1741146404762 260794.4 101
1741146417055 260794.4 102
1741146427110 260794.4 103
1741146437141 260795.2 104
1741146447222 260795.2 105
1741146457262 260795.2 106
1741146468253 260795.2 107
1741146479087 260795.2 108
1741146490033 260795.2 109
1741146501440 260795.2 110
1741146512340 260795.2 111
1741146523258 260795.2 112
1741146534225 260795.2 113
1741146545110 260795.2 114
1741146555748 260795.2 115
1741146566645 260795.2 116
1741146577720 260795.2 117
1741146588969 260795.2 118
1741146599606 260795.2 119
1741146610512 260795.2 120
1741146621219 260795.2 121
1741146633522 260795.2 122
1741146643643 260795.2 123
1741146656506 260795.2 124
1741146666547 260795.2 125
1741146679049 260795.2 126
1741146689197 260795.2 127
1741146701631 260795.2 128
1741146711718 260795.2 129
1741146721809 260796.0 130
1741146731918 260796.0 131
1741146741992 260796.0 132
1741146752880 260796.0 133
1741146763741 260796.0 134
1741146774546 260796.0 135
1741146785401 260796.0 136
1741146796269 260796.0 137
1741146807219 260796.0 138
1741146818205 260796.0 139
1741146829198 260796.0 140
1741146840050 260796.0 141
1741146851094 260796.0 142
1741146861909 260796.0 143
1741146872678 260796.0 144
1741146883319 260796.0 145
1741146894314 260796.0 146
1741146905170 260796.0 147
1741146917446 260796.0 148
1741146927546 260796.0 149
1741146940158 260796.0 150
1741146950228 260796.0 151
1741146963065 260796.0 152
1741146973165 260796.5 153
1741146985600 260796.5 154
1741146995687 260796.5 155
1741147005820 260797.3 156
1741147015867 260797.3 157
1741147025952 260797.3 158
1741147036390 260797.3 159
1741147047267 260797.3 160
1741147058210 260797.3 161
1741147069213 260797.3 162
1741147080105 260797.3 163
1741147091116 260797.3 164
1741147101993 260797.3 165
1741147112924 260797.3 166
1741147123840 260797.3 167
1741147134755 260797.3 168
1741147145550 260797.3 169
1741147156303 260797.3 170
1741147167381 260797.3 171
1741147178267 260797.3 172
1741147189326 260797.3 173
1741147201882 260797.3 174
1741147211923 260797.3 175
1741147224731 260797.3 176
1741147234822 260797.3 177
1741147247622 260797.3 178
1741147257718 260797.3 179
1741147270347 260797.3 180
1741147280388 260797.3 181
1741147290529 260798.1 182
1741147300575 260798.1 183
1741147310628 260798.1 184
1741147324445 260798.1 185
1741147341599 260798.1 186
1741147353391 260798.1 187
1741147364794 260798.1 188
1741147376108 260798.1 189
1741147387449 260798.1 190
1741147398717 260798.1 191
1741147409871 260798.1 192
1741147421200 260798.1 193
1741147432566 260798.1 194
1741147444002 260798.1 195
1741147455228 260798.1 196
1741147466296 260798.1 197
1741147477263 260798.1 198
1741147488591 260798.1 199
1741147501159 260798.1 200
1741147511204 260798.1 201
1741147524314 260798.1 202
1741147534354 260798.1 203
1741147547186 260798.1 204
1741147557271 260798.1 205
1741147570037 260798.1 206
1741147580126 260798.1 207
1741147590263 260798.8 208
1741147600800 260798.8 209
1741147611835 260798.8 210
1741147622722 260798.8 211
1741147633817 260798.8 212
1741147644841 260798.8 213
1741147655817 260798.8 214
1741147667020 260798.8 215
1741147678044 260798.8 216
1741147689076 260798.8 217
1741147700341 260798.8 218
1741147711875 260798.8 219
1741147722947 260798.8 220
1741147734488 260798.8 221
1741147745478 260798.8 222
1741147756595 260798.8 223
1741147767645 260798.8 224
1741147778872 260798.8 225
1741147791670 260798.8 226
1741147801769 260798.8 227
1741147814748 260798.8 228
1741147824787 260798.8 229
1741147837981 260798.8 230
1741147848024 260798.8 231
1741147860635 260798.8 232
1741147870672 260798.8 233
1741147880736 260799.6 234
1741147890867 260799.6 235
1741147900912 260799.6 236
1741147911899 260799.6 237
1741147922807 260799.6 238
1741147933792 260799.6 239
1741147944767 260799.6 240
1741147956020 260799.6 241
1741147966989 260799.6 242
1741147978165 260799.6 243
1741147989214 260799.6 244
1741148000196 260799.6 245
1741148011205 260799.6 246
1741148022341 260799.6 247
1741148033358 260799.6 248
1741148044610 260799.6 249
1741148055608 260799.6 250
1741148066710 260799.6 251
1741148079113 260799.6 252
1741148089208 260799.6 253
1741148102294 260799.6 254
1741148112344 260799.6 255
1741148125414 260799.6 256
1741148135453 260799.6 257
1741148148315 260799.6 258
1741148166805 260799.6 259
1741148177879 260800.3 260
1741148188891 260800.3 261
1741148199966 260800.3 262
1741148211126 260800.3 263
1741148222356 260800.3 264
1741148233554 260800.3 265
1741148244724 260800.3 266
1741148255997 260800.3 267
1741148266908 260800.3 268
1741148278221 260800.3 269
1741148289383 260800.3 270
1741148300359 260800.3 271
1741148311270 260800.3 272
1741148322311 260800.3 273
1741148333589 260800.3 274
1741148344941 260800.3 275
1741148355883 260800.3 276
1741148368661 260800.3 277
1741148378742 260800.3 278
1741148392031 260800.3 279
1741148402172 260800.3 280
1741148415003 260800.3 281
1741148425100 260800.3 282
1741148437790 260800.3 283
1741148447882 260800.3 284
1741148457970 260801.1 285
1741148468010 260801.1 286
1741148478535 260801.1 287
1741148489742 260801.6 288
1741148500890 260801.6 289
1741148512027 260801.6 290
1741148523124 260801.6 291
1741148534185 260801.6 292
1741148545218 260801.6 293
1741148556532 260801.6 294
1741148567708 260801.6 295
1741148578750 260801.6 296
1741148589819 260801.6 297
1741148600967 260801.6 298
1741148611824 260801.6 299
1741148623224 260801.6 300
1741148634452 260801.6 301
1741148645518 260801.6 302
1741148658061 260801.6 303
1741148668107 260801.6 304
1741148678150 260801.6 305
1741148691172 260801.6 306
1741148701304 260801.6 307
1741148714544 260801.6 308
1741148724630 260801.6 309
