1741145284987 47.6 0
1741145295993 47.6 1
1741145307154 47.6 2
1741145318390 47.6 3
1741145329319 47.6 4
1741145340241 47.6 5
1741145351205 47.6 6
1741145362671 47.6 7
1741145374245 47.6 8
1741145385348 47.6 9
1741145396559 47.6 10
1741145407791 47.6 11
1741145419648 47.6 12
1741145431133 47.6 13
1741145442993 47.6 14
1741145454147 47.6 15
1741145465373 47.6 16
1741145476989 47.6 17
1741145488771 47.6 18
1741145498797 47.6 19
1741145508824 47.6 20
1741145521825 47.6 21
1741145531935 47.6 22
1741145541969 47.6 23
1741145554861 47.6 24
1741145564889 47.6 25
1741145574947 47.6 26
1741145584988 47.6 27
1741145595732 47.6 28
1741145606543 47.6 29
1741145617511 47.6 30
1741145629671 47.6 31
1741145641062 47.6 32
1741145652354 47.6 33
1741145663623 47.6 34
1741145675648 47.6 35
1741145687063 47.6 36
1741145698064 47.6 37
1741145708888 47.6 38
1741145720093 47.6 39
1741145730669 47.6 40
1741145741482 47.6 41
1741145752151 47.6 42
1741145763033 47.6 43
1741145775274 47.6 44
1741145785354 47.6 45
1741145798130 47.6 46
1741145808222 47.6 47
1741145820531 47.6 48
1741145830630 47.6 49
1741145843304 47.6 50
1741145853336 47.6 51
1741145863477 47.6 52
1741145874885 47.6 53
1741145885992 47.6 54
1741145896870 47.6 55
1741145907831 47.6 56
1741145919032 47.6 57
1741145930101 47.6 58
1741145940793 47.6 59
1741145951944 47.6 60
1741145963271 47.6 61
1741145974332 47.6 62
1741145985730 47.6 63
1741145996717 47.6 64
1741146007908 47.6 65
1741146018814 47.6 66
1741146029518 47.6 67
1741146040488 47.6 68
1741146051946 47.6 69
1741146064377 47.6 70
1741146074478 47.6 71
1741146086678 47.6 72
1741146096723 47.6 73
1741146109904 47.6 74
1741146119966 47.6 75
1741146132888 47.6 76
1741146142938 47.6 77
1741146152997 47.6 78
1741146163122 47.6 79
1741146174192 47.6 80
1741146186023 47.6 81
1741146197026 47.6 82
1741146207748 47.6 83
1741146218753 47.6 84
1741146229502 47.6 85
1741146240191 47.6 86
1741146251011 47.6 87
1741146261849 47.6 88
1741146272643 47.6 89
1741146283251 47.6 90
1741146294224 47.6 91
1741146305059 47.6 92
1741146315760 47.6 93
1741146326599 47.6 94
1741146337419 47.6 95
1741146349684 47.6 96
1741146359780 47.6 97
1741146372164 47.6 98
1741146382189 47.6 99
1741146394660 47.6 100
1741146404762 47.6 101
1741146417055 47.6 102
1741146427110 47.6 103
1741146437141 47.6 104
1741146447222 47.6 105
1741146457262 47.6 106
1741146468253 47.6 107
1741146479087 47.6 108
1741146490033 47.6 109
1741146501440 47.6 110
1741146512340 47.6 111
1741146523258 47.6 112
1741146534225 47.6 113
1741146545110 47.6 114
1741146555748 47.6 115
1741146566645 47.6 116
1741146577720 47.6 117
1741146588969 47.6 118
1741146599606 47.6 119
1741146610512 47.6 120
1741146621219 47.6 121
1741146633522 47.6 122
1741146643643 47.6 123
1741146656506 47.6 124
1741146666547 47.6 125
1741146679049 47.6 126
1741146689197 47.6 127
1741146701631 47.6 128
1741146711718 47.6 129
1741146721809 47.6 130
1741146731918 47.6 131
1741146741992 47.6 132
1741146752880 47.6 133
1741146763741 47.6 134
1741146774546 47.6 135
1741146785401 47.6 136
1741146796269 47.6 137
1741146807219 47.6 138
1741146818205 47.6 139
1741146829198 47.6 140
1741146840050 47.6 141
1741146851094 47.6 142
1741146861909 47.6 143
1741146872678 47.6 144
1741146883319 47.6 145
1741146894314 47.6 146
1741146905170 47.6 147
1741146917446 47.6 148
1741146927546 47.6 149
1741146940158 47.6 150
1741146950228 47.6 151
1741146963065 47.6 152
1741146973165 47.6 153
1741146985600 47.6 154
1741146995687 47.6 155
1741147005820 47.6 156
1741147015867 47.6 157
1741147025952 47.6 158
1741147036390 47.6 159
1741147047267 47.6 160
1741147058210 47.6 161
1741147069213 47.6 162
1741147080105 47.6 163
1741147091116 47.6 164
1741147101993 47.6 165
1741147112924 47.6 166
1741147123840 47.6 167
1741147134755 47.6 168
1741147145550 47.6 169
1741147156303 47.6 170
1741147167381 47.6 171
1741147178267 47.6 172
1741147189326 47.6 173
1741147201882 47.6 174
1741147211923 47.6 175
1741147224731 47.6 176
1741147234822 47.6 177
1741147247622 47.6 178
1741147257718 47.6 179
1741147270347 47.6 180
1741147280388 47.6 181
1741147290529 47.6 182
1741147300575 47.6 183
1741147310628 47.6 184
1741147324445 47.6 185
1741147341599 47.6 186
1741147353391 47.6 187
1741147364794 47.6 188
1741147376108 47.6 189
1741147387449 47.6 190
1741147398717 47.6 191
1741147409871 47.6 192
1741147421200 47.6 193
1741147432566 47.6 194
1741147444002 47.6 195
1741147455228 47.6 196
1741147466296 47.6 197
1741147477263 47.6 198
1741147488591 47.6 199
1741147501159 47.6 200
1741147511204 47.6 201
1741147524314 47.6 202
1741147534354 47.6 203
1741147547186 47.6 204
1741147557271 47.6 205
1741147570037 47.6 206
1741147580126 47.6 207
1741147590263 47.6 208
1741147600800 47.6 209
1741147611835 47.6 210
1741147622722 47.6 211
1741147633817 47.6 212
1741147644841 47.6 213
1741147655817 47.6 214
1741147667020 47.6 215
1741147678044 47.6 216
1741147689076 47.6 217
1741147700341 47.6 218
1741147711875 47.6 219
1741147722947 47.6 220
1741147734488 47.6 221
1741147745478 47.6 222
1741147756595 47.6 223
1741147767645 47.6 224
1741147778872 47.6 225
1741147791670 47.6 226
1741147801769 47.6 227
1741147814748 47.6 228
1741147824787 47.6 229
1741147837981 47.6 230
1741147848024 47.6 231
1741147860635 47.6 232
1741147870672 47.6 233
1741147880736 47.6 234
1741147890867 47.6 235
1741147900912 47.6 236
1741147911899 47.6 237
1741147922807 47.6 238
1741147933792 47.6 239
1741147944767 47.6 240
1741147956020 47.6 241
1741147966989 47.6 242
1741147978165 47.6 243
1741147989214 47.6 244
1741148000196 47.6 245
1741148011205 47.6 246
1741148022341 47.6 247
1741148033358 47.6 248
1741148044610 47.6 249
1741148055608 47.6 250
1741148066710 47.6 251
1741148079113 47.6 252
1741148089208 47.6 253
1741148102294 47.6 254
1741148112344 47.6 255
1741148125414 47.6 256
1741148135453 47.6 257
1741148148315 47.6 258
1741148166805 47.6 259
1741148177879 47.6 260
1741148188891 47.6 261
1741148199966 47.6 262
1741148211126 47.6 263
1741148222356 47.6 264
1741148233554 47.6 265
1741148244724 47.6 266
1741148255997 47.6 267
1741148266908 47.6 268
1741148278221 47.6 269
1741148289383 47.6 270
1741148300359 47.6 271
1741148311270 47.6 272
1741148322311 47.6 273
1741148333589 47.6 274
1741148344941 47.6 275
1741148355883 47.6 276
1741148368661 47.6 277
1741148378742 47.6 278
1741148392031 47.6 279
1741148402172 47.6 280
1741148415003 47.6 281
1741148425100 47.6 282
1741148437790 47.6 283
1741148447882 47.6 284
1741148457970 47.6 285
1741148468010 47.6 286
1741148478535 47.6 287
1741148489742 47.6 288
1741148500890 47.6 289
1741148512027 47.6 290
1741148523124 47.6 291
1741148534185 47.6 292
1741148545218 47.6 293
1741148556532 47.6 294
1741148567708 47.6 295
1741148578750 47.6 296
1741148589819 47.6 297
1741148600967 47.6 298
1741148611824 47.6 299
1741148623224 47.6 300
1741148634452 47.6 301
1741148645518 47.6 302
1741148658061 47.6 303
1741148668107 47.6 304
1741148678150 47.6 305
1741148691172 47.6 306
1741148701304 47.6 307
1741148714544 47.6 308
1741148724630 47.6 309
