1741145284987 287578.9 0
1741145295993 287578.9 1
1741145307154 287578.9 2
1741145318390 287578.9 3
1741145329319 287578.9 4
1741145340241 287578.9 5
1741145351205 287578.9 6
1741145362671 287578.9 7
1741145374245 287578.9 8
1741145385348 287578.9 9
1741145396559 287578.9 10
1741145407791 287578.9 11
1741145419648 287578.9 12
1741145431133 287578.9 13
1741145442993 287578.9 14
1741145454147 287578.9 15
1741145465373 287578.9 16
1741145476989 287578.8 17
1741145488771 287578.3 18
1741145498797 287578.3 19
1741145508824 287578.3 20
1741145521825 287578.3 21
1741145531935 287578.3 22
1741145541969 287578.3 23
1741145554861 287578.3 24
1741145564889 287578.3 25
1741145574947 287577.5 26
1741145584988 287566.3 27
1741145595732 287566.3 28
1741145606543 287566.3 29
1741145617511 287566.3 30
1741145629671 287566.3 31
1741145641062 287566.3 32
1741145652354 287566.3 33
1741145663623 287566.3 34
1741145675648 287566.3 35
1741145687063 287566.3 36
1741145698064 287566.3 37
1741145708888 287566.3 38
1741145720093 287566.3 39
1741145730669 287566.3 40
1741145741482 287566.3 41
1741145752151 287566.3 42
1741145763033 287566.3 43
1741145775274 287566.3 44
1741145785354 287566.3 45
1741145798130 287566.3 46
1741145808222 287566.3 47
1741145820531 287566.3 48
1741145830630 287566.3 49
1741145843304 287566.3 50
1741145853336 287566.3 51
1741145863477 287565.5 52
1741145874885 287565.5 53
1741145885992 287565.5 54
1741145896870 287565.5 55
1741145907831 287565.5 56
1741145919032 287565.5 57
1741145930101 287565.5 58
1741145940793 287565.5 59
1741145951944 287565.5 60
1741145963271 287565.5 61
1741145974332 287565.5 62
1741145985730 287565.5 63
1741145996717 287565.5 64
1741146007908 287565.5 65
1741146018814 287565.5 66
1741146029518 287565.5 67
1741146040488 287565.5 68
1741146051946 287565.5 69
1741146064377 287565.5 70
1741146074478 287565.5 71
1741146086678 287565.5 72
1741146096723 287565.5 73
1741146109904 287565.5 74
1741146119966 287565.5 75
1741146132888 287565.5 76
1741146142938 287565.5 77
1741146152997 287564.7 78
1741146163122 287564.7 79
1741146174192 287564.7 80
1741146186023 287564.7 81
1741146197026 287564.7 82
1741146207748 287564.7 83
1741146218753 287564.7 84
1741146229502 287564.7 85
1741146240191 287564.7 86
1741146251011 287564.7 87
1741146261849 287564.7 88
1741146272643 287564.7 89
1741146283251 287564.7 90
1741146294224 287564.7 91
1741146305059 287564.7 92
1741146315760 287564.7 93
1741146326599 287564.7 94
1741146337419 287564.7 95
1741146349684 287564.7 96
1741146359780 287564.7 97
1741146372164 287564.7 98
1741146382189 287564.7 99
1741146394660 287564.7 100
1741146404762 287564.7 101
1741146417055 287564.7 102
1741146427110 287564.7 103
1741146437141 287563.9 104
1741146447222 287563.9 105
1741146457262 287563.9 106
1741146468253 287563.9 107
1741146479087 287563.9 108
1741146490033 287563.9 109
1741146501440 287563.9 110
1741146512340 287563.9 111
1741146523258 287563.9 112
1741146534225 287563.9 113
1741146545110 287563.9 114
1741146555748 287563.9 115
1741146566645 287563.9 116
1741146577720 287563.9 117
1741146588969 287563.9 118
1741146599606 287563.9 119
1741146610512 287563.9 120
1741146621219 287563.9 121
1741146633522 287563.9 122
1741146643643 287563.9 123
1741146656506 287563.9 124
1741146666547 287563.9 125
1741146679049 287563.9 126
1741146689197 287563.9 127
1741146701631 287563.9 128
1741146711718 287563.9 129
1741146721809 287563.1 130
1741146731918 287563.1 131
1741146741992 287563.1 132
1741146752880 287563.1 133
1741146763741 287563.1 134
1741146774546 287563.1 135
1741146785401 287563.1 136
1741146796269 287563.1 137
1741146807219 287563.1 138
1741146818205 287563.1 139
1741146829198 287563.1 140
1741146840050 287563.1 141
1741146851094 287563.1 142
1741146861909 287563.1 143
1741146872678 287563.1 144
1741146883319 287563.1 145
1741146894314 287563.1 146
1741146905170 287563.1 147
1741146917446 287563.1 148
1741146927546 287563.1 149
1741146940158 287563.1 150
1741146950228 287563.1 151
1741146963065 287563.1 152
1741146973165 287562.6 153
1741146985600 287562.6 154
1741146995687 287562.6 155
1741147005820 287561.8 156
1741147015867 287561.8 157
1741147025952 287561.8 158
1741147036390 287561.8 159
1741147047267 287561.8 160
1741147058210 287561.8 161
1741147069213 287561.8 162
1741147080105 287561.8 163
1741147091116 287561.8 164
1741147101993 287561.8 165
1741147112924 287561.8 166
1741147123840 287561.8 167
1741147134755 287561.8 168
1741147145550 287561.8 169
1741147156303 287561.8 170
1741147167381 287561.8 171
1741147178267 287561.8 172
1741147189326 287561.8 173
1741147201882 287561.8 174
1741147211923 287561.8 175
1741147224731 287561.8 176
1741147234822 287561.8 177
1741147247622 287561.8 178
1741147257718 287561.8 179
1741147270347 287561.8 180
1741147280388 287561.8 181
1741147290529 287561.0 182
1741147300575 287561.0 183
1741147310628 287561.0 184
1741147324445 287561.0 185
1741147341599 287561.0 186
1741147353391 287561.0 187
1741147364794 287561.0 188
1741147376108 287561.0 189
1741147387449 287561.0 190
1741147398717 287561.0 191
1741147409871 287561.0 192
1741147421200 287561.0 193
1741147432566 287561.0 194
1741147444002 287561.0 195
1741147455228 287561.0 196
1741147466296 287561.0 197
1741147477263 287561.0 198
1741147488591 287561.0 199
1741147501159 287561.0 200
1741147511204 287561.0 201
1741147524314 287561.0 202
1741147534354 287561.0 203
1741147547186 287561.0 204
1741147557271 287561.0 205
1741147570037 287561.0 206
1741147580126 287561.0 207
1741147590263 287560.3 208
1741147600800 287560.3 209
1741147611835 287560.3 210
1741147622722 287560.3 211
1741147633817 287560.3 212
1741147644841 287560.3 213
1741147655817 287560.3 214
1741147667020 287560.3 215
1741147678044 287560.3 216
1741147689076 287560.3 217
1741147700341 287560.3 218
1741147711875 287560.3 219
1741147722947 287560.3 220
1741147734488 287560.3 221
1741147745478 287560.3 222
1741147756595 287560.3 223
1741147767645 287560.3 224
1741147778872 287560.3 225
1741147791670 287560.3 226
1741147801769 287560.3 227
1741147814748 287560.3 228
1741147824787 287560.3 229
1741147837981 287560.3 230
1741147848024 287560.3 231
1741147860635 287560.3 232
1741147870672 287560.3 233
1741147880736 287559.5 234
1741147890867 287559.5 235
1741147900912 287559.5 236
1741147911899 287559.5 237
1741147922807 287559.5 238
1741147933792 287559.5 239
1741147944767 287559.5 240
1741147956020 287559.5 241
1741147966989 287559.5 242
1741147978165 287559.5 243
1741147989214 287559.5 244
1741148000196 287559.5 245
1741148011205 287559.5 246
1741148022341 287559.5 247
1741148033358 287559.5 248
1741148044610 287559.5 249
1741148055608 287559.5 250
1741148066710 287559.5 251
1741148079113 287559.5 252
1741148089208 287559.5 253
1741148102294 287559.5 254
1741148112344 287559.5 255
1741148125414 287559.5 256
1741148135453 287559.5 257
1741148148315 287559.5 258
1741148166805 287559.5 259
1741148177879 287558.8 260
1741148188891 287558.8 261
1741148199966 287558.8 262
1741148211126 287558.8 263
1741148222356 287558.8 264
1741148233554 287558.8 265
1741148244724 287558.8 266
1741148255997 287558.8 267
1741148266908 287558.8 268
1741148278221 287558.8 269
1741148289383 287558.8 270
1741148300359 287558.8 271
1741148311270 287558.8 272
1741148322311 287558.8 273
1741148333589 287558.8 274
1741148344941 287558.8 275
1741148355883 287558.8 276
1741148368661 287558.8 277
1741148378742 287558.8 278
1741148392031 287558.8 279
1741148402172 287558.8 280
1741148415003 287558.8 281
1741148425100 287558.8 282
1741148437790 287558.8 283
1741148447882 287558.8 284
1741148457970 287558.0 285
1741148468010 287558.0 286
1741148478535 287558.0 287
1741148489742 287557.5 288
1741148500890 287557.5 289
1741148512027 287557.5 290
1741148523124 287557.5 291
1741148534185 287557.5 292
1741148545218 287557.5 293
1741148556532 287557.5 294
1741148567708 287557.5 295
1741148578750 287557.5 296
1741148589819 287557.5 297
1741148600967 287557.5 298
1741148611824 287557.5 299
1741148623224 287557.5 300
1741148634452 287557.5 301
1741148645518 287557.5 302
1741148658061 287557.5 303
1741148668107 287557.5 304
1741148678150 287557.5 305
1741148691172 287557.5 306
1741148701304 287557.5 307
1741148714544 287557.5 308
1741148724630 287557.5 309
