1741145284987 0.0 0
1741145295993 0.0958650000002308 1
1741145307154 0.24225699999988137 2
1741145318390 1.5344939999995404 3
1741145329319 1.5610479999995732 4
1741145340241 1.6164129999997385 5
1741145351205 1.6218939999998838 6
1741145362671 3.0899520000002667 7
1741145374245 3.203512000000046 8
1741145385348 3.4391530000002604 9
1741145396559 3.4767970000002606 10
1741145407791 3.906224999999722 11
1741145419648 3.968243999999686 12
1741145431133 4.045586999999614 13
1741145442993 4.064986000000317 14
1741145454147 4.077430999999706 15
1741145465373 4.109663000000182 16
1741145476989 4.117368999999599 17
1741145488771 4.140010000000075 18
1741145498797 4.177744999999959 19
1741145508824 4.3390330000001995 20
1741145521825 4.664310000000114 21
1741145531935 4.694757000000209 22
1741145541969 4.720151999999871 23
1741145554861 4.728151999999682 24
1741145564889 4.801712999999836 25
1741145574947 4.81726400000025 26
1741145584988 4.843858999999611 27
1741145595732 4.849084999999832 28
1741145606543 4.899011999999857 29
1741145617511 4.946689000000333 30
1741145629671 4.974774999999681 31
1741145641062 5.056161999999858 32
1741145652354 5.126476999999795 33
1741145663623 5.244155000000319 34
1741145675648 5.332108999999946 35
1741145687063 5.387238000000252 36
1741145698064 5.467990999999529 37
1741145708888 5.494069999999738 38
1741145720093 5.515776000000187 39
1741145730669 5.540629000000081 40
1741145741482 6.960549000000356 41
1741145752151 11.45133100000021 42
1741145763033 11.665028000000348 43
1741145775274 14.015575000000354 44
1741145785354 16.54003499999999 45
1741145798130 16.63132399999995 46
1741145808222 16.69268699999975 47
1741145820531 16.701974999999948 48
1741145830630 16.716633 49
1741145843304 16.779271000000335 50
1741145853336 16.808178999999654 51
1741145863477 16.842303000000356 52
1741145874885 16.848597999999583 53
1741145885992 16.906353999999737 54
1741145896870 16.9233320000003 55
1741145907831 16.956130999999914 56
1741145919032 16.97082599999976 57
1741145930101 16.991651000000275 58
1741145940793 17.014734000000317 59
1741145951944 17.02389099999982 60
1741145963271 17.029121999999916 61
1741145974332 17.041113999999652 62
1741145985730 17.07126900000003 63
1741145996717 17.081458999999995 64
1741146007908 17.092499000000316 65
1741146018814 17.101748000000043 66
1741146029518 17.109808000000157 67
1741146040488 17.11775899999975 68
1741146051946 17.122261999999864 69
1741146064377 17.200372000000243 70
1741146074478 17.20875799999976 71
1741146086678 17.215538999999808 72
1741146096723 17.225499999999556 73
1741146109904 17.259938999999576 74
1741146119966 17.29320000000007 75
1741146132888 17.370719999999892 76
1741146142938 17.390505000000303 77
1741146152997 17.39884400000028 78
1741146163122 17.414356000000225 79
1741146174192 17.418754999999692 80
1741146186023 18.778905000000123 81
1741146197026 21.119732000000113 82
1741146207748 21.519341000000168 83
1741146218753 23.554363999999623 84
1741146229502 27.807254000000285 85
1741146240191 30.017651000000114 86
1741146251011 30.432260999999926 87
1741146261849 30.450229000000036 88
1741146272643 30.462961999999607 89
1741146283251 30.47393099999954 90
1741146294224 30.483234000000266 91
1741146305059 30.537653999999748 92
1741146315760 30.634540000000015 93
1741146326599 32.48119299999962 94
1741146337419 32.5584259999996 95
1741146349684 32.56536099999994 96
1741146359780 32.591559999999845 97
1741146372164 32.61511700000028 98
1741146382189 32.64450500000021 99
1741146394660 32.671448999999484 100
1741146404762 32.687724000000344 101
1741146417055 32.69669199999953 102
1741146427110 32.7108019999996 103
1741146437141 32.769225000000006 104
1741146447222 32.794316999999864 105
1741146457262 32.8707629999999 106
1741146468253 32.91081800000029 107
1741146479087 33.13554500000009 108
1741146490033 33.24825299999975 109
1741146501440 35.03596199999993 110
1741146512340 36.46461999999974 111
1741146523258 36.49523700000009 112
1741146534225 36.55875999999989 113
1741146545110 59.979519999999866 114
1741146555748 59.989620999999715 115
1741146566645 62.69920199999979 116
1741146577720 64.37502899999981 117
1741146588969 66.41201000000001 118
1741146599606 66.47182799999973 119
1741146610512 66.49620899999991 120
1741146621219 67.34014699999989 121
1741146633522 68.94901200000004 122
1741146643643 71.1000240000003 123
1741146656506 72.58146699999998 124
1741146666547 74.59692799999993 125
1741146679049 75.98095199999989 126
1741146689197 77.92635599999994 127
1741146701631 79.21751700000004 128
1741146711718 80.21921899999961 129
1741146721809 95.59566199999972 130
1741146731918 97.4873520000001 131
1741146741992 101.5095339999998 132
1741146752880 104.7046449999998 133
1741146763741 110.77287100000012 134
1741146774546 111.27357200000006 135
1741146785401 112.98057499999959 136
1741146796269 114.32814599999983 137
1741146807219 114.46553899999981 138
1741146818205 117.10692999999992 139
1741146829198 119.4121869999999 140
1741146840050 120.6984279999997 141
1741146851094 120.84429399999954 142
1741146861909 121.8370759999998 143
1741146872678 139.60017100000005 144
1741146883319 140.71901100000014 145
1741146894314 140.73684799999955 146
1741146905170 141.01076999999987 147
1741146917446 141.29151100000036 148
1741146927546 141.35881400000017 149
1741146940158 141.95576999999957 150
1741146950228 142.18683899999996 151
1741146963065 142.1912000000002 152
1741146973165 146.85978799999975 153
1741146985600 147.684037 154
1741146995687 148.812723 155
1741147005820 153.03096399999959 156
1741147015867 154.7563540000001 157
1741147025952 156.14324599999964 158
1741147036390 156.20846100000017 159
1741147047267 156.35109699999975 160
1741147058210 158.02522099999987 161
1741147069213 163.64249399999972 162
1741147080105 163.7234609999996 163
1741147091116 165.00717299999997 164
1741147101993 165.57984699999997 165
1741147112924 168.36382400000002 166
1741147123840 171.7973549999997 167
1741147134755 171.93048199999976 168
1741147145550 172.04241699999966 169
1741147156303 172.15475799999967 170
1741147167381 172.24837800000023 171
1741147178267 172.2751989999997 172
1741147189326 172.47386800000004 173
1741147201882 172.7843759999996 174
1741147211923 178.02904599999965 175
1741147224731 178.07312999999976 176
1741147234822 178.97251700000015 177
1741147247622 180.24037899999985 178
1741147257718 180.39613399999962 179
1741147270347 182.08233399999972 180
1741147280388 191.02600699999948 181
1741147290529 191.044449 182
1741147300575 191.5384409999997 183
1741147310628 191.54798800000026 184
1741147324445 191.93394499999977 185
1741147341599 205.8090400000001 186
1741147353391 219.6632639999998 187
1741147364794 219.7228640000003 188
1741147376108 219.7525310000001 189
1741147387449 219.80467599999974 190
1741147398717 219.8471529999997 191
1741147409871 219.86806700000034 192
1741147421200 219.87351800000033 193
1741147432566 219.88100899999972 194
1741147444002 219.9323119999999 195
1741147455228 219.94501899999977 196
1741147466296 219.96388800000022 197
1741147477263 219.9685069999996 198
1741147488591 219.9729470000002 199
1741147501159 220.00729899999988 200
1741147511204 220.01187899999968 201
1741147524314 220.03034000000025 202
1741147534354 220.0346639999998 203
1741147547186 220.04232899999988 204
1741147557271 220.06547299999966 205
1741147570037 220.07594700000027 206
1741147580126 220.08699799999977 207
1741147590263 220.08893400000034 208
1741147600800 220.09172399999989 209
1741147611835 220.09700799999973 210
1741147622722 220.1006950000001 211
1741147633817 220.10721699999976 212
1741147644841 220.1270059999997 213
1741147655817 220.14072599999963 214
1741147667020 220.1528269999999 215
1741147678044 220.177052 216
1741147689076 220.18218400000023 217
1741147700341 220.19987899999978 218
1741147711875 220.22422499999993 219
1741147722947 220.23499100000026 220
1741147734488 220.24071399999957 221
1741147745478 220.26130099999955 222
1741147756595 220.26454699999977 223
1741147767645 220.27497799999946 224
1741147778872 220.2773900000002 225
1741147791670 220.28592800000024 226
1741147801769 220.3185309999999 227
1741147814748 220.32900299999983 228
1741147824787 220.33427299999948 229
1741147837981 220.33905700000014 230
1741147848024 220.34588299999996 231
1741147860635 220.35460299999977 232
1741147870672 220.35818899999958 233
1741147880736 220.36890500000027 234
1741147890867 220.37666100000024 235
1741147900912 220.38737700000001 236
1741147911899 220.393102 237
1741147922807 220.4202439999999 238
1741147933792 220.44565899999998 239
1741147944767 220.4676589999999 240
1741147956020 220.47282499999983 241
1741147966989 220.47910599999977 242
1741147978165 220.496803 243
1741147989214 220.5172389999998 244
1741148000196 220.5207250000003 245
1741148011205 220.54408599999988 246
1741148022341 220.54620499999965 247
1741148033358 220.55177699999967 248
1741148044610 220.56955599999947 249
1741148055608 220.5760540000001 250
1741148066710 220.5795909999997 251
1741148079113 220.58386299999984 252
1741148089208 220.58742799999982 253
1741148102294 221.1140690000002 254
1741148112344 221.79251699999986 255
1741148125414 223.57900599999994 256
1741148135453 224.57375200000024 257
1741148148315 225.18362400000024 258
1741148166805 226.21245999999974 259
1741148177879 227.8981990000002 260
1741148188891 228.6776950000003 261
1741148199966 230.6330969999999 262
1741148211126 232.61180499999955 263
1741148222356 233.7707279999995 264
1741148233554 235.71514099999968 265
1741148244724 237.02254600000015 266
1741148255997 238.9375399999999 267
1741148266908 239.89475200000015 268
1741148278221 241.30225599999994 269
1741148289383 242.34936000000016 270
1741148300359 246.5593719999997 271
1741148311270 248.5320899999997 272
1741148322311 250.54384800000025 273
1741148333589 252.04439100000036 274
1741148344941 254.11964499999976 275
1741148355883 254.67893300000014 276
1741148368661 255.2701820000002 277
1741148378742 256.72728300000017 278
1741148392031 257.3709609999996 279
1741148402172 258.4555929999997 280
1741148415003 259.3877110000003 281
1741148425100 260.406156 282
1741148437790 260.7613000000001 283
1741148447882 260.7749880000001 284
1741148457970 260.803406 285
1741148468010 260.810563 286
1741148478535 260.8155429999997 287
1741148489742 260.83339700000033 288
1741148500890 260.8402479999995 289
1741148512027 260.8462819999995 290
1741148523124 260.88984900000014 291
1741148534185 260.8982079999996 292
1741148545218 260.913493 293
1741148556532 260.92068500000005 294
1741148567708 260.9365250000001 295
1741148578750 260.9577879999997 296
1741148589819 260.97437400000035 297
1741148600967 260.98296200000004 298
1741148611824 261.0110029999996 299
1741148623224 261.024531 300
1741148634452 261.0444950000001 301
1741148645518 261.07442100000026 302
1741148658061 261.08692900000005 303
1741148668107 261.09595699999954 304
1741148678150 261.10187399999995 305
1741148691172 261.10807899999963 306
1741148701304 261.1531990000003 307
1741148714544 261.1643320000003 308
1741148724630 261.1717179999996 309
