1741145284987 0.0 0
1741145295993 0.07246800000029907 1
1741145307154 0.21134100000017497 2
1741145318390 1.4909669999997277 3
1741145329319 1.51408900000024 4
1741145340241 1.562713000000258 5
1741145351205 1.5651710000001913 6
1741145362671 3.0352990000001228 7
1741145374245 3.099153999999544 8
1741145385348 3.1749140000001717 9
1741145396559 3.215559999999641 10
1741145407791 3.3554690000000846 11
1741145419648 3.3752480000002834 12
1741145431133 3.4380220000002737 13
1741145442993 3.4527399999997215 14
1741145454147 3.4631579999995665 15
1741145465373 3.5019830000001093 16
1741145476989 3.5042739999998958 17
1741145488771 3.537723000000369 18
1741145498797 3.566294999999627 19
1741145508824 3.633643999999549 20
1741145521825 3.68224199999986 21
1741145531935 3.7275840000002063 22
1741145541969 3.7447460000003048 23
1741145554861 3.749667000000045 24
1741145564889 3.7755980000001728 25
1741145574947 3.786420999999791 26
1741145584988 3.817743999999948 27
1741145595732 3.820230999999694 28
1741145606543 3.877849999999853 29
1741145617511 3.9179039999999077 30
1741145629671 3.9485249999997905 31
1741145641062 4.03320900000017 32
1741145652354 4.116669000000002 33
1741145663623 4.218504000000394 34
1741145675648 4.2993539999997665 35
1741145687063 4.358516999999665 36
1741145698064 4.404644000000189 37
1741145708888 4.436373999999887 38
1741145720093 4.455514000000221 39
1741145730669 4.48853599999984 40
1741145741482 5.907087999999931 41
1741145752151 10.398603999999978 42
1741145763033 10.61189000000013 43
1741145775274 12.958872999999585 44
1741145785354 15.476262000000133 45
1741145798130 15.562302000000273 46
1741145808222 15.624547000000348 47
1741145820531 15.63318100000015 48
1741145830630 15.658105999999862 49
1741145843304 15.707945000000109 50
1741145853336 15.754869000000326 51
1741145863477 15.790672000000086 52
1741145874885 15.799305999999888 53
1741145885992 15.868107999999665 54
1741145896870 15.898192999999992 55
1741145907831 15.920946999999614 56
1741145919032 15.9368029999996 57
1741145930101 15.965274999999565 58
1741145940793 15.992275999999947 59
1741145951944 16.002755000000434 60
1741145963271 16.010003000000324 61
1741145974332 16.03936900000008 62
1741145985730 16.06988199999978 63
1741145996717 16.07698199999959 64
1741146007908 16.08610899999985 65
1741146018814 16.096551999999974 66
1741146029518 16.107113000000027 67
1741146040488 16.11746099999982 68
1741146051946 16.120826999999736 69
1741146064377 16.147243000000344 70
1741146074478 16.157312999999704 71
1741146086678 16.16822200000024 72
1741146096723 16.19508500000029 73
1741146109904 16.22654700000021 74
1741146119966 16.261583999999857 75
1741146132888 16.283276999999543 76
1741146142938 16.301989999999932 77
1741146152997 16.311969000000317 78
1741146163122 16.328551999999945 79
1741146174192 16.333961000000272 80
1741146186023 16.67398400000002 81
1741146197026 16.935381000000234 82
1741146207748 17.322417999999743 83
1741146218753 19.370780999999624 84
1741146229502 23.612699999999677 85
1741146240191 25.817157000000407 86
1741146251011 26.224844999999732 87
1741146261849 26.239886999999726 88
1741146272643 26.249697999999626 89
1741146283251 26.26068099999975 90
1741146294224 26.270590000000084 91
1741146305059 26.331522999999834 92
1741146315760 26.421379000000343 93
1741146326599 28.26517799999965 94
1741146337419 28.35403899999983 95
1741146349684 28.36162499999955 96
1741146359780 28.3864480000002 97
1741146372164 28.403110000000197 98
1741146382189 28.42254899999989 99
1741146394660 28.44374599999992 100
1741146404762 28.456804000000375 101
1741146417055 28.463362000000416 102
1741146427110 28.478790000000117 103
1741146437141 28.52794999999969 104
1741146447222 28.548248000000058 105
1741146457262 28.609894999999597 106
1741146468253 28.628609000000324 107
1741146479087 28.85198599999967 108
1741146490033 28.955557000000226 109
1741146501440 30.74235200000021 110
1741146512340 32.157804999999826 111
1741146523258 32.18811199999982 112
1741146534225 32.26031799999964 113
1741146545110 55.6757749999997 114
1741146555748 55.69372699999985 115
1741146566645 58.40197199999966 116
1741146577720 60.07589399999961 117
1741146588969 62.10750300000018 118
1741146599606 62.17356600000039 119
1741146610512 62.193272000000434 120
1741146621219 63.03427999999985 121
1741146633522 64.63813599999958 122
1741146643643 66.79051499999969 123
1741146656506 68.27927400000044 124
1741146666547 70.2921550000001 125
1741146679049 71.67213999999967 126
1741146689197 73.61462399999982 127
1741146701631 74.90424400000029 128
1741146711718 75.90506100000039 129
1741146721809 91.27903200000037 130
1741146731918 93.16967999999997 131
1741146741992 97.18455799999992 132
1741146752880 100.36256299999968 133
1741146763741 106.44154100000014 134
1741146774546 106.95510000000013 135
1741146785401 108.65782299999955 136
1741146796269 109.99622400000044 137
1741146807219 110.13122800000019 138
1741146818205 112.76080100000036 139
1741146829198 115.06484100000034 140
1741146840050 116.3585949999997 141
1741146851094 116.5019169999996 142
1741146861909 117.49435499999981 143
1741146872678 135.25364100000024 144
1741146883319 136.37003300000015 145
1741146894314 136.39583299999958 146
1741146905170 136.6683119999998 147
1741146917446 136.9448400000001 148
1741146927546 137.00960300000042 149
1741146940158 137.60601599999973 150
1741146950228 137.83528800000022 151
1741146963065 137.8400099999999 152
1741146973165 142.52998899999966 153
1741146985600 143.35275900000033 154
1741146995687 144.47827599999982 155
1741147005820 148.6956710000004 156
1741147015867 150.42534499999965 157
1741147025952 151.8106029999999 158
1741147036390 151.86811099999977 159
1741147047267 152.0117250000003 160
1741147058210 153.68581300000005 161
1741147069213 159.30266500000016 162
1741147080105 159.37632500000018 163
1741147091116 160.6501529999996 164
1741147101993 161.22429399999965 165
1741147112924 163.9964689999997 166
1741147123840 167.42902500000037 167
1741147134755 167.57277299999987 168
1741147145550 167.68328800000018 169
1741147156303 167.79068600000028 170
1741147167381 167.88407800000004 171
1741147178267 167.90672600000016 172
1741147189326 168.10465399999975 173
1741147201882 168.42226699999992 174
1741147211923 173.66149599999972 175
1741147224731 173.70455800000036 176
1741147234822 174.59981200000038 177
1741147247622 175.86593100000027 178
1741147257718 176.02907500000038 179
1741147270347 177.71000000000004 180
1741147280388 186.64898600000015 181
1741147290529 186.66751899999963 182
1741147300575 187.15729100000044 183
1741147310628 187.16508900000008 184
1741147324445 187.1948309999998 185
1741147341599 188.24220700000023 186
1741147353391 188.67049099999986 187
1741147364794 188.74581200000011 188
1741147376108 188.79585399999996 189
1741147387449 188.84585499999957 190
1741147398717 188.87014699999963 191
1741147409871 188.87816399999974 192
1741147421200 188.88200200000028 193
1741147432566 188.89425399999982 194
1741147444002 188.92911600000025 195
1741147455228 188.9394599999996 196
1741147466296 188.95571399999972 197
1741147477263 188.9573330000003 198
1741147488591 188.96248899999955 199
1741147501159 189.00686700000006 200
1741147511204 189.00815799999964 201
1741147524314 189.01947399999972 202
1741147534354 189.02099400000043 203
1741147547186 189.02880000000005 204
1741147557271 189.05157299999973 205
1741147570037 189.06113399999958 206
1741147580126 189.07118400000036 207
1741147590263 189.07261300000027 208
1741147600800 189.07458099999985 209
1741147611835 189.0936469999997 210
1741147622722 189.09567700000025 211
1741147633817 189.1001239999996 212
1741147644841 189.10340600000018 213
1741147655817 189.11634500000036 214
1741147667020 189.1273000000001 215
1741147678044 189.14818699999978 216
1741147689076 189.15228599999955 217
1741147700341 189.16338799999994 218
1741147711875 189.17668200000026 219
1741147722947 189.18598699999984 220
1741147734488 189.20358399999986 221
1741147745478 189.22204899999997 222
1741147756595 189.22713300000032 223
1741147767645 189.23141899999973 224
1741147778872 189.23332500000015 225
1741147791670 189.23672400000032 226
1741147801769 189.27270599999974 227
1741147814748 189.27653800000007 228
1741147824787 189.2797559999999 229
1741147837981 189.28172600000016 230
1741147848024 189.28623100000004 231
1741147860635 189.31095800000003 232
1741147870672 189.313897 233
1741147880736 189.3216080000002 234
1741147890867 189.32526700000017 235
1741147900912 189.33103599999959 236
1741147911899 189.33508999999958 237
1741147922807 189.3554949999998 238
1741147933792 189.38277500000004 239
1741147944767 189.40399999999954 240
1741147956020 189.40565200000037 241
1741147966989 189.4101069999997 242
1741147978165 189.45125199999984 243
1741147989214 189.46840299999985 244
1741148000196 189.47181699999965 245
1741148011205 189.4794380000003 246
1741148022341 189.48111900000004 247
1741148033358 189.48667899999964 248
1741148044610 189.49983799999973 249
1741148055608 189.50601600000027 250
1741148066710 189.50691300000017 251
1741148079113 189.51148999999987 252
1741148089208 189.5152189999999 253
1741148102294 190.05453000000034 254
1741148112344 190.7351179999996 255
1741148125414 192.52138800000012 256
1741148135453 193.51272400000016 257
1741148148315 194.12310499999967 258
1741148166805 195.15818899999977 259
1741148177879 196.84346600000026 260
1741148188891 197.61618799999997 261
1741148199966 199.57145899999978 262
1741148211126 201.55019600000014 263
1741148222356 202.7239010000003 264
1741148233554 204.6642869999996 265
1741148244724 205.96250599999985 266
1741148255997 207.8720460000004 267
1741148266908 208.82684599999993 268
1741148278221 210.23717699999997 269
1741148289383 211.27969200000007 270
1741148300359 215.48872200000005 271
1741148311270 217.4380060000003 272
1741148322311 219.44772900000044 273
1741148333589 220.9514680000002 274
1741148344941 223.04413399999976 275
1741148355883 223.6050839999998 276
1741148368661 224.1953540000004 277
1741148378742 225.648725 278
1741148392031 226.29398599999968 279
1741148402172 227.37482999999975 280
1741148415003 228.30687399999988 281
1741148425100 229.32247000000007 282
1741148437790 229.6700979999996 283
1741148447882 229.68154500000037 284
1741148457970 229.7224269999997 285
1741148468010 229.7275749999999 286
1741148478535 229.73177000000032 287
1741148489742 229.7420060000004 288
1741148500890 229.74697099999958 289
1741148512027 229.75101300000006 290
1741148523124 229.7936010000003 291
1741148534185 229.80837900000006 292
1741148545218 229.82195599999977 293
1741148556532 229.83082399999967 294
1741148567708 229.8509270000004 295
1741148578750 229.88998999999967 296
1741148589819 229.90760299999965 297
1741148600967 229.916424 298
1741148611824 229.92695999999978 299
1741148623224 229.93833300000006 300
1741148634452 229.95598400000017 301
1741148645518 229.98059999999987 302
1741148658061 229.98522400000002 303
1741148668107 229.98954400000002 304
1741148678150 229.99325599999975 305
1741148691172 229.99732200000017 306
1741148701304 230.05678100000023 307
1741148714544 230.06693499999983 308
1741148724630 230.0730450000001 309
