1741145284987 15153.3 0
1741145295993 15099.0 1
1741145307154 15072.6 2
1741145318390 15016.1 3
1741145329319 14939.0 4
1741145340241 14982.3 5
1741145351205 14968.9 6
1741145362671 14970.9 7
1741145374245 14951.6 8
1741145385348 14973.2 9
1741145396559 14906.3 10
1741145407791 15091.9 11
1741145419648 15119.4 12
1741145431133 14609.5 13
1741145442993 14576.4 14
1741145454147 14692.0 15
1741145465373 14676.8 16
1741145476989 14723.2 17
1741145488771 14676.3 18
1741145498797 14725.5 19
1741145508824 14829.1 20
1741145521825 14834.5 21
1741145531935 14902.6 22
1741145541969 14877.0 23
1741145554861 14851.3 24
1741145564889 14784.4 25
1741145574947 15184.6 26
1741145584988 14639.1 27
1741145595732 14711.1 28
1741145606543 14723.3 29
1741145617511 14739.4 30
1741145629671 14600.2 31
1741145641062 14862.3 32
1741145652354 14983.3 33
1741145663623 15029.9 34
1741145675648 14861.0 35
1741145687063 14755.2 36
1741145698064 14849.0 37
1741145708888 14710.2 38
1741145720093 14650.0 39
1741145730669 14816.5 40
1741145741482 14658.4 41
1741145752151 14682.6 42
1741145763033 14783.7 43
1741145775274 14796.4 44
1741145785354 14833.9 45
1741145798130 15026.7 46
1741145808222 14987.4 47
1741145820531 14965.1 48
1741145830630 14891.8 49
1741145843304 15099.2 50
1741145853336 15067.8 51
1741145863477 15456.8 52
1741145874885 15044.9 53
1741145885992 15131.7 54
1741145896870 15077.4 55
1741145907831 15014.4 56
1741145919032 15084.0 57
1741145930101 15016.2 58
1741145940793 15076.4 59
1741145951944 15013.6 60
1741145963271 15064.4 61
1741145974332 14862.4 62
1741145985730 14681.9 63
1741145996717 14699.3 64
1741146007908 14722.0 65
1741146018814 14676.4 66
1741146029518 14628.2 67
1741146040488 14649.0 68
1741146051946 14593.2 69
1741146064377 14615.7 70
1741146074478 14606.9 71
1741146086678 14602.5 72
1741146096723 14642.5 73
1741146109904 14648.2 74
1741146119966 14661.7 75
1741146132888 14660.7 76
1741146142938 14670.0 77
1741146152997 15116.2 78
1741146163122 14750.1 79
1741146174192 14654.2 80
1741146186023 15020.2 81
1741146197026 15236.7 82
1741146207748 15225.9 83
1741146218753 15079.7 84
1741146229502 15052.8 85
1741146240191 14910.2 86
1741146251011 14923.1 87
1741146261849 14918.4 88
1741146272643 14753.4 89
1741146283251 14732.5 90
1741146294224 14734.3 91
1741146305059 14758.4 92
1741146315760 14768.3 93
1741146326599 14757.1 94
1741146337419 14758.4 95
1741146349684 14734.7 96
1741146359780 14715.6 97
1741146372164 14742.3 98
1741146382189 14740.4 99
1741146394660 14612.0 100
1741146404762 14564.6 101
1741146417055 14526.5 102
1741146427110 14542.7 103
1741146437141 15008.6 104
1741146447222 14622.7 105
1741146457262 14689.3 106
1741146468253 14714.6 107
1741146479087 14410.1 108
1741146490033 14464.1 109
1741146501440 14449.2 110
1741146512340 14465.4 111
1741146523258 14431.6 112
1741146534225 14455.5 113
1741146545110 14462.3 114
1741146555748 14458.6 115
1741146566645 14445.1 116
1741146577720 14349.9 117
1741146588969 14408.2 118
1741146599606 14365.7 119
1741146610512 14368.6 120
1741146621219 14370.8 121
1741146633522 14338.4 122
1741146643643 14342.1 123
1741146656506 14346.0 124
1741146666547 14383.6 125
1741146679049 14406.5 126
1741146689197 14352.7 127
1741146701631 14336.1 128
1741146711718 14321.0 129
1741146721809 14806.3 130
1741146731918 14431.7 131
1741146741992 14413.7 132
1741146752880 14416.6 133
1741146763741 14427.4 134
1741146774546 14405.4 135
1741146785401 14396.4 136
1741146796269 14397.6 137
1741146807219 14380.2 138
1741146818205 14393.4 139
1741146829198 14396.4 140
1741146840050 14406.4 141
1741146851094 14416.2 142
1741146861909 14688.7 143
1741146872678 14656.7 144
1741146883319 14666.3 145
1741146894314 14667.0 146
1741146905170 14665.2 147
1741146917446 14671.9 148
1741146927546 14655.5 149
1741146940158 14648.3 150
1741146950228 14658.1 151
1741146963065 14675.3 152
1741146973165 14707.1 153
1741146985600 14707.9 154
1741146995687 14696.3 155
1741147005820 15132.1 156
1741147015867 14752.4 157
1741147025952 14770.4 158
1741147036390 14804.5 159
1741147047267 14774.3 160
1741147058210 14762.5 161
1741147069213 14764.2 162
1741147080105 14790.6 163
1741147091116 14788.5 164
1741147101993 14777.3 165
1741147112924 14774.8 166
1741147123840 14783.9 167
1741147134755 14760.8 168
1741147145550 14750.7 169
1741147156303 14748.5 170
1741147167381 14728.7 171
1741147178267 14729.2 172
1741147189326 14737.1 173
1741147201882 14749.2 174
1741147211923 14744.8 175
1741147224731 14748.2 176
1741147234822 14729.9 177
1741147247622 14724.0 178
1741147257718 14754.4 179
1741147270347 14752.8 180
1741147280388 14742.8 181
1741147290529 15147.8 182
1741147300575 14771.4 183
1741147310628 14805.0 184
1741147324445 14929.9 185
1741147341599 15547.9 186
1741147353391 15749.9 187
1741147364794 15422.0 188
1741147376108 15386.3 189
1741147387449 15368.8 190
1741147398717 15378.5 191
1741147409871 15418.3 192
1741147421200 15413.8 193
1741147432566 15427.9 194
1741147444002 15451.8 195
1741147455228 15294.1 196
1741147466296 15305.8 197
1741147477263 15297.8 198
1741147488591 15285.3 199
1741147501159 15250.8 200
1741147511204 15251.7 201
1741147524314 15252.3 202
1741147534354 15244.3 203
1741147547186 15244.3 204
1741147557271 15244.0 205
1741147570037 15221.5 206
1741147580126 15236.3 207
1741147590263 15634.6 208
1741147600800 15283.7 209
1741147611835 15290.5 210
1741147622722 15063.1 211
1741147633817 15075.4 212
1741147644841 15098.7 213
1741147655817 15090.8 214
1741147667020 15101.1 215
1741147678044 15101.3 216
1741147689076 15096.8 217
1741147700341 15101.9 218
1741147711875 15102.7 219
1741147722947 15111.7 220
1741147734488 15115.5 221
1741147745478 15110.4 222
1741147756595 15125.4 223
1741147767645 15101.5 224
1741147778872 14761.7 225
1741147791670 14754.6 226
1741147801769 14792.2 227
1741147814748 14801.8 228
1741147824787 14811.4 229
1741147837981 14807.5 230
1741147848024 14806.0 231
1741147860635 14822.5 232
1741147870672 14805.9 233
1741147880736 15272.8 234
1741147890867 14873.4 235
1741147900912 14902.4 236
1741147911899 14907.4 237
1741147922807 14885.1 238
1741147933792 14896.2 239
1741147944767 14894.2 240
1741147956020 14889.8 241
1741147966989 14884.4 242
1741147978165 14889.3 243
1741147989214 14908.5 244
1741148000196 14914.3 245
1741148011205 14910.6 246
1741148022341 14894.8 247
1741148033358 14891.5 248
1741148044610 14906.1 249
1741148055608 14907.5 250
1741148066710 14908.5 251
1741148079113 14904.9 252
1741148089208 14904.1 253
1741148102294 14928.7 254
1741148112344 14935.5 255
1741148125414 14929.2 256
1741148135453 14927.3 257
1741148148315 14935.5 258
1741148166805 14917.4 259
1741148177879 14996.9 260
1741148188891 14995.5 261
1741148199966 15004.7 262
1741148211126 15007.6 263
1741148222356 15008.2 264
1741148233554 15012.9 265
1741148244724 15007.8 266
1741148255997 15009.0 267
1741148266908 15005.7 268
1741148278221 15021.6 269
1741148289383 15020.3 270
1741148300359 15020.5 271
1741148311270 15032.6 272
1741148322311 15015.7 273
1741148333589 15012.2 274
1741148344941 15018.8 275
1741148355883 15070.1 276
1741148368661 15043.6 277
1741148378742 15023.5 278
1741148392031 15038.5 279
1741148402172 15032.4 280
1741148415003 15036.9 281
1741148425100 15019.4 282
1741148437790 15011.0 283
1741148447882 15017.6 284
1741148457970 15461.6 285
1741148468010 14988.8 286
1741148478535 15000.5 287
1741148489742 15028.4 288
1741148500890 15028.7 289
1741148512027 15031.4 290
1741148523124 15138.4 291
1741148534185 14875.2 292
1741148545218 14904.0 293
1741148556532 14904.6 294
1741148567708 14923.6 295
1741148578750 14919.4 296
1741148589819 14924.0 297
1741148600967 14917.2 298
1741148611824 14924.5 299
1741148623224 14907.2 300
1741148634452 14903.5 301
1741148645518 14911.9 302
1741148658061 14916.8 303
1741148668107 14905.5 304
1741148678150 14912.1 305
1741148691172 14908.6 306
1741148701304 14931.0 307
1741148714544 14945.2 308
1741148724630 14930.8 309
