1741145284987 89.8 0
1741145295993 89.5 1
1741145307154 89.4 2
1741145318390 89.0 3
1741145329319 88.6 4
1741145340241 88.8 5
1741145351205 88.7 6
1741145362671 88.8 7
1741145374245 88.6 8
1741145385348 88.8 9
1741145396559 88.4 10
1741145407791 89.5 11
1741145419648 89.6 12
1741145431133 86.6 13
1741145442993 86.4 14
1741145454147 87.1 15
1741145465373 87.0 16
1741145476989 87.3 17
1741145488771 87.0 18
1741145498797 87.3 19
1741145508824 87.9 20
1741145521825 88.0 21
1741145531935 88.4 22
1741145541969 88.2 23
1741145554861 88.1 24
1741145564889 87.7 25
1741145574947 90.0 26
1741145584988 86.8 27
1741145595732 87.2 28
1741145606543 87.3 29
1741145617511 87.4 30
1741145629671 86.6 31
1741145641062 88.1 32
1741145652354 88.8 33
1741145663623 89.1 34
1741145675648 88.1 35
1741145687063 87.5 36
1741145698064 88.0 37
1741145708888 87.2 38
1741145720093 86.9 39
1741145730669 87.8 40
1741145741482 86.9 41
1741145752151 87.0 42
1741145763033 87.6 43
1741145775274 87.7 44
1741145785354 87.9 45
1741145798130 89.1 46
1741145808222 88.9 47
1741145820531 88.7 48
1741145830630 88.3 49
1741145843304 89.5 50
1741145853336 89.3 51
1741145863477 91.6 52
1741145874885 89.2 53
1741145885992 89.7 54
1741145896870 89.4 55
1741145907831 89.0 56
1741145919032 89.4 57
1741145930101 89.0 58
1741145940793 89.4 59
1741145951944 89.0 60
1741145963271 89.3 61
1741145974332 88.1 62
1741145985730 87.0 63
1741145996717 87.1 64
1741146007908 87.3 65
1741146018814 87.0 66
1741146029518 86.7 67
1741146040488 86.9 68
1741146051946 86.5 69
1741146064377 86.7 70
1741146074478 86.6 71
1741146086678 86.6 72
1741146096723 86.8 73
1741146109904 86.8 74
1741146119966 86.9 75
1741146132888 86.9 76
1741146142938 87.0 77
1741146152997 89.6 78
1741146163122 87.4 79
1741146174192 86.9 80
1741146186023 89.1 81
1741146197026 90.3 82
1741146207748 90.3 83
1741146218753 89.4 84
1741146229502 89.2 85
1741146240191 88.4 86
1741146251011 88.5 87
1741146261849 88.4 88
1741146272643 87.5 89
1741146283251 87.3 90
1741146294224 87.4 91
1741146305059 87.5 92
1741146315760 87.6 93
1741146326599 87.5 94
1741146337419 87.5 95
1741146349684 87.4 96
1741146359780 87.2 97
1741146372164 87.4 98
1741146382189 87.4 99
1741146394660 86.6 100
1741146404762 86.4 101
1741146417055 86.1 102
1741146427110 86.2 103
1741146437141 89.0 104
1741146447222 86.7 105
1741146457262 87.1 106
1741146468253 87.2 107
1741146479087 85.4 108
1741146490033 85.8 109
1741146501440 85.7 110
1741146512340 85.8 111
1741146523258 85.6 112
1741146534225 85.7 113
1741146545110 85.7 114
1741146555748 85.7 115
1741146566645 85.6 116
1741146577720 85.1 117
1741146588969 85.4 118
1741146599606 85.2 119
1741146610512 85.2 120
1741146621219 85.2 121
1741146633522 85.0 122
1741146643643 85.0 123
1741146656506 85.1 124
1741146666547 85.3 125
1741146679049 85.4 126
1741146689197 85.1 127
1741146701631 85.0 128
1741146711718 84.9 129
1741146721809 87.8 130
1741146731918 85.6 131
1741146741992 85.5 132
1741146752880 85.5 133
1741146763741 85.5 134
1741146774546 85.4 135
1741146785401 85.4 136
1741146796269 85.4 137
1741146807219 85.3 138
1741146818205 85.3 139
1741146829198 85.4 140
1741146840050 85.4 141
1741146851094 85.5 142
1741146861909 87.1 143
1741146872678 86.9 144
1741146883319 87.0 145
1741146894314 87.0 146
1741146905170 86.9 147
1741146917446 87.0 148
1741146927546 86.9 149
1741146940158 86.8 150
1741146950228 86.9 151
1741146963065 87.0 152
1741146973165 87.2 153
1741146985600 87.2 154
1741146995687 87.1 155
1741147005820 89.7 156
1741147015867 87.5 157
1741147025952 87.6 158
1741147036390 87.8 159
1741147047267 87.6 160
1741147058210 87.5 161
1741147069213 87.5 162
1741147080105 87.7 163
1741147091116 87.7 164
1741147101993 87.6 165
1741147112924 87.6 166
1741147123840 87.7 167
1741147134755 87.5 168
1741147145550 87.5 169
1741147156303 87.4 170
1741147167381 87.3 171
1741147178267 87.3 172
1741147189326 87.4 173
1741147201882 87.4 174
1741147211923 87.4 175
1741147224731 87.4 176
1741147234822 87.3 177
1741147247622 87.3 178
1741147257718 87.5 179
1741147270347 87.5 180
1741147280388 87.4 181
1741147290529 89.8 182
1741147300575 87.6 183
1741147310628 87.8 184
1741147324445 88.5 185
1741147341599 92.2 186
1741147353391 93.4 187
1741147364794 91.4 188
1741147376108 91.2 189
1741147387449 91.1 190
1741147398717 91.2 191
1741147409871 91.4 192
1741147421200 91.4 193
1741147432566 91.5 194
1741147444002 91.6 195
1741147455228 90.7 196
1741147466296 90.7 197
1741147477263 90.7 198
1741147488591 90.6 199
1741147501159 90.4 200
1741147511204 90.4 201
1741147524314 90.4 202
1741147534354 90.4 203
1741147547186 90.4 204
1741147557271 90.4 205
1741147570037 90.2 206
1741147580126 90.3 207
1741147590263 92.7 208
1741147600800 90.6 209
1741147611835 90.7 210
1741147622722 89.3 211
1741147633817 89.4 212
1741147644841 89.5 213
1741147655817 89.5 214
1741147667020 89.5 215
1741147678044 89.5 216
1741147689076 89.5 217
1741147700341 89.5 218
1741147711875 89.5 219
1741147722947 89.6 220
1741147734488 89.6 221
1741147745478 89.6 222
1741147756595 89.7 223
1741147767645 89.5 224
1741147778872 87.5 225
1741147791670 87.5 226
1741147801769 87.7 227
1741147814748 87.8 228
1741147824787 87.8 229
1741147837981 87.8 230
1741147848024 87.8 231
1741147860635 87.9 232
1741147870672 87.8 233
1741147880736 90.5 234
1741147890867 88.2 235
1741147900912 88.4 236
1741147911899 88.4 237
1741147922807 88.3 238
1741147933792 88.3 239
1741147944767 88.3 240
1741147956020 88.3 241
1741147966989 88.2 242
1741147978165 88.3 243
1741147989214 88.4 244
1741148000196 88.4 245
1741148011205 88.4 246
1741148022341 88.3 247
1741148033358 88.3 248
1741148044610 88.4 249
1741148055608 88.4 250
1741148066710 88.4 251
1741148079113 88.4 252
1741148089208 88.4 253
1741148102294 88.5 254
1741148112344 88.5 255
1741148125414 88.5 256
1741148135453 88.5 257
1741148148315 88.5 258
1741148166805 88.4 259
1741148177879 88.9 260
1741148188891 88.9 261
1741148199966 89.0 262
1741148211126 89.0 263
1741148222356 89.0 264
1741148233554 89.0 265
1741148244724 89.0 266
1741148255997 89.0 267
1741148266908 89.0 268
1741148278221 89.1 269
1741148289383 89.1 270
1741148300359 89.1 271
1741148311270 89.1 272
1741148322311 89.0 273
1741148333589 89.0 274
1741148344941 89.0 275
1741148355883 89.3 276
1741148368661 89.2 277
1741148378742 89.1 278
1741148392031 89.2 279
1741148402172 89.1 280
1741148415003 89.2 281
1741148425100 89.0 282
1741148437790 89.0 283
1741148447882 89.0 284
1741148457970 91.7 285
1741148468010 88.9 286
1741148478535 88.9 287
1741148489742 89.1 288
1741148500890 89.1 289
1741148512027 89.1 290
1741148523124 89.8 291
1741148534185 88.2 292
1741148545218 88.4 293
1741148556532 88.4 294
1741148567708 88.5 295
1741148578750 88.5 296
1741148589819 88.5 297
1741148600967 88.4 298
1741148611824 88.5 299
1741148623224 88.4 300
1741148634452 88.4 301
1741148645518 88.4 302
1741148658061 88.4 303
1741148668107 88.4 304
1741148678150 88.4 305
1741148691172 88.4 306
1741148701304 88.5 307
1741148714544 88.6 308
1741148724630 88.5 309
