1741129240715 0.0 0
1741129250755 19.4 1
1741129260790 23.4 2
1741129270848 20.5 3
1741129281930 18.3 4
1741129291971 19.5 5
1741129302045 21.6 6
1741129312078 19.4 7
1741129322112 21.7 8
1741129332216 20.3 9
1741129342458 15.7 10
1741129352507 22.8 11
1741129362584 22.8 12
1741129372619 19.9 13
1741129382671 22.4 14
1741129392847 17.5 15
1741129402927 16.1 16
1741129412954 21.5 17
1741129423011 20.3 18
1741129433061 20.1 19
1741129443089 20.2 20
1741129453981 19.9 21
1741129464050 19.5 22
1741129474084 19.1 23
1741129484116 20.3 24
1741129494160 18.6 25
1741129504201 19.8 26
1741129515197 20.8 27
1741129525793 19.8 28
1741129536335 17.9 29
1741129546382 16.4 30
1741129556472 21.9 31
1741129566529 17.8 32
1741129576571 20.3 33
1741129586650 19.9 34
1741129597850 16.7 35
1741129607884 21.8 36
1741129617965 21.3 37
1741129629294 17.1 38
1741129639363 17.4 39
1741129649412 22.0 40
1741129659500 22.4 41
1741129670645 18.2 42
1741129680696 19.7 43
1741129690800 21.2 44
1741129700841 12.8 45
1741129710874 21.6 46
1741129720965 20.2 47
1741129731006 17.0 48
1741129741040 20.7 49
1741129751130 19.5 50
1741129761163 17.7 51
1741129772348 19.9 52
1741129782442 18.4 53
1741129792475 15.9 54
1741129802510 22.3 55
1741129813543 20.9 56
1741129823575 16.9 57
1741129833626 21.2 58
1741129843673 18.7 59
1741129853717 14.0 60
1741129863758 21.6 61
1741129873801 20.7 62
1741129883830 17.6 63
1741129893866 20.0 64
1741129903923 20.5 65
1741129915074 17.7 66
1741129925107 19.3 67
1741129935138 21.3 68
1741129945236 19.0 69
1741129955277 18.2 70
1741129965320 21.6 71
1741129976479 20.2 72
1741129986545 17.3 73
1741129996796 20.9 74
1741130006875 15.6 75
1741130016917 17.7 76
1741130026970 19.9 77
1741130037051 21.4 78
1741130047084 17.6 79
1741130057126 20.3 80
1741130067217 19.1 81
1741130077245 17.3 82
1741130088826 19.8 83
1741130098921 17.0 84
1741130109054 18.0 85
1741130119123 19.5 86
1741130129185 22.0 87
1741130139292 18.2 88
1741130149355 20.1 89
1741130159399 15.5 90
1741130169472 17.7 91
1741130179544 19.3 92
1741130189608 20.2 93
1741130199706 18.5 94
1741130209749 18.2 95
1741130219802 21.0 96
1741130229879 19.4 97
1741130239911 17.3 98
1741130249951 20.0 99
1741130260038 17.0 100
1741130270071 18.6 101
1741130280116 21.1 102
1741130290213 19.0 103
1741130300261 18.6 104
1741130311312 18.1 105
1741130321421 18.7 106
1741130331468 19.2 107
1741130341509 19.6 108
1741130351588 21.3 109
1741130361635 18.3 110
1741130371689 19.2 111
1741130381783 19.4 112
1741130391814 17.6 113
1741130401865 19.5 114
1741130411980 18.9 115
1741130422010 18.2 116
1741130432055 19.8 117
1741130442159 19.8 118
1741130452359 19.0 119
1741130462449 20.6 120
1741130472604 16.2 121
1741130482630 17.3 122
1741130492660 19.5 123
1741130502753 20.4 124
1741130512783 17.0 125
1741130522844 20.0 126
1741130532913 20.1 127
1741130542969 17.8 128
1741130552992 20.6 129
1741130564388 18.9 130
1741130574672 15.2 131
1741130584943 20.7 132
1741130595155 21.1 133
1741130605331 17.4 134
1741130615363 20.0 135
1741130625406 17.8 136
1741130636944 15.8 137
1741130647213 19.4 138
1741130657387 19.1 139
1741130667479 20.1 140
1741130677602 17.1 141
1741130687883 19.4 142
1741130697962 20.5 143
1741130708225 17.1 144
1741130718265 19.3 145
1741130728550 17.6 146
1741130738927 17.4 147
1741130749377 20.5 148
1741130759598 21.2 149
1741130769661 17.3 150
1741130779700 19.5 151
1741130789841 14.3 152
1741130800364 16.8 153
1741130810681 20.0 154
1741130820989 20.1 155
1741130831393 19.8 156
1741130841592 17.5 157
1741130851840 19.5 158
1741130862126 20.4 159
1741130872451 18.0 160
1741130882499 20.1 161
1741130892572 19.6 162
1741130902629 17.6 163
1741130913046 18.7 164
1741130923485 20.3 165
1741130933551 17.3 166
1741130944569 20.2 167
1741130954945 14.3 168
1741130965187 18.2 169
1741130975683 18.9 170
1741130985861 19.9 171
1741130996243 17.1 172
1741131006580 18.8 173
1741131016782 19.5 174
1741131027087 19.6 175
1741131037583 17.2 176
1741131048733 19.9 177
1741131059372 17.1 178
1741131069853 17.7 179
1741131080493 20.0 180
1741131091175 19.4 181
1741131103662 17.0 182
1741131114171 14.7 183
1741131124523 21.1 184
1741131134868 18.5 185
1741131145347 17.0 186
1741131155845 18.6 187
1741131166252 19.4 188
1741131176742 17.8 189
1741131187127 18.8 190
1741131197503 19.8 191
1741131207601 19.2 192
1741131217721 16.3 193
1741131228634 18.1 194
1741131239097 22.9 195
1741131249745 17.4 196
1741131259772 19.1 197
1741131271162 19.5 198
1741131281745 11.5 199
1741131292466 20.8 200
1741131302985 19.8 201
1741131313453 19.6 202
1741131323894 16.4 203
1741131334424 18.3 204
1741131344831 19.6 205
1741131355364 16.7 206
1741131365978 19.7 207
1741131377213 19.4 208
1741131388107 16.6 209
1741131399026 18.5 210
1741131410024 19.9 211
1741131422251 20.1 212
1741131433236 18.2 213
1741131443855 13.0 214
1741131454453 19.4 215
1741131464879 19.1 216
1741131475487 17.2 217
1741131486020 20.0 218
1741131496493 19.4 219
1741131507100 16.5 220
1741131517865 20.3 221
1741131528504 18.6 222
1741131538608 20.2 223
1741131549025 15.5 224
1741131559961 18.5 225
1741131570915 20.3 226
1741131581911 16.6 227
1741131591976 19.2 228
1741131603596 20.5 229
1741131614216 14.8 230
1741131624694 17.6 231
1741131635389 18.7 232
1741131645854 20.5 233
1741131656559 17.1 234
1741131667236 19.2 235
1741131677878 19.6 236
1741131688861 18.6 237
1741131699526 16.8 238
1741131709586 19.6 239
1741131719679 18.6 240
1741131730879 16.3 241
1741131741844 18.7 242
1741131752979 19.2 243
1741131763096 19.3 244
1741131773147 14.8 245
1741131783200 18.4 246
1741131793580 18.1 247
1741131804252 15.6 248
1741131815003 19.6 249
1741131825811 18.8 250
1741131836673 16.8 251
1741131847458 19.4 252
1741131858147 18.4 253
1741131868875 19.9 254
1741131878921 16.3 255
1741131889108 18.0 256
1741131900220 19.4 257
1741131911131 17.2 258
1741131922129 18.8 259
1741131932246 19.6 260
1741131942301 14.3 261
1741131952348 17.8 262
1741131963280 18.6 263
1741131974025 19.2 264
1741131985070 16.8 265
1741131995931 17.7 266
1741132006612 19.4 267
1741132017498 17.7 268
1741132028340 18.4 269
1741132039395 19.3 270
1741132049523 18.8 271
1741132059590 15.5 272
1741132071098 18.3 273
1741132082146 18.8 274
1741132093655 16.8 275
1741132103697 18.7 276
1741132113756 17.7 277
1741132123998 18.7 278
1741132134957 15.5 279
1741132145834 20.6 280
1741132156875 19.7 281
1741132167826 16.3 282
1741132178826 18.4 283
1741132189814 19.3 284
1741132200729 19.1 285
1741132211816 15.9 286
1741132221855 18.8 287
1741132232530 17.0 288
1741132244048 15.3 289
1741132255515 19.0 290
1741132266971 19.6 291
1741132277091 19.5 292
1741132287141 14.6 293
1741132297483 17.1 294
1741132308477 17.3 295
1741132319757 16.6 296
1741132330793 18.6 297
1741132341873 18.2 298
1741132352874 19.3 299
1741132363890 17.1 300
1741132375008 18.7 301
1741132386088 19.3 302
1741132396185 18.8 303
1741132406919 15.2 304
1741132418415 17.8 305
1741132429725 18.7 306
1741132441108 20.2 307
1741132451171 16.2 308
1741132461222 16.4 309
1741132471483 17.9 310
1741132482519 15.3 311
1741132493702 18.4 312
1741132504667 20.1 313
1741132515659 18.5 314
1741132526619 16.6 315
1741132537731 18.9 316
1741132548747 18.1 317
1741132560008 16.9 318
1741132570063 19.1 319
1741132581152 17.9 320
1741132592774 18.2 321
1741132604284 16.6 322
1741132614343 18.5 323
1741132624401 21.3 324
1741132635824 16.2 325
1741132646924 13.4 326
1741132658164 18.9 327
1741132669587 18.5 328
1741132680897 19.7 329
1741132691935 17.5 330
1741132703189 18.4 331
1741132714158 18.6 332
1741132725333 16.2 333
1741132736619 17.9 334
1741132746658 18.6 335
1741132757923 17.9 336
1741132767980 15.2 337
1741132778589 20.8 338
1741132790186 17.5 339
1741132800317 19.5 340
1741132810371 16.8 341
1741132820565 15.0 342
1741132831700 19.8 343
1741132842803 16.4 344
1741132854114 18.3 345
1741132865442 18.7 346
1741132876716 18.3 347
1741132887961 15.9 348
1741132899253 19.3 349
1741132910476 18.5 350
1741132920763 18.9 351
1741132930834 13.2 352
1741132941528 20.4 353
1741132953200 18.2 354
1741132964757 16.4 355
1741132975082 18.7 356
1741132986720 18.1 357
1741132997902 15.3 358
1741133009141 16.5 359
1741133020524 17.9 360
1741133031978 18.7 361
1741133043215 20.3 362
1741133054582 16.4 363
1741133066006 18.6 364
1741133077427 18.6 365
1741133088728 18.5 366
1741133099142 16.4 367
1741133109180 16.5 368
1741133119996 20.5 369
1741133131682 15.3 370
1741133141728 18.1 371
1741133152786 20.3 372
1741133166025 17.7 373
1741133177326 15.2 374
1741133188677 16.3 375
1741133198745 18.0 376
1741133208812 20.0 377
1741133219390 16.5 378
1741133230982 16.6 379
1741133242353 18.7 380
1741133254104 18.3 381
1741133264144 19.0 382
1741133274743 25.9 383
1741133285191 18.6 384
1741133295260 14.5 385
1741133306655 23.9 386
1741133318347 15.2 387
1741133328400 16.7 388
1741133338536 17.8 389
1741133349538 14.3 390
1741133361050 10.6 391
1741133373121 16.8 392
1741133383173 22.3 393
1741133393734 21.1 394
1741133405218 18.1 395
1741133416622 18.3 396
1741133427988 18.1 397
1741133439367 16.1 398
1741133450722 18.9 399
1741133462373 18.2 400
1741133472488 16.2 401
1741133483440 18.0 402
1741133493483 17.2 403
1741133504303 20.5 404
1741133514344 15.1 405
1741133524394 20.6 406
1741133534536 17.5 407
1741133544593 11.7 408
1741133555987 18.9 409
1741133567650 18.3 410
1741133579320 19.2 411
1741133591061 16.0 412
1741133602627 18.4 413
1741133614240 19.4 414
1741133625713 18.3 415
1741133637494 16.3 416
1741133648407 19.4 417
1741133658487 15.9 418
1741133669865 20.7 419
1741133679912 15.2 420
1741133691186 19.4 421
1741133703150 17.5 422
1741133716626 18.1 423
1741133728235 11.9 424
1741133739947 19.4 425
1741133751527 18.5 426
1741133763283 18.6 427
1741133774781 18.2 428
1741133786326 16.1 429
1741133798020 18.1 430
1741133809704 18.9 431
1741133821416 18.4 432
1741133832362 16.5 433
1741133842439 16.5 434
1741133854184 19.7 435
1741133864295 18.2 436
1741133875630 17.2 437
1741133885698 17.1 438
1741133895838 20.2 439
1741133905909 13.1 440
1741133917601 16.6 441
1741133929383 18.7 442
1741133941160 18.4 443
1741133952948 17.4 444
1741133964731 18.4 445
1741133976352 17.6 446
1741133987921 18.7 447
1741133999475 18.6 448
1741134011195 16.6 449
1741134021278 18.9 450
1741134031407 15.7 451
1741134043249 17.7 452
1741134053299 17.6 453
1741134064996 20.3 454
1741134075975 17.5 455
1741134087932 14.7 456
1741134099805 14.9 457
1741134111535 19.4 458
1741134123348 17.9 459
1741134135022 17.9 460
1741134146790 15.9 461
1741134158621 18.1 462
1741134168689 18.5 463
1741134178790 19.8 464
1741134190230 16.0 465
1741134202070 17.2 466
1741134212188 15.3 467
1741134222231 17.4 468
1741134233892 18.9 469
1741134243942 16.5 470
1741134255703 20.9 471
1741134265801 14.7 472
1741134275869 19.3 473
1741134287402 14.9 474
1741134297458 16.8 475
1741134307543 19.5 476
1741134319014 18.5 477
1741134330962 16.7 478
1741134342820 15.7 479
1741134352883 19.0 480
1741134362943 20.2 481
1741134374526 16.2 482
1741134384576 17.2 483
1741134394635 19.8 484
1741134406472 15.8 485
1741134416545 15.0 486
1741134426613 19.9 487
1741134437789 19.2 488
1741134447846 14.6 489
1741134457913 18.1 490
1741134468501 17.4 491
1741134480498 14.7 492
1741134492376 18.0 493
1741134504318 17.9 494
1741134516191 18.6 495
1741134528117 18.2 496
1741134538182 15.9 497
1741134548266 19.9 498
1741134560181 17.6 499
1741134572059 17.6 500
1741134583408 16.0 501
1741134593452 15.7 502
1741134603552 21.3 503
1741134614999 17.1 504
1741134625047 15.7 505
1741134635116 20.4 506
1741134645238 18.3 507
1741134655302 14.8 508
1741134666246 15.0 509
1741134676359 17.2 510
1741134686549 17.5 511
1741134696590 16.3 512
1741134706712 20.5 513
1741134718665 15.1 514
1741134728737 18.0 515
1741134738852 20.6 516
1741134748962 15.9 517
1741134760905 16.5 518
1741134771342 20.0 519
1741134781467 14.0 520
1741134791535 17.1 521
1741134801584 19.7 522
1741134813434 18.2 523
1741134823479 14.7 524
1741134834802 20.5 525
1741134847003 16.4 526
1741134859020 16.3 527
1741134869165 15.8 528
1741134879215 19.2 529
1741134889269 16.4 530
1741134899547 20.5 531
1741134909626 15.6 532
1741134919707 19.4 533
1741134931690 17.2 534
1741134941734 16.2 535
1741134952002 19.6 536
1741134964124 17.3 537
1741134974182 13.4 538
1741134984245 18.2 539
1741134994344 20.6 540
1741135004495 17.6 541
1741135016230 16.7 542
1741135027675 17.6 543
1741135039824 16.5 544
1741135049928 14.8 545
1741135060305 17.8 546
1741135070362 17.7 547
1741135081206 23.4 548
1741135091253 14.7 549
1741135101413 19.3 550
1741135113484 17.3 551
1741135123531 15.3 552
1741135134083 19.3 553
1741135144193 17.4 554
1741135154594 17.0 555
1741135165536 17.0 556
1741135175624 15.1 557
1741135185666 20.0 558
1741135195738 16.4 559
1741135205784 18.0 560
1741135217823 18.1 561
1741135227907 14.9 562
1741135239099 16.7 563
1741135249158 15.1 564
1741135260584 18.2 565
1741135270633 21.3 566
1741135282029 23.9 567
1741135292084 17.9 568
1741135302585 17.5 569
1741135312652 17.7 570
1741135322965 20.0 571
1741135333016 14.4 572
1741135343510 20.0 573
1741135356108 16.4 574
1741135366201 15.1 575
1741135376250 16.4 576
1741135386334 18.7 577
1741135396404 18.9 578
1741135406468 16.8 579
1741135418401 18.9 580
1741135428490 16.3 581
1741135438570 13.4 582
1741135449037 17.9 583
1741135459097 15.6 584
1741135469796 17.2 585
1741135479861 17.4 586
1741135490880 19.5 587
1741135500922 17.2 588
1741135511216 17.3 589
1741135521261 16.4 590
1741135531912 21.4 591
1741135541991 14.3 592
1741135552715 19.8 593
1741135562804 14.9 594
1741135572882 16.5 595
1741135582957 19.0 596
1741135593028 19.7 597
1741135603095 16.7 598
1741135613152 17.9 599
1741135623225 18.9 600
1741135634066 13.0 601
1741135644140 15.0 602
1741135654788 19.5 603
1741135664870 14.4 604
1741135675582 20.2 605
1741135685703 17.3 606
1741135696453 18.1 607
1741135706519 15.0 608
1741135717477 20.1 609
1741135727560 16.2 610
1741135738490 17.1 611
1741135751261 19.0 612
1741135761338 14.8 613
1741135771399 18.9 614
1741135781463 16.8 615
1741135791566 19.2 616
1741135801613 19.4 617
1741135811682 15.9 618
1741135821763 17.5 619
1741135832633 16.5 620
1741135842709 11.2 621
1741135853416 20.7 622
1741135863486 16.6 623
1741135874264 17.3 624
1741135884305 16.5 625
1741135894896 19.4 626
1741135904952 13.6 627
1741135915808 20.2 628
1741135925884 16.8 629
1741135936609 17.0 630
1741135949517 17.1 631
1741135959685 14.3 632
1741135969784 18.5 633
1741135979863 16.1 634
1741135989929 18.9 635
1741136000016 20.0 636
1741136010092 16.1 637
1741136020134 17.9 638
1741136031679 17.6 639
1741136041757 14.9 640
1741136052516 17.6 641
1741136062591 16.2 642
1741136073478 19.7 643
1741136083528 14.2 644
1741136094767 18.9 645
1741136104840 16.9 646
1741136115543 16.8 647
1741136125582 15.9 648
1741136136400 19.6 649
1741136149284 14.8 650
1741136159765 15.6 651
1741136170071 18.9 652
1741136180272 17.8 653
1741136190456 15.3 654
1741136200700 18.5 655
1741136210787 18.1 656
1741136220859 16.6 657
