1741129240715 295724.6 0
1741129250755 295724.6 1
1741129260790 295724.6 2
1741129270848 295724.6 3
1741129281930 295724.6 4
1741129291971 295724.6 5
1741129302045 295724.6 6
1741129312078 295724.6 7
1741129322112 295724.6 8
1741129332216 295724.6 9
1741129342458 295724.6 10
1741129352507 295724.6 11
1741129362584 295724.6 12
1741129372619 295724.6 13
1741129382671 295724.6 14
1741129392847 295723.9 15
1741129402927 295712.7 16
1741129412954 295712.7 17
1741129423011 295712.7 18
1741129433061 295712.7 19
1741129443089 295712.7 20
1741129453981 295712.7 21
1741129464050 295712.7 22
1741129474084 295712.7 23
1741129484116 295712.7 24
1741129494160 295712.7 25
1741129504201 295712.7 26
1741129515197 295712.7 27
1741129525793 295712.7 28
1741129536335 295712.7 29
1741129546382 295712.0 30
1741129556472 295712.0 31
1741129566529 295712.0 32
1741129576571 295712.0 33
1741129586650 295712.0 34
1741129597850 295712.0 35
1741129607884 295712.0 36
1741129617965 295711.5 37
1741129629294 295711.5 38
1741129639363 295711.5 39
1741129649412 295711.5 40
1741129659500 295711.5 41
1741129670645 295711.5 42
1741129680696 295711.5 43
1741129690800 295710.9 44
1741129700841 295710.9 45
1741129710874 295710.9 46
1741129720965 295710.9 47
1741129731006 295710.9 48
1741129741040 295710.9 49
1741129751130 295710.9 50
1741129761163 295710.9 51
1741129772348 295710.9 52
1741129782442 295710.9 53
1741129792475 295710.9 54
1741129802510 295710.9 55
1741129813543 295710.9 56
1741129823575 295710.9 57
1741129833626 295710.9 58
1741129843673 295710.4 59
1741129853717 295710.4 60
1741129863758 295710.4 61
1741129873801 295710.4 62
1741129883830 295710.4 63
1741129893866 295710.4 64
1741129903923 295710.4 65
1741129915074 295710.4 66
1741129925107 295710.3 67
1741129935138 295710.3 68
1741129945236 295710.3 69
1741129955277 295710.3 70
1741129965320 295710.3 71
1741129976479 295710.3 72
1741129986545 295710.3 73
1741129996796 295709.8 74
1741130006875 295709.8 75
1741130016917 295709.8 76
1741130026970 295709.8 77
1741130037051 295709.8 78
1741130047084 295709.8 79
1741130057126 295709.8 80
1741130067217 295709.8 81
1741130077245 295709.8 82
1741130088826 295709.8 83
1741130098921 295709.8 84
1741130109054 295709.8 85
1741130119123 295709.8 86
1741130129185 295709.8 87
1741130139292 295709.8 88
1741130149355 295709.3 89
1741130159399 295709.2 90
1741130169472 295709.2 91
1741130179544 295709.2 92
1741130189608 295709.2 93
1741130199706 295709.2 94
1741130209749 295709.2 95
1741130219802 295709.2 96
1741130229879 295709.2 97
1741130239911 295709.2 98
1741130249951 295709.2 99
1741130260038 295709.2 100
1741130270071 295709.2 101
1741130280116 295709.2 102
1741130290213 295709.2 103
1741130300261 295709.2 104
1741130311312 295708.7 105
1741130321421 295708.7 106
1741130331468 295708.7 107
1741130341509 295708.7 108
1741130351588 295708.7 109
1741130361635 295708.7 110
1741130371689 295708.7 111
1741130381783 295708.7 112
1741130391814 295708.7 113
1741130401865 295708.7 114
1741130411980 295708.7 115
1741130422010 295708.7 116
1741130432055 295708.7 117
1741130442159 295708.7 118
1741130452359 295708.7 119
1741130462449 295708.2 120
1741130472604 295708.1 121
1741130482630 295708.1 122
1741130492660 295708.1 123
1741130502753 295708.1 124
1741130512783 295708.1 125
1741130522844 295708.1 126
1741130532913 295708.1 127
1741130542969 295708.1 128
1741130552992 295708.1 129
1741130564388 295708.1 130
1741130574672 295708.1 131
1741130584943 295708.1 132
1741130595155 295708.1 133
1741130605331 295708.1 134
1741130615363 295708.1 135
1741130625406 295707.6 136
1741130636944 295707.6 137
1741130647213 295707.6 138
1741130657387 295707.6 139
1741130667479 295707.6 140
1741130677602 295707.6 141
1741130687883 295707.6 142
1741130697962 295707.6 143
1741130708225 295707.6 144
1741130718265 295707.6 145
1741130728550 295707.6 146
1741130738927 295707.6 147
1741130749377 295707.6 148
1741130759598 295707.6 149
1741130769661 295707.6 150
1741130779700 295707.1 151
1741130789841 295707.0 152
1741130800364 295707.0 153
1741130810681 295707.0 154
1741130820989 295707.0 155
1741130831393 295707.0 156
1741130841592 295707.0 157
1741130851840 295707.0 158
1741130862126 295707.0 159
1741130872451 295707.0 160
1741130882499 295707.0 161
1741130892572 295707.0 162
1741130902629 295707.0 163
1741130913046 295707.0 164
1741130923485 295707.0 165
1741130933551 295707.0 166
1741130944569 295706.5 167
1741130954945 295706.0 168
1741130965187 295706.0 169
1741130975683 295706.0 170
1741130985861 295706.0 171
1741130996243 295706.0 172
1741131006580 295706.0 173
1741131016782 295706.0 174
1741131027087 295706.0 175
1741131037583 295706.0 176
1741131048733 295706.0 177
1741131059372 295706.0 178
1741131069853 295706.0 179
1741131080493 295706.0 180
1741131091175 295706.0 181
1741131103662 295706.0 182
1741131114171 295705.5 183
1741131124523 295705.5 184
1741131134868 295705.5 185
1741131145347 295705.5 186
1741131155845 295705.5 187
1741131166252 295705.5 188
1741131176742 295705.5 189
1741131187127 295705.5 190
1741131197503 295705.5 191
1741131207601 295705.5 192
1741131217721 295705.5 193
1741131228634 295705.5 194
1741131239097 295705.5 195
1741131249745 295705.5 196
1741131259772 295705.5 197
1741131271162 295704.9 198
1741131281745 295704.9 199
1741131292466 295704.9 200
1741131302985 295704.9 201
1741131313453 295704.9 202
1741131323894 295704.9 203
1741131334424 295704.9 204
1741131344831 295704.9 205
1741131355364 295704.9 206
1741131365978 295704.9 207
1741131377213 295704.9 208
1741131388107 295704.9 209
1741131399026 295704.9 210
1741131410024 295704.9 211
1741131422251 295704.9 212
1741131433236 295704.9 213
1741131443855 295704.4 214
1741131454453 295704.4 215
1741131464879 295704.4 216
1741131475487 295704.4 217
1741131486020 295704.4 218
1741131496493 295704.4 219
1741131507100 295704.4 220
1741131517865 295704.4 221
1741131528504 295704.4 222
1741131538608 295704.4 223
1741131549025 295704.4 224
1741131559961 295704.4 225
1741131570915 295704.4 226
1741131581911 295704.4 227
1741131591976 295704.4 228
1741131603596 295703.9 229
1741131614216 295703.9 230
1741131624694 295703.9 231
1741131635389 295703.9 232
1741131645854 295703.9 233
1741131656559 295703.9 234
1741131667236 295703.9 235
1741131677878 295703.9 236
1741131688861 295703.9 237
1741131699526 295703.9 238
1741131709586 295703.9 239
1741131719679 295703.9 240
1741131730879 295703.9 241
1741131741844 295703.9 242
1741131752979 295703.9 243
1741131763096 295703.9 244
1741131773147 295703.4 245
1741131783200 295703.4 246
1741131793580 295703.4 247
1741131804252 295703.4 248
1741131815003 295703.4 249
1741131825811 295703.4 250
1741131836673 295703.4 251
1741131847458 295703.4 252
1741131858147 295703.4 253
1741131868875 295703.4 254
1741131878921 295703.4 255
1741131889108 295703.4 256
1741131900220 295703.4 257
1741131911131 295703.4 258
1741131922129 295703.4 259
1741131932246 295703.4 260
1741131942301 295702.9 261
1741131952348 295702.9 262
1741131963280 295702.9 263
1741131974025 295702.9 264
1741131985070 295702.9 265
1741131995931 295702.9 266
1741132006612 295702.9 267
1741132017498 295702.9 268
1741132028340 295702.9 269
1741132039395 295702.9 270
1741132049523 295702.9 271
1741132059590 295702.9 272
1741132071098 295702.9 273
1741132082146 295702.9 274
1741132093655 295702.9 275
1741132103697 295702.9 276
1741132113756 295702.4 277
1741132123998 295702.4 278
1741132134957 295702.4 279
1741132145834 295702.4 280
1741132156875 295702.4 281
1741132167826 295702.4 282
1741132178826 295702.4 283
1741132189814 295702.4 284
1741132200729 295702.4 285
1741132211816 295702.4 286
1741132221855 295702.4 287
1741132232530 295702.4 288
1741132244048 295702.4 289
1741132255515 295702.4 290
1741132266971 295702.4 291
1741132277091 295702.4 292
1741132287141 295701.9 293
1741132297483 295701.9 294
1741132308477 295701.9 295
1741132319757 295701.9 296
1741132330793 295701.9 297
1741132341873 295701.9 298
1741132352874 295701.9 299
1741132363890 295701.4 300
1741132375008 295701.4 301
1741132386088 295701.3 302
1741132396185 295701.3 303
1741132406919 295701.3 304
1741132418415 295701.3 305
1741132429725 295701.3 306
1741132441108 295701.3 307
1741132451171 295701.3 308
1741132461222 295700.8 309
1741132471483 295700.8 310
1741132482519 295700.8 311
1741132493702 295700.8 312
1741132504667 295700.8 313
1741132515659 295700.8 314
1741132526619 295700.8 315
1741132537731 295700.8 316
1741132548747 295700.8 317
1741132560008 295700.8 318
1741132570063 295700.8 319
1741132581152 295700.8 320
1741132592774 295700.8 321
1741132604284 295700.8 322
1741132614343 295700.8 323
1741132624401 295700.8 324
1741132635824 295700.4 325
1741132646924 295700.4 326
1741132658164 295700.4 327
1741132669587 295700.4 328
1741132680897 295700.4 329
1741132691935 295700.4 330
1741132703189 295700.4 331
1741132714158 295700.4 332
1741132725333 295700.4 333
1741132736619 295700.4 334
1741132746658 295700.3 335
1741132757923 295700.3 336
1741132767980 295700.3 337
1741132778589 295700.3 338
1741132790186 295700.3 339
1741132800317 295700.3 340
1741132810371 295699.9 341
1741132820565 295699.9 342
1741132831700 295699.9 343
1741132842803 295699.9 344
1741132854114 295699.9 345
1741132865442 295699.8 346
1741132876716 295699.8 347
1741132887961 295699.8 348
1741132899253 295699.8 349
1741132910476 295699.8 350
1741132920763 295699.8 351
1741132930834 295699.8 352
1741132941528 295699.8 353
1741132953200 295699.8 354
1741132964757 295699.8 355
1741132975082 295699.8 356
1741132986720 295699.8 357
1741132997902 295699.3 358
1741133009141 295699.3 359
1741133020524 295699.3 360
1741133031978 295699.3 361
1741133043215 295699.3 362
1741133054582 295699.3 363
1741133066006 295699.3 364
1741133077427 295699.3 365
1741133088728 295699.3 366
1741133099142 295699.3 367
1741133109180 295699.3 368
1741133119996 295699.3 369
1741133131682 295699.3 370
1741133141728 295699.3 371
1741133152786 295699.3 372
1741133166025 295699.3 373
1741133177326 295698.8 374
1741133188677 295698.8 375
1741133198745 295698.8 376
1741133208812 295698.8 377
1741133219390 295698.8 378
1741133230982 295698.8 379
1741133242353 295698.8 380
1741133254104 295698.8 381
1741133264144 295698.8 382
1741133274743 295698.8 383
1741133285191 295698.8 384
1741133295260 295698.8 385
1741133306655 295698.8 386
1741133318347 295698.8 387
1741133328400 295698.8 388
1741133338536 295698.8 389
1741133349538 295698.8 390
1741133361050 295698.4 391
1741133373121 295698.4 392
1741133383173 295698.4 393
1741133393734 295698.4 394
1741133405218 295698.4 395
1741133416622 295698.4 396
1741133427988 295698.4 397
1741133439367 295698.4 398
1741133450722 295698.4 399
1741133462373 295698.4 400
1741133472488 295698.4 401
1741133483440 295698.4 402
1741133493483 295698.4 403
1741133504303 295698.4 404
1741133514344 295698.4 405
1741133524394 295698.4 406
1741133534536 295697.9 407
1741133544593 295697.9 408
1741133555987 295697.9 409
1741133567650 295697.9 410
1741133579320 295697.9 411
1741133591061 295697.9 412
1741133602627 295697.9 413
1741133614240 295697.9 414
1741133625713 295697.9 415
1741133637494 295697.9 416
1741133648407 295697.9 417
1741133658487 295697.9 418
1741133669865 295697.9 419
1741133679912 295697.9 420
1741133691186 295697.9 421
1741133703150 295697.9 422
1741133716626 295697.9 423
1741133728235 295697.4 424
1741133739947 295697.4 425
1741133751527 295697.4 426
1741133763283 295697.4 427
1741133774781 295697.4 428
1741133786326 295697.4 429
1741133798020 295697.4 430
1741133809704 295697.4 431
1741133821416 295697.4 432
1741133832362 295696.8 433
1741133842439 295696.8 434
1741133854184 295696.8 435
1741133864295 295696.8 436
1741133875630 295696.8 437
1741133885698 295696.8 438
1741133895838 295696.8 439
1741133905909 295696.3 440
1741133917601 295696.3 441
1741133929383 295696.3 442
1741133941160 295696.3 443
1741133952948 295696.3 444
1741133964731 295696.3 445
1741133976352 295696.3 446
1741133987921 295696.3 447
1741133999475 295696.3 448
1741134011195 295696.3 449
1741134021278 295696.3 450
1741134031407 295696.3 451
1741134043249 295696.3 452
1741134053299 295696.3 453
1741134064996 295696.3 454
1741134075975 295696.3 455
1741134087932 295696.3 456
1741134099805 295695.8 457
1741134111535 295695.8 458
1741134123348 295695.8 459
1741134135022 295695.8 460
1741134146790 295695.8 461
1741134158621 295695.8 462
1741134168689 295695.8 463
1741134178790 295695.8 464
1741134190230 295695.8 465
1741134202070 295695.8 466
1741134212188 295695.8 467
1741134222231 295695.8 468
1741134233892 295695.8 469
1741134243942 295695.8 470
1741134255703 295695.8 471
1741134265801 295695.8 472
1741134275869 295695.3 473
1741134287402 295695.3 474
1741134297458 295695.3 475
1741134307543 295695.3 476
1741134319014 295695.3 477
1741134330962 295695.3 478
1741134342820 295695.3 479
1741134352883 295695.3 480
1741134362943 295695.3 481
1741134374526 295695.3 482
1741134384576 295695.3 483
1741134394635 295695.3 484
1741134406472 295695.3 485
1741134416545 295695.3 486
1741134426613 295695.3 487
1741134437789 295695.3 488
1741134447846 295695.3 489
1741134457913 295695.3 490
1741134468501 295694.8 491
1741134480498 295694.8 492
1741134492376 295694.8 493
1741134504318 295694.8 494
1741134516191 295694.8 495
1741134528117 295694.8 496
1741134538182 295694.8 497
1741134548266 295694.8 498
1741134560181 295694.8 499
1741134572059 295694.8 500
1741134583408 295694.8 501
1741134593452 295694.8 502
1741134603552 295694.8 503
1741134614999 295694.8 504
1741134625047 295694.8 505
1741134635116 295694.8 506
1741134645238 295694.8 507
1741134655302 295694.3 508
1741134666246 295694.3 509
1741134676359 295694.3 510
1741134686549 295694.3 511
1741134696590 295694.3 512
1741134706712 295694.3 513
1741134718665 295694.3 514
1741134728737 295694.3 515
1741134738852 295694.3 516
1741134748962 295694.3 517
1741134760905 295694.3 518
1741134771342 295694.3 519
1741134781467 295694.3 520
1741134791535 295694.3 521
1741134801584 295694.3 522
1741134813434 295694.3 523
1741134823479 295694.3 524
1741134834802 295694.3 525
1741134847003 295694.3 526
1741134859020 295693.8 527
1741134869165 295693.8 528
1741134879215 295693.8 529
1741134889269 295693.8 530
1741134899547 295693.8 531
1741134909626 295693.8 532
1741134919707 295693.8 533
1741134931690 295693.8 534
1741134941734 295693.8 535
1741134952002 295693.8 536
1741134964124 295693.8 537
1741134974182 295693.8 538
1741134984245 295693.8 539
1741134994344 295693.8 540
1741135004495 295693.8 541
1741135016230 295693.8 542
1741135027675 295693.8 543
1741135039824 295693.8 544
1741135049928 295693.3 545
1741135060305 295693.3 546
1741135070362 295693.3 547
1741135081206 295693.3 548
1741135091253 295693.3 549
1741135101413 295693.3 550
1741135113484 295693.3 551
1741135123531 295693.3 552
1741135134083 295693.3 553
1741135144193 295693.3 554
1741135154594 295693.3 555
1741135165536 295693.3 556
1741135175624 295693.3 557
1741135185666 295693.3 558
1741135195738 295693.3 559
1741135205784 295693.3 560
1741135217823 295693.3 561
1741135227907 295693.3 562
1741135239099 295692.9 563
1741135249158 295692.3 564
1741135260584 295692.3 565
1741135270633 295692.3 566
1741135282029 295692.3 567
1741135292084 295692.3 568
1741135302585 295692.3 569
1741135312652 295692.3 570
1741135322965 295692.3 571
1741135333016 295692.3 572
1741135343510 295692.3 573
1741135356108 295692.3 574
1741135366201 295692.3 575
1741135376250 295692.3 576
1741135386334 295692.3 577
1741135396404 295692.3 578
1741135406468 295692.3 579
1741135418401 295692.3 580
1741135428490 295692.3 581
1741135438570 295691.8 582
1741135449037 295691.8 583
1741135459097 295691.8 584
1741135469796 295691.8 585
1741135479861 295691.8 586
1741135490880 295691.8 587
1741135500922 295691.8 588
1741135511216 295691.8 589
1741135521261 295691.8 590
1741135531912 295691.8 591
1741135541991 295691.8 592
1741135552715 295691.8 593
1741135562804 295691.8 594
1741135572882 295691.8 595
1741135582957 295691.8 596
1741135593028 295691.8 597
1741135603095 295691.8 598
1741135613152 295691.8 599
1741135623225 295691.8 600
1741135634066 295691.4 601
1741135644140 295691.4 602
1741135654788 295691.4 603
1741135664870 295691.4 604
1741135675582 295691.4 605
1741135685703 295691.4 606
1741135696453 295691.4 607
1741135706519 295691.4 608
1741135717477 295691.4 609
1741135727560 295691.4 610
1741135738490 295691.3 611
1741135751261 295691.3 612
1741135761338 295691.3 613
1741135771399 295691.3 614
1741135781463 295691.3 615
1741135791566 295691.3 616
1741135801613 295691.3 617
1741135811682 295691.3 618
1741135821763 295691.3 619
1741135832633 295690.9 620
1741135842709 295690.9 621
1741135853416 295690.9 622
1741135863486 295690.9 623
1741135874264 295690.9 624
1741135884305 295690.9 625
1741135894896 295690.9 626
1741135904952 295690.9 627
1741135915808 295690.9 628
1741135925884 295690.9 629
1741135936609 295690.9 630
1741135949517 295690.9 631
1741135959685 295695.0 632
1741135969784 295695.0 633
1741135979863 295695.0 634
1741135989929 295695.0 635
1741136000016 295695.0 636
1741136010092 295695.0 637
1741136020134 295695.0 638
1741136031679 295694.5 639
1741136041757 295694.5 640
1741136052516 295694.5 641
1741136062591 295694.5 642
1741136073478 295694.5 643
1741136083528 295694.5 644
1741136094767 295694.5 645
1741136104840 295694.5 646
1741136115543 295694.5 647
1741136125582 295694.5 648
1741136136400 295694.5 649
1741136149284 295694.5 650
1741136159765 295694.5 651
1741136170071 295694.5 652
1741136180272 295694.5 653
1741136190456 295694.5 654
1741136200700 295694.5 655
1741136210787 295694.5 656
1741136220859 295694.5 657
