1741129240715 252634.5 0
1741129250755 252634.5 1
1741129260790 252634.5 2
1741129270848 252634.5 3
1741129281930 252634.5 4
1741129291971 252634.5 5
1741129302045 252634.5 6
1741129312078 252634.5 7
1741129322112 252634.5 8
1741129332216 252634.5 9
1741129342458 252634.5 10
1741129352507 252634.5 11
1741129362584 252634.5 12
1741129372619 252634.5 13
1741129382671 252634.5 14
1741129392847 252635.2 15
1741129402927 252646.4 16
1741129412954 252646.4 17
1741129423011 252646.4 18
1741129433061 252646.4 19
1741129443089 252646.4 20
1741129453981 252646.4 21
1741129464050 252646.4 22
1741129474084 252646.4 23
1741129484116 252646.4 24
1741129494160 252646.4 25
1741129504201 252646.4 26
1741129515197 252646.5 27
1741129525793 252646.5 28
1741129536335 252646.5 29
1741129546382 252647.1 30
1741129556472 252647.1 31
1741129566529 252647.1 32
1741129576571 252647.1 33
1741129586650 252647.1 34
1741129597850 252647.1 35
1741129607884 252647.1 36
1741129617965 252647.6 37
1741129629294 252647.6 38
1741129639363 252647.6 39
1741129649412 252647.6 40
1741129659500 252647.6 41
1741129670645 252647.6 42
1741129680696 252647.6 43
1741129690800 252648.2 44
1741129700841 252648.2 45
1741129710874 252648.2 46
1741129720965 252648.2 47
1741129731006 252648.2 48
1741129741040 252648.2 49
1741129751130 252648.2 50
1741129761163 252648.2 51
1741129772348 252648.2 52
1741129782442 252648.2 53
1741129792475 252648.2 54
1741129802510 252648.2 55
1741129813543 252648.2 56
1741129823575 252648.2 57
1741129833626 252648.2 58
1741129843673 252648.8 59
1741129853717 252648.8 60
1741129863758 252648.8 61
1741129873801 252648.8 62
1741129883830 252648.8 63
1741129893866 252648.8 64
1741129903923 252648.8 65
1741129915074 252648.8 66
1741129925107 252648.8 67
1741129935138 252648.8 68
1741129945236 252648.8 69
1741129955277 252648.8 70
1741129965320 252648.8 71
1741129976479 252648.8 72
1741129986545 252648.8 73
1741129996796 252649.3 74
1741130006875 252649.3 75
1741130016917 252649.3 76
1741130026970 252649.3 77
1741130037051 252649.3 78
1741130047084 252649.3 79
1741130057126 252649.3 80
1741130067217 252649.3 81
1741130077245 252649.3 82
1741130088826 252649.3 83
1741130098921 252649.3 84
1741130109054 252649.3 85
1741130119123 252649.3 86
1741130129185 252649.3 87
1741130139292 252649.3 88
1741130149355 252649.8 89
1741130159399 252649.9 90
1741130169472 252649.9 91
1741130179544 252649.9 92
1741130189608 252649.9 93
1741130199706 252649.9 94
1741130209749 252649.9 95
1741130219802 252649.9 96
1741130229879 252649.9 97
1741130239911 252649.9 98
1741130249951 252649.9 99
1741130260038 252649.9 100
1741130270071 252649.9 101
1741130280116 252649.9 102
1741130290213 252649.9 103
1741130300261 252649.9 104
1741130311312 252650.4 105
1741130321421 252650.4 106
1741130331468 252650.4 107
1741130341509 252650.4 108
1741130351588 252650.4 109
1741130361635 252650.4 110
1741130371689 252650.4 111
1741130381783 252650.4 112
1741130391814 252650.4 113
1741130401865 252650.5 114
1741130411980 252650.5 115
1741130422010 252650.5 116
1741130432055 252650.5 117
1741130442159 252650.5 118
1741130452359 252650.5 119
1741130462449 252650.9 120
1741130472604 252651.0 121
1741130482630 252651.0 122
1741130492660 252651.0 123
1741130502753 252651.0 124
1741130512783 252651.0 125
1741130522844 252651.0 126
1741130532913 252651.0 127
1741130542969 252651.0 128
1741130552992 252651.0 129
1741130564388 252651.0 130
1741130574672 252651.0 131
1741130584943 252651.0 132
1741130595155 252651.0 133
1741130605331 252651.0 134
1741130615363 252651.0 135
1741130625406 252651.5 136
1741130636944 252651.5 137
1741130647213 252651.5 138
1741130657387 252651.5 139
1741130667479 252651.5 140
1741130677602 252651.5 141
1741130687883 252651.5 142
1741130697962 252651.5 143
1741130708225 252651.5 144
1741130718265 252651.5 145
1741130728550 252651.5 146
1741130738927 252651.5 147
1741130749377 252651.5 148
1741130759598 252651.5 149
1741130769661 252651.5 150
1741130779700 252652.0 151
1741130789841 252652.1 152
1741130800364 252652.1 153
1741130810681 252652.1 154
1741130820989 252652.1 155
1741130831393 252652.1 156
1741130841592 252652.1 157
1741130851840 252652.1 158
1741130862126 252652.1 159
1741130872451 252652.1 160
1741130882499 252652.1 161
1741130892572 252652.1 162
1741130902629 252652.1 163
1741130913046 252652.1 164
1741130923485 252652.1 165
1741130933551 252652.1 166
1741130944569 252652.6 167
1741130954945 252653.1 168
1741130965187 252653.1 169
1741130975683 252653.1 170
1741130985861 252653.1 171
1741130996243 252653.1 172
1741131006580 252653.1 173
1741131016782 252653.1 174
1741131027087 252653.1 175
1741131037583 252653.1 176
1741131048733 252653.1 177
1741131059372 252653.1 178
1741131069853 252653.1 179
1741131080493 252653.1 180
1741131091175 252653.1 181
1741131103662 252653.1 182
1741131114171 252653.6 183
1741131124523 252653.6 184
1741131134868 252653.6 185
1741131145347 252653.7 186
1741131155845 252653.7 187
1741131166252 252653.7 188
1741131176742 252653.7 189
1741131187127 252653.7 190
1741131197503 252653.7 191
1741131207601 252653.7 192
1741131217721 252653.7 193
1741131228634 252653.7 194
1741131239097 252653.7 195
1741131249745 252653.7 196
1741131259772 252653.7 197
1741131271162 252654.2 198
1741131281745 252654.2 199
1741131292466 252654.2 200
1741131302985 252654.2 201
1741131313453 252654.2 202
1741131323894 252654.2 203
1741131334424 252654.2 204
1741131344831 252654.2 205
1741131355364 252654.2 206
1741131365978 252654.2 207
1741131377213 252654.2 208
1741131388107 252654.2 209
1741131399026 252654.2 210
1741131410024 252654.2 211
1741131422251 252654.2 212
1741131433236 252654.2 213
1741131443855 252654.7 214
1741131454453 252654.7 215
1741131464879 252654.7 216
1741131475487 252654.7 217
1741131486020 252654.7 218
1741131496493 252654.7 219
1741131507100 252654.7 220
1741131517865 252654.7 221
1741131528504 252654.7 222
1741131538608 252654.7 223
1741131549025 252654.7 224
1741131559961 252654.7 225
1741131570915 252654.7 226
1741131581911 252654.7 227
1741131591976 252654.7 228
1741131603596 252655.2 229
1741131614216 252655.2 230
1741131624694 252655.2 231
1741131635389 252655.2 232
1741131645854 252655.2 233
1741131656559 252655.2 234
1741131667236 252655.2 235
1741131677878 252655.2 236
1741131688861 252655.2 237
1741131699526 252655.2 238
1741131709586 252655.2 239
1741131719679 252655.2 240
1741131730879 252655.2 241
1741131741844 252655.2 242
1741131752979 252655.2 243
1741131763096 252655.2 244
1741131773147 252655.7 245
1741131783200 252655.7 246
1741131793580 252655.7 247
1741131804252 252655.7 248
1741131815003 252655.7 249
1741131825811 252655.7 250
1741131836673 252655.7 251
1741131847458 252655.7 252
1741131858147 252655.7 253
1741131868875 252655.7 254
1741131878921 252655.7 255
1741131889108 252655.7 256
1741131900220 252655.7 257
1741131911131 252655.7 258
1741131922129 252655.7 259
1741131932246 252655.7 260
1741131942301 252656.2 261
1741131952348 252656.2 262
1741131963280 252656.2 263
1741131974025 252656.2 264
1741131985070 252656.2 265
1741131995931 252656.2 266
1741132006612 252656.2 267
1741132017498 252656.2 268
1741132028340 252656.2 269
1741132039395 252656.2 270
1741132049523 252656.2 271
1741132059590 252656.2 272
1741132071098 252656.2 273
1741132082146 252656.2 274
1741132093655 252656.2 275
1741132103697 252656.2 276
1741132113756 252656.7 277
1741132123998 252656.7 278
1741132134957 252656.7 279
1741132145834 252656.7 280
1741132156875 252656.7 281
1741132167826 252656.7 282
1741132178826 252656.7 283
1741132189814 252656.7 284
1741132200729 252656.7 285
1741132211816 252656.7 286
1741132221855 252656.7 287
1741132232530 252656.7 288
1741132244048 252656.7 289
1741132255515 252656.7 290
1741132266971 252656.7 291
1741132277091 252656.7 292
1741132287141 252657.2 293
1741132297483 252657.2 294
1741132308477 252657.2 295
1741132319757 252657.2 296
1741132330793 252657.2 297
1741132341873 252657.2 298
1741132352874 252657.2 299
1741132363890 252657.8 300
1741132375008 252657.8 301
1741132386088 252657.8 302
1741132396185 252657.8 303
1741132406919 252657.8 304
1741132418415 252657.8 305
1741132429725 252657.8 306
1741132441108 252657.8 307
1741132451171 252657.8 308
1741132461222 252658.3 309
1741132471483 252658.3 310
1741132482519 252658.3 311
1741132493702 252658.3 312
1741132504667 252658.3 313
1741132515659 252658.3 314
1741132526619 252658.3 315
1741132537731 252658.3 316
1741132548747 252658.3 317
1741132560008 252658.3 318
1741132570063 252658.3 319
1741132581152 252658.3 320
1741132592774 252658.3 321
1741132604284 252658.3 322
1741132614343 252658.3 323
1741132624401 252658.3 324
1741132635824 252658.7 325
1741132646924 252658.7 326
1741132658164 252658.7 327
1741132669587 252658.7 328
1741132680897 252658.7 329
1741132691935 252658.7 330
1741132703189 252658.7 331
1741132714158 252658.7 332
1741132725333 252658.8 333
1741132736619 252658.8 334
1741132746658 252658.8 335
1741132757923 252658.8 336
1741132767980 252658.8 337
1741132778589 252658.8 338
1741132790186 252658.8 339
1741132800317 252658.8 340
1741132810371 252659.2 341
1741132820565 252659.2 342
1741132831700 252659.2 343
1741132842803 252659.2 344
1741132854114 252659.2 345
1741132865442 252659.3 346
1741132876716 252659.3 347
1741132887961 252659.3 348
1741132899253 252659.3 349
1741132910476 252659.3 350
1741132920763 252659.3 351
1741132930834 252659.3 352
1741132941528 252659.3 353
1741132953200 252659.3 354
1741132964757 252659.3 355
1741132975082 252659.3 356
1741132986720 252659.3 357
1741132997902 252659.8 358
1741133009141 252659.8 359
1741133020524 252659.8 360
1741133031978 252659.8 361
1741133043215 252659.8 362
1741133054582 252659.8 363
1741133066006 252659.8 364
1741133077427 252659.8 365
1741133088728 252659.8 366
1741133099142 252659.8 367
1741133109180 252659.8 368
1741133119996 252659.8 369
1741133131682 252659.8 370
1741133141728 252659.8 371
1741133152786 252659.8 372
1741133166025 252659.8 373
1741133177326 252660.3 374
1741133188677 252660.3 375
1741133198745 252660.3 376
1741133208812 252660.3 377
1741133219390 252660.3 378
1741133230982 252660.3 379
1741133242353 252660.3 380
1741133254104 252660.3 381
1741133264144 252660.3 382
1741133274743 252660.3 383
1741133285191 252660.3 384
1741133295260 252660.3 385
1741133306655 252660.3 386
1741133318347 252660.3 387
1741133328400 252660.3 388
1741133338536 252660.3 389
1741133349538 252660.3 390
1741133361050 252660.7 391
1741133373121 252660.7 392
1741133383173 252660.7 393
1741133393734 252660.7 394
1741133405218 252660.7 395
1741133416622 252660.7 396
1741133427988 252660.7 397
1741133439367 252660.7 398
1741133450722 252660.7 399
1741133462373 252660.7 400
1741133472488 252660.7 401
1741133483440 252660.7 402
1741133493483 252660.7 403
1741133504303 252660.7 404
1741133514344 252660.7 405
1741133524394 252660.7 406
1741133534536 252661.2 407
1741133544593 252661.2 408
1741133555987 252661.2 409
1741133567650 252661.2 410
1741133579320 252661.2 411
1741133591061 252661.2 412
1741133602627 252661.2 413
1741133614240 252661.2 414
1741133625713 252661.2 415
1741133637494 252661.2 416
1741133648407 252661.2 417
1741133658487 252661.2 418
1741133669865 252661.2 419
1741133679912 252661.2 420
1741133691186 252661.2 421
1741133703150 252661.2 422
1741133716626 252661.2 423
1741133728235 252661.7 424
1741133739947 252661.7 425
1741133751527 252661.7 426
1741133763283 252661.7 427
1741133774781 252661.7 428
1741133786326 252661.7 429
1741133798020 252661.7 430
1741133809704 252661.7 431
1741133821416 252661.7 432
1741133832362 252662.3 433
1741133842439 252662.3 434
1741133854184 252662.3 435
1741133864295 252662.3 436
1741133875630 252662.3 437
1741133885698 252662.3 438
1741133895838 252662.3 439
1741133905909 252662.8 440
1741133917601 252662.8 441
1741133929383 252662.8 442
1741133941160 252662.8 443
1741133952948 252662.8 444
1741133964731 252662.8 445
1741133976352 252662.8 446
1741133987921 252662.8 447
1741133999475 252662.8 448
1741134011195 252662.8 449
1741134021278 252662.8 450
1741134031407 252662.8 451
1741134043249 252662.8 452
1741134053299 252662.8 453
1741134064996 252662.8 454
1741134075975 252662.8 455
1741134087932 252662.8 456
1741134099805 252663.3 457
1741134111535 252663.3 458
1741134123348 252663.3 459
1741134135022 252663.3 460
1741134146790 252663.3 461
1741134158621 252663.3 462
1741134168689 252663.3 463
1741134178790 252663.3 464
1741134190230 252663.3 465
1741134202070 252663.3 466
1741134212188 252663.3 467
1741134222231 252663.3 468
1741134233892 252663.3 469
1741134243942 252663.3 470
1741134255703 252663.3 471
1741134265801 252663.3 472
1741134275869 252663.8 473
1741134287402 252663.8 474
1741134297458 252663.8 475
1741134307543 252663.8 476
1741134319014 252663.8 477
1741134330962 252663.8 478
1741134342820 252663.8 479
1741134352883 252663.8 480
1741134362943 252663.8 481
1741134374526 252663.8 482
1741134384576 252663.8 483
1741134394635 252663.8 484
1741134406472 252663.8 485
1741134416545 252663.8 486
1741134426613 252663.8 487
1741134437789 252663.8 488
1741134447846 252663.8 489
1741134457913 252663.8 490
1741134468501 252664.3 491
1741134480498 252664.3 492
1741134492376 252664.3 493
1741134504318 252664.3 494
1741134516191 252664.3 495
1741134528117 252664.3 496
1741134538182 252664.3 497
1741134548266 252664.3 498
1741134560181 252664.3 499
1741134572059 252664.3 500
1741134583408 252664.3 501
1741134593452 252664.3 502
1741134603552 252664.3 503
1741134614999 252664.3 504
1741134625047 252664.3 505
1741134635116 252664.3 506
1741134645238 252664.3 507
1741134655302 252664.8 508
1741134666246 252664.8 509
1741134676359 252664.8 510
1741134686549 252664.8 511
1741134696590 252664.8 512
1741134706712 252664.8 513
1741134718665 252664.8 514
1741134728737 252664.8 515
1741134738852 252664.8 516
1741134748962 252664.8 517
1741134760905 252664.8 518
1741134771342 252664.8 519
1741134781467 252664.8 520
1741134791535 252664.8 521
1741134801584 252664.8 522
1741134813434 252664.8 523
1741134823479 252664.8 524
1741134834802 252664.8 525
1741134847003 252664.8 526
1741134859020 252665.3 527
1741134869165 252665.3 528
1741134879215 252665.3 529
1741134889269 252665.3 530
1741134899547 252665.3 531
1741134909626 252665.3 532
1741134919707 252665.3 533
1741134931690 252665.3 534
1741134941734 252665.3 535
1741134952002 252665.3 536
1741134964124 252665.3 537
1741134974182 252665.3 538
1741134984245 252665.3 539
1741134994344 252665.3 540
1741135004495 252665.3 541
1741135016230 252665.3 542
1741135027675 252665.3 543
1741135039824 252665.3 544
1741135049928 252665.8 545
1741135060305 252665.8 546
1741135070362 252665.8 547
1741135081206 252665.8 548
1741135091253 252665.8 549
1741135101413 252665.8 550
1741135113484 252665.8 551
1741135123531 252665.8 552
1741135134083 252665.8 553
1741135144193 252665.8 554
1741135154594 252665.8 555
1741135165536 252665.8 556
1741135175624 252665.8 557
1741135185666 252665.8 558
1741135195738 252665.8 559
1741135205784 252665.8 560
1741135217823 252665.8 561
1741135227907 252665.8 562
1741135239099 252666.3 563
1741135249158 252666.8 564
1741135260584 252666.8 565
1741135270633 252666.8 566
1741135282029 252666.8 567
1741135292084 252666.8 568
1741135302585 252666.8 569
1741135312652 252666.8 570
1741135322965 252666.8 571
1741135333016 252666.8 572
1741135343510 252666.8 573
1741135356108 252666.8 574
1741135366201 252666.8 575
1741135376250 252666.8 576
1741135386334 252666.8 577
1741135396404 252666.8 578
1741135406468 252666.8 579
1741135418401 252666.8 580
1741135428490 252666.8 581
1741135438570 252667.3 582
1741135449037 252667.3 583
1741135459097 252667.3 584
1741135469796 252667.3 585
1741135479861 252667.3 586
1741135490880 252667.3 587
1741135500922 252667.3 588
1741135511216 252667.3 589
1741135521261 252667.3 590
1741135531912 252667.3 591
1741135541991 252667.3 592
1741135552715 252667.3 593
1741135562804 252667.3 594
1741135572882 252667.3 595
1741135582957 252667.3 596
1741135593028 252667.3 597
1741135603095 252667.3 598
1741135613152 252667.3 599
1741135623225 252667.3 600
1741135634066 252667.8 601
1741135644140 252667.8 602
1741135654788 252667.8 603
1741135664870 252667.8 604
1741135675582 252667.8 605
1741135685703 252667.8 606
1741135696453 252667.8 607
1741135706519 252667.8 608
1741135717477 252667.8 609
1741135727560 252667.8 610
1741135738490 252667.8 611
1741135751261 252667.8 612
1741135761338 252667.8 613
1741135771399 252667.8 614
1741135781463 252667.8 615
1741135791566 252667.8 616
1741135801613 252667.8 617
1741135811682 252667.8 618
1741135821763 252667.8 619
1741135832633 252668.2 620
1741135842709 252668.2 621
1741135853416 252668.2 622
1741135863486 252668.2 623
1741135874264 252668.2 624
1741135884305 252668.2 625
1741135894896 252668.2 626
1741135904952 252668.2 627
1741135915808 252668.2 628
1741135925884 252668.2 629
1741135936609 252668.2 630
1741135949517 252668.2 631
1741135959685 252664.1 632
1741135969784 252664.1 633
1741135979863 252664.1 634
1741135989929 252664.1 635
1741136000016 252664.1 636
1741136010092 252664.1 637
1741136020134 252664.1 638
1741136031679 252664.6 639
1741136041757 252664.6 640
1741136052516 252664.6 641
1741136062591 252664.6 642
1741136073478 252664.6 643
1741136083528 252664.6 644
1741136094767 252664.6 645
1741136104840 252664.6 646
1741136115543 252664.6 647
1741136125582 252664.6 648
1741136136400 252664.6 649
1741136149284 252664.6 650
1741136159765 252664.6 651
1741136170071 252664.6 652
1741136180272 252664.6 653
1741136190456 252664.6 654
1741136200700 252664.6 655
1741136210787 252664.6 656
1741136220859 252664.6 657
