1741129240715 46.1 0
1741129250755 46.1 1
1741129260790 46.1 2
1741129270848 46.1 3
1741129281930 46.1 4
1741129291971 46.1 5
1741129302045 46.1 6
1741129312078 46.1 7
1741129322112 46.1 8
1741129332216 46.1 9
1741129342458 46.1 10
1741129352507 46.1 11
1741129362584 46.1 12
1741129372619 46.1 13
1741129382671 46.1 14
1741129392847 46.1 15
1741129402927 46.1 16
1741129412954 46.1 17
1741129423011 46.1 18
1741129433061 46.1 19
1741129443089 46.1 20
1741129453981 46.1 21
1741129464050 46.1 22
1741129474084 46.1 23
1741129484116 46.1 24
1741129494160 46.1 25
1741129504201 46.1 26
1741129515197 46.1 27
1741129525793 46.1 28
1741129536335 46.1 29
1741129546382 46.1 30
1741129556472 46.1 31
1741129566529 46.1 32
1741129576571 46.1 33
1741129586650 46.1 34
1741129597850 46.1 35
1741129607884 46.1 36
1741129617965 46.1 37
1741129629294 46.1 38
1741129639363 46.1 39
1741129649412 46.1 40
1741129659500 46.1 41
1741129670645 46.1 42
1741129680696 46.1 43
1741129690800 46.1 44
1741129700841 46.1 45
1741129710874 46.1 46
1741129720965 46.1 47
1741129731006 46.1 48
1741129741040 46.1 49
1741129751130 46.1 50
1741129761163 46.1 51
1741129772348 46.1 52
1741129782442 46.1 53
1741129792475 46.1 54
1741129802510 46.1 55
1741129813543 46.1 56
1741129823575 46.1 57
1741129833626 46.1 58
1741129843673 46.1 59
1741129853717 46.1 60
1741129863758 46.1 61
1741129873801 46.1 62
1741129883830 46.1 63
1741129893866 46.1 64
1741129903923 46.1 65
1741129915074 46.1 66
1741129925107 46.1 67
1741129935138 46.1 68
1741129945236 46.1 69
1741129955277 46.1 70
1741129965320 46.1 71
1741129976479 46.1 72
1741129986545 46.1 73
1741129996796 46.1 74
1741130006875 46.1 75
1741130016917 46.1 76
1741130026970 46.1 77
1741130037051 46.1 78
1741130047084 46.1 79
1741130057126 46.1 80
1741130067217 46.1 81
1741130077245 46.1 82
1741130088826 46.1 83
1741130098921 46.1 84
1741130109054 46.1 85
1741130119123 46.1 86
1741130129185 46.1 87
1741130139292 46.1 88
1741130149355 46.1 89
1741130159399 46.1 90
1741130169472 46.1 91
1741130179544 46.1 92
1741130189608 46.1 93
1741130199706 46.1 94
1741130209749 46.1 95
1741130219802 46.1 96
1741130229879 46.1 97
1741130239911 46.1 98
1741130249951 46.1 99
1741130260038 46.1 100
1741130270071 46.1 101
1741130280116 46.1 102
1741130290213 46.1 103
1741130300261 46.1 104
1741130311312 46.1 105
1741130321421 46.1 106
1741130331468 46.1 107
1741130341509 46.1 108
1741130351588 46.1 109
1741130361635 46.1 110
1741130371689 46.1 111
1741130381783 46.1 112
1741130391814 46.1 113
1741130401865 46.1 114
1741130411980 46.1 115
1741130422010 46.1 116
1741130432055 46.1 117
1741130442159 46.1 118
1741130452359 46.1 119
1741130462449 46.1 120
1741130472604 46.1 121
1741130482630 46.1 122
1741130492660 46.1 123
1741130502753 46.1 124
1741130512783 46.1 125
1741130522844 46.1 126
1741130532913 46.1 127
1741130542969 46.1 128
1741130552992 46.1 129
1741130564388 46.1 130
1741130574672 46.1 131
1741130584943 46.1 132
1741130595155 46.1 133
1741130605331 46.1 134
1741130615363 46.1 135
1741130625406 46.1 136
1741130636944 46.1 137
1741130647213 46.1 138
1741130657387 46.1 139
1741130667479 46.1 140
1741130677602 46.1 141
1741130687883 46.1 142
1741130697962 46.1 143
1741130708225 46.1 144
1741130718265 46.1 145
1741130728550 46.1 146
1741130738927 46.1 147
1741130749377 46.1 148
1741130759598 46.1 149
1741130769661 46.1 150
1741130779700 46.1 151
1741130789841 46.1 152
1741130800364 46.1 153
1741130810681 46.1 154
1741130820989 46.1 155
1741130831393 46.1 156
1741130841592 46.1 157
1741130851840 46.1 158
1741130862126 46.1 159
1741130872451 46.1 160
1741130882499 46.1 161
1741130892572 46.1 162
1741130902629 46.1 163
1741130913046 46.1 164
1741130923485 46.1 165
1741130933551 46.1 166
1741130944569 46.1 167
1741130954945 46.1 168
1741130965187 46.1 169
1741130975683 46.1 170
1741130985861 46.1 171
1741130996243 46.1 172
1741131006580 46.1 173
1741131016782 46.1 174
1741131027087 46.1 175
1741131037583 46.1 176
1741131048733 46.1 177
1741131059372 46.1 178
1741131069853 46.1 179
1741131080493 46.1 180
1741131091175 46.1 181
1741131103662 46.1 182
1741131114171 46.1 183
1741131124523 46.1 184
1741131134868 46.1 185
1741131145347 46.1 186
1741131155845 46.1 187
1741131166252 46.1 188
1741131176742 46.1 189
1741131187127 46.1 190
1741131197503 46.1 191
1741131207601 46.1 192
1741131217721 46.1 193
1741131228634 46.1 194
1741131239097 46.1 195
1741131249745 46.1 196
1741131259772 46.1 197
1741131271162 46.1 198
1741131281745 46.1 199
1741131292466 46.1 200
1741131302985 46.1 201
1741131313453 46.1 202
1741131323894 46.1 203
1741131334424 46.1 204
1741131344831 46.1 205
1741131355364 46.1 206
1741131365978 46.1 207
1741131377213 46.1 208
1741131388107 46.1 209
1741131399026 46.1 210
1741131410024 46.1 211
1741131422251 46.1 212
1741131433236 46.1 213
1741131443855 46.1 214
1741131454453 46.1 215
1741131464879 46.1 216
1741131475487 46.1 217
1741131486020 46.1 218
1741131496493 46.1 219
1741131507100 46.1 220
1741131517865 46.1 221
1741131528504 46.1 222
1741131538608 46.1 223
1741131549025 46.1 224
1741131559961 46.1 225
1741131570915 46.1 226
1741131581911 46.1 227
1741131591976 46.1 228
1741131603596 46.1 229
1741131614216 46.1 230
1741131624694 46.1 231
1741131635389 46.1 232
1741131645854 46.1 233
1741131656559 46.1 234
1741131667236 46.1 235
1741131677878 46.1 236
1741131688861 46.1 237
1741131699526 46.1 238
1741131709586 46.1 239
1741131719679 46.1 240
1741131730879 46.1 241
1741131741844 46.1 242
1741131752979 46.1 243
1741131763096 46.1 244
1741131773147 46.1 245
1741131783200 46.1 246
1741131793580 46.1 247
1741131804252 46.1 248
1741131815003 46.1 249
1741131825811 46.1 250
1741131836673 46.1 251
1741131847458 46.1 252
1741131858147 46.1 253
1741131868875 46.1 254
1741131878921 46.1 255
1741131889108 46.1 256
1741131900220 46.1 257
1741131911131 46.1 258
1741131922129 46.1 259
1741131932246 46.1 260
1741131942301 46.1 261
1741131952348 46.1 262
1741131963280 46.1 263
1741131974025 46.1 264
1741131985070 46.1 265
1741131995931 46.1 266
1741132006612 46.1 267
1741132017498 46.1 268
1741132028340 46.1 269
1741132039395 46.1 270
1741132049523 46.1 271
1741132059590 46.1 272
1741132071098 46.1 273
1741132082146 46.1 274
1741132093655 46.1 275
1741132103697 46.1 276
1741132113756 46.1 277
1741132123998 46.1 278
1741132134957 46.1 279
1741132145834 46.1 280
1741132156875 46.1 281
1741132167826 46.1 282
1741132178826 46.1 283
1741132189814 46.1 284
1741132200729 46.1 285
1741132211816 46.1 286
1741132221855 46.1 287
1741132232530 46.1 288
1741132244048 46.1 289
1741132255515 46.1 290
1741132266971 46.1 291
1741132277091 46.1 292
1741132287141 46.1 293
1741132297483 46.1 294
1741132308477 46.1 295
1741132319757 46.1 296
1741132330793 46.1 297
1741132341873 46.1 298
1741132352874 46.1 299
1741132363890 46.1 300
1741132375008 46.1 301
1741132386088 46.1 302
1741132396185 46.1 303
1741132406919 46.1 304
1741132418415 46.1 305
1741132429725 46.1 306
1741132441108 46.1 307
1741132451171 46.1 308
1741132461222 46.1 309
1741132471483 46.1 310
1741132482519 46.1 311
1741132493702 46.1 312
1741132504667 46.1 313
1741132515659 46.1 314
1741132526619 46.1 315
1741132537731 46.1 316
1741132548747 46.1 317
1741132560008 46.1 318
1741132570063 46.1 319
1741132581152 46.1 320
1741132592774 46.1 321
1741132604284 46.1 322
1741132614343 46.1 323
1741132624401 46.1 324
1741132635824 46.1 325
1741132646924 46.1 326
1741132658164 46.1 327
1741132669587 46.1 328
1741132680897 46.1 329
1741132691935 46.1 330
1741132703189 46.1 331
1741132714158 46.1 332
1741132725333 46.1 333
1741132736619 46.1 334
1741132746658 46.1 335
1741132757923 46.1 336
1741132767980 46.1 337
1741132778589 46.1 338
1741132790186 46.1 339
1741132800317 46.1 340
1741132810371 46.1 341
1741132820565 46.1 342
1741132831700 46.1 343
1741132842803 46.1 344
1741132854114 46.1 345
1741132865442 46.1 346
1741132876716 46.1 347
1741132887961 46.1 348
1741132899253 46.1 349
1741132910476 46.1 350
1741132920763 46.1 351
1741132930834 46.1 352
1741132941528 46.1 353
1741132953200 46.1 354
1741132964757 46.1 355
1741132975082 46.1 356
1741132986720 46.1 357
1741132997902 46.1 358
1741133009141 46.1 359
1741133020524 46.1 360
1741133031978 46.1 361
1741133043215 46.1 362
1741133054582 46.1 363
1741133066006 46.1 364
1741133077427 46.1 365
1741133088728 46.1 366
1741133099142 46.1 367
1741133109180 46.1 368
1741133119996 46.1 369
1741133131682 46.1 370
1741133141728 46.1 371
1741133152786 46.1 372
1741133166025 46.1 373
1741133177326 46.1 374
1741133188677 46.1 375
1741133198745 46.1 376
1741133208812 46.1 377
1741133219390 46.1 378
1741133230982 46.1 379
1741133242353 46.1 380
1741133254104 46.1 381
1741133264144 46.1 382
1741133274743 46.1 383
1741133285191 46.1 384
1741133295260 46.1 385
1741133306655 46.1 386
1741133318347 46.1 387
1741133328400 46.1 388
1741133338536 46.1 389
1741133349538 46.1 390
1741133361050 46.1 391
1741133373121 46.1 392
1741133383173 46.1 393
1741133393734 46.1 394
1741133405218 46.1 395
1741133416622 46.1 396
1741133427988 46.1 397
1741133439367 46.1 398
1741133450722 46.1 399
1741133462373 46.1 400
1741133472488 46.1 401
1741133483440 46.1 402
1741133493483 46.1 403
1741133504303 46.1 404
1741133514344 46.1 405
1741133524394 46.1 406
1741133534536 46.1 407
1741133544593 46.1 408
1741133555987 46.1 409
1741133567650 46.1 410
1741133579320 46.1 411
1741133591061 46.1 412
1741133602627 46.1 413
1741133614240 46.1 414
1741133625713 46.1 415
1741133637494 46.1 416
1741133648407 46.1 417
1741133658487 46.1 418
1741133669865 46.1 419
1741133679912 46.1 420
1741133691186 46.1 421
1741133703150 46.1 422
1741133716626 46.1 423
1741133728235 46.1 424
1741133739947 46.1 425
1741133751527 46.1 426
1741133763283 46.1 427
1741133774781 46.1 428
1741133786326 46.1 429
1741133798020 46.1 430
1741133809704 46.1 431
1741133821416 46.1 432
1741133832362 46.1 433
1741133842439 46.1 434
1741133854184 46.1 435
1741133864295 46.1 436
1741133875630 46.1 437
1741133885698 46.1 438
1741133895838 46.1 439
1741133905909 46.1 440
1741133917601 46.1 441
1741133929383 46.1 442
1741133941160 46.1 443
1741133952948 46.1 444
1741133964731 46.1 445
1741133976352 46.1 446
1741133987921 46.1 447
1741133999475 46.1 448
1741134011195 46.1 449
1741134021278 46.1 450
1741134031407 46.1 451
1741134043249 46.1 452
1741134053299 46.1 453
1741134064996 46.1 454
1741134075975 46.1 455
1741134087932 46.1 456
1741134099805 46.1 457
1741134111535 46.1 458
1741134123348 46.1 459
1741134135022 46.1 460
1741134146790 46.1 461
1741134158621 46.1 462
1741134168689 46.1 463
1741134178790 46.1 464
1741134190230 46.1 465
1741134202070 46.1 466
1741134212188 46.1 467
1741134222231 46.1 468
1741134233892 46.1 469
1741134243942 46.1 470
1741134255703 46.1 471
1741134265801 46.1 472
1741134275869 46.1 473
1741134287402 46.1 474
1741134297458 46.1 475
1741134307543 46.1 476
1741134319014 46.1 477
1741134330962 46.1 478
1741134342820 46.1 479
1741134352883 46.1 480
1741134362943 46.1 481
1741134374526 46.1 482
1741134384576 46.1 483
1741134394635 46.1 484
1741134406472 46.1 485
1741134416545 46.1 486
1741134426613 46.1 487
1741134437789 46.1 488
1741134447846 46.1 489
1741134457913 46.1 490
1741134468501 46.1 491
1741134480498 46.1 492
1741134492376 46.1 493
1741134504318 46.1 494
1741134516191 46.1 495
1741134528117 46.1 496
1741134538182 46.1 497
1741134548266 46.1 498
1741134560181 46.1 499
1741134572059 46.1 500
1741134583408 46.1 501
1741134593452 46.1 502
1741134603552 46.1 503
1741134614999 46.1 504
1741134625047 46.1 505
1741134635116 46.1 506
1741134645238 46.1 507
1741134655302 46.1 508
1741134666246 46.1 509
1741134676359 46.1 510
1741134686549 46.1 511
1741134696590 46.1 512
1741134706712 46.1 513
1741134718665 46.1 514
1741134728737 46.1 515
1741134738852 46.1 516
1741134748962 46.1 517
1741134760905 46.1 518
1741134771342 46.1 519
1741134781467 46.1 520
1741134791535 46.1 521
1741134801584 46.1 522
1741134813434 46.1 523
1741134823479 46.1 524
1741134834802 46.1 525
1741134847003 46.1 526
1741134859020 46.1 527
1741134869165 46.1 528
1741134879215 46.1 529
1741134889269 46.1 530
1741134899547 46.1 531
1741134909626 46.1 532
1741134919707 46.1 533
1741134931690 46.1 534
1741134941734 46.1 535
1741134952002 46.1 536
1741134964124 46.1 537
1741134974182 46.1 538
1741134984245 46.1 539
1741134994344 46.1 540
1741135004495 46.1 541
1741135016230 46.1 542
1741135027675 46.1 543
1741135039824 46.1 544
1741135049928 46.1 545
1741135060305 46.1 546
1741135070362 46.1 547
1741135081206 46.1 548
1741135091253 46.1 549
1741135101413 46.1 550
1741135113484 46.1 551
1741135123531 46.1 552
1741135134083 46.1 553
1741135144193 46.1 554
1741135154594 46.1 555
1741135165536 46.1 556
1741135175624 46.1 557
1741135185666 46.1 558
1741135195738 46.1 559
1741135205784 46.1 560
1741135217823 46.1 561
1741135227907 46.1 562
1741135239099 46.1 563
1741135249158 46.1 564
1741135260584 46.1 565
1741135270633 46.1 566
1741135282029 46.1 567
1741135292084 46.1 568
1741135302585 46.1 569
1741135312652 46.1 570
1741135322965 46.1 571
1741135333016 46.1 572
1741135343510 46.1 573
1741135356108 46.1 574
1741135366201 46.1 575
1741135376250 46.1 576
1741135386334 46.1 577
1741135396404 46.1 578
1741135406468 46.1 579
1741135418401 46.1 580
1741135428490 46.1 581
1741135438570 46.1 582
1741135449037 46.1 583
1741135459097 46.1 584
1741135469796 46.1 585
1741135479861 46.1 586
1741135490880 46.1 587
1741135500922 46.1 588
1741135511216 46.1 589
1741135521261 46.1 590
1741135531912 46.1 591
1741135541991 46.1 592
1741135552715 46.1 593
1741135562804 46.1 594
1741135572882 46.1 595
1741135582957 46.1 596
1741135593028 46.1 597
1741135603095 46.1 598
1741135613152 46.1 599
1741135623225 46.1 600
1741135634066 46.1 601
1741135644140 46.1 602
1741135654788 46.1 603
1741135664870 46.1 604
1741135675582 46.1 605
1741135685703 46.1 606
1741135696453 46.1 607
1741135706519 46.1 608
1741135717477 46.1 609
1741135727560 46.1 610
1741135738490 46.1 611
1741135751261 46.1 612
1741135761338 46.1 613
1741135771399 46.1 614
1741135781463 46.1 615
1741135791566 46.1 616
1741135801613 46.1 617
1741135811682 46.1 618
1741135821763 46.1 619
1741135832633 46.1 620
1741135842709 46.1 621
1741135853416 46.1 622
1741135863486 46.1 623
1741135874264 46.1 624
1741135884305 46.1 625
1741135894896 46.1 626
1741135904952 46.1 627
1741135915808 46.1 628
1741135925884 46.1 629
1741135936609 46.1 630
1741135949517 46.1 631
1741135959685 46.1 632
1741135969784 46.1 633
1741135979863 46.1 634
1741135989929 46.1 635
1741136000016 46.1 636
1741136010092 46.1 637
1741136020134 46.1 638
1741136031679 46.1 639
1741136041757 46.1 640
1741136052516 46.1 641
1741136062591 46.1 642
1741136073478 46.1 643
1741136083528 46.1 644
1741136094767 46.1 645
1741136104840 46.1 646
1741136115543 46.1 647
1741136125582 46.1 648
1741136136400 46.1 649
1741136149284 46.1 650
1741136159765 46.1 651
1741136170071 46.1 652
1741136180272 46.1 653
1741136190456 46.1 654
1741136200700 46.1 655
1741136210787 46.1 656
1741136220859 46.1 657
