1741129240715 0.0 0
1741129250755 1.4711789999998928 1
1741129260790 1.8957589999999982 2
1741129270848 1.9293900000000122 3
1741129281930 2.866512000000057 4
1741129291971 3.6111539999999422 5
1741129302045 3.8323989999998958 6
1741129312078 4.314932999999883 7
1741129322112 4.7750109999999495 8
1741129332216 5.60259300000007 9
1741129342458 6.426711999999952 10
1741129352507 7.105219000000034 11
1741129362584 8.473271000000068 12
1741129372619 8.732864999999947 13
1741129382671 10.142515000000003 14
1741129392847 10.153054999999995 15
1741129402927 11.354963999999882 16
1741129412954 11.95057799999995 17
1741129423011 12.465289999999868 18
1741129433061 13.824372999999923 19
1741129443089 14.42328099999986 20
1741129453981 14.433000999999877 21
1741129464050 14.49998299999993 22
1741129474084 14.505012000000079 23
1741129484116 15.618130000000065 24
1741129494160 16.270778999999948 25
1741129504201 17.50342499999988 26
1741129515197 18.55892999999992 27
1741129525793 19.20881499999996 28
1741129536335 19.85603100000003 29
1741129546382 19.872822999999926 30
1741129556472 21.573579999999993 31
1741129566529 24.72614499999986 32
1741129576571 25.51315499999987 33
1741129586650 26.0972119999999 34
1741129597850 26.28634799999986 35
1741129607884 27.104800999999952 36
1741129617965 27.971258000000034 37
1741129629294 28.732627999999977 38
1741129639363 29.36604599999987 39
1741129649412 30.03554299999996 40
1741129659500 30.768135999999913 41
1741129670645 31.56273699999997 42
1741129680696 32.33937999999989 43
1741129690800 32.78657999999996 44
1741129700841 33.39634299999989 45
1741129710874 33.980925999999954 46
1741129720965 34.003652999999986 47
1741129731006 34.409875000000056 48
1741129741040 35.19234200000005 49
1741129751130 36.01395600000001 50
1741129761163 37.326172999999926 51
1741129772348 37.78284400000007 52
1741129782442 38.34859099999994 53
1741129792475 39.016436999999996 54
1741129802510 39.45006999999987 55
1741129813543 39.880998999999974 56
1741129823575 40.94170800000006 57
1741129833626 41.58833699999991 58
1741129843673 42.01853899999992 59
1741129853717 42.70177399999989 60
1741129863758 42.71008800000004 61
1741129873801 42.737043000000085 62
1741129883830 44.065305999999964 63
1741129893866 44.79100100000005 64
1741129903923 45.97371999999996 65
1741129915074 46.56586799999991 66
1741129925107 47.014736000000084 67
1741129935138 47.483228000000054 68
1741129945236 47.89569499999993 69
1741129955277 47.90747199999987 70
1741129965320 49.36376199999995 71
1741129976479 50.418848000000025 72
1741129986545 51.314888999999994 73
1741129996796 52.10229299999992 74
1741130006875 52.54469700000004 75
1741130016917 53.055759999999964 76
1741130026970 53.848003999999946 77
1741130037051 56.29955300000006 78
1741130047084 57.42673100000002 79
1741130057126 58.070428999999876 80
1741130067217 58.78239400000007 81
1741130077245 60.01014400000008 82
1741130088826 60.86234300000001 83
1741130098921 61.378790999999865 84
1741130109054 62.734991000000036 85
1741130119123 63.265756999999894 86
1741130129185 63.64895499999989 87
1741130139292 64.22004399999992 88
1741130149355 65.03817099999992 89
1741130159399 65.88984600000003 90
1741130169472 70.15877999999998 91
1741130179544 70.27498100000003 92
1741130189608 70.28364099999999 93
1741130199706 70.29207700000006 94
1741130209749 71.46193500000004 95
1741130219802 72.08711199999993 96
1741130229879 72.64916999999991 97
1741130239911 73.00626299999999 98
1741130249951 74.15896099999986 99
1741130260038 74.88002000000006 100
1741130270071 75.48483099999999 101
1741130280116 75.48649999999998 102
1741130290213 75.48808099999997 103
1741130300261 76.69332800000007 104
1741130311312 77.36726900000008 105
1741130321421 77.97180400000002 106
1741130331468 79.06131299999993 107
1741130341509 79.67097899999999 108
1741130351588 80.45313899999996 109
1741130361635 80.81993499999999 110
1741130371689 81.43544399999996 111
1741130381783 82.03427099999999 112
1741130391814 82.36415599999987 113
1741130401865 82.772741 114
1741130411980 83.40388200000007 115
1741130422010 84.57250399999998 116
1741130432055 85.29424500000005 117
1741130442159 85.83719199999996 118
1741130452359 86.22169099999996 119
1741130462449 87.642425 120
1741130472604 87.84924499999988 121
1741130482630 88.52008299999989 122
1741130492660 89.36965800000007 123
1741130502753 90.52850699999999 124
1741130512783 90.54449199999999 125
1741130522844 91.65756499999998 126
1741130532913 92.92878700000006 127
1741130542969 93.92940900000008 128
1741130552992 94.38396199999988 129
1741130564388 94.84195799999998 130
1741130574672 95.50801299999989 131
1741130584943 95.52604599999995 132
1741130595155 96.06697600000007 133
1741130605331 96.69390799999996 134
1741130615363 98.6291369999999 135
1741130625406 99.64843300000007 136
1741130636944 101.09023200000001 137
1741130647213 101.09910100000002 138
1741130657387 101.88771599999995 139
1741130667479 103.39553000000001 140
1741130677602 104.05238600000007 141
1741130687883 104.45473599999991 142
1741130697962 105.0611449999999 143
1741130708225 105.85421700000006 144
1741130718265 106.29651799999988 145
1741130728550 106.76538400000004 146
1741130738927 107.38237200000003 147
1741130749377 108.36157099999991 148
1741130759598 108.97166599999991 149
1741130769661 109.72769100000005 150
1741130779700 110.21408100000008 151
1741130789841 110.85138899999993 152
1741130800364 111.58135399999992 153
1741130810681 112.44075500000008 154
1741130820989 113.16530799999987 155
1741130831393 113.46426300000007 156
1741130841592 114.2718769999999 157
1741130851840 114.8527079999999 158
1741130862126 115.61420599999997 159
1741130872451 116.77844200000004 160
1741130882499 117.34210899999994 161
1741130892572 117.75065999999993 162
1741130902629 118.113112 163
1741130913046 118.66990899999996 164
1741130923485 119.26858900000002 165
1741130933551 119.84027700000001 166
1741130944569 120.233387 167
1741130954945 120.71808199999987 168
1741130965187 121.13417699999991 169
1741130975683 121.65842799999996 170
1741130985861 122.04776399999992 171
1741130996243 122.33461499999999 172
1741131006580 122.67590500000006 173
1741131016782 123.30103600000007 174
1741131027087 123.80388500000004 175
1741131037583 124.28090799999995 176
1741131048733 124.6478239999999 177
1741131059372 125.21333200000004 178
1741131069853 125.97932300000002 179
1741131080493 126.57684599999993 180
1741131091175 127.01679400000012 181
1741131103662 127.69598399999995 182
1741131114171 129.1345879999999 183
1741131124523 129.61120900000014 184
1741131134868 130.3929790000002 185
1741131145347 131.26937499999985 186
1741131155845 131.8904120000002 187
1741131166252 132.27070999999978 188
1741131176742 132.8979559999998 189
1741131187127 133.4326219999998 190
1741131197503 134.43199000000004 191
1741131207601 134.60858300000018 192
1741131217721 135.26127799999995 193
1741131228634 135.81345999999985 194
1741131239097 136.33545000000004 195
1741131249745 136.9687939999999 196
1741131259772 137.9804479999998 197
1741131271162 138.638739 198
1741131281745 139.19480900000008 199
1741131292466 139.60781600000018 200
1741131302985 140.0901060000001 201
1741131313453 140.4527250000001 202
1741131323894 140.87161100000003 203
1741131334424 141.30227699999978 204
1741131344831 141.73465299999998 205
1741131355364 143.12484200000017 206
1741131365978 143.89580999999998 207
1741131377213 144.60183499999994 208
1741131388107 144.9510110000001 209
1741131399026 146.24636299999975 210
1741131410024 146.69223899999997 211
1741131422251 147.273275 212
1741131433236 147.353384 213
1741131443855 147.35626599999978 214
1741131454453 147.41788600000018 215
1741131464879 148.08322399999997 216
1741131475487 150.03125799999998 217
1741131486020 150.1651670000001 218
1741131496493 152.57201699999996 219
1741131507100 152.59605499999998 220
1741131517865 153.79136999999992 221
1741131528504 154.15981599999986 222
1741131538608 154.86999800000012 223
1741131549025 155.40571099999988 224
1741131559961 156.4463609999998 225
1741131570915 156.83297399999992 226
1741131581911 157.30121499999996 227
1741131591976 157.9805510000001 228
1741131603596 158.61620399999993 229
1741131614216 159.1330210000001 230
1741131624694 159.48177799999985 231
1741131635389 160.04171899999983 232
1741131645854 160.30482399999983 233
1741131656559 160.69667600000002 234
1741131667236 161.14005399999996 235
1741131677878 162.0461449999998 236
1741131688861 163.21000800000002 237
1741131699526 164.22239499999978 238
1741131709586 165.07592599999998 239
1741131719679 166.26564700000017 240
1741131730879 167.07100600000012 241
1741131741844 167.6386809999999 242
1741131752979 167.95270299999993 243
1741131763096 168.32047199999988 244
1741131773147 168.59578999999985 245
1741131783200 168.9537989999999 246
1741131793580 170.14654500000006 247
1741131804252 171.27040799999986 248
1741131815003 171.96368799999982 249
1741131825811 173.12316800000008 250
1741131836673 173.70679500000006 251
1741131847458 174.26856099999986 252
1741131858147 175.29814799999986 253
1741131868875 175.68045900000016 254
1741131878921 176.1637270000001 255
1741131889108 176.90835400000014 256
1741131900220 177.42308400000002 257
1741131911131 177.96956599999976 258
1741131922129 178.54763300000013 259
1741131932246 179.5581470000002 260
1741131942301 180.22984799999995 261
1741131952348 180.56986099999995 262
1741131963280 181.14203799999996 263
1741131974025 181.6754460000002 264
1741131985070 182.26793499999985 265
1741131995931 182.71417500000007 266
1741132006612 183.35254200000008 267
1741132017498 183.86711699999978 268
1741132028340 184.79750599999988 269
1741132039395 185.29718300000013 270
1741132049523 185.75231900000017 271
1741132059590 186.21890200000007 272
1741132071098 186.53339700000015 273
1741132082146 187.08927799999992 274
1741132093655 187.54855199999975 275
1741132103697 188.4717310000001 276
1741132113756 189.094646 277
1741132123998 189.72284600000012 278
1741132134957 190.09657199999992 279
1741132145834 190.0981099999999 280
1741132156875 190.51033099999995 281
1741132167826 191.66298199999983 282
1741132178826 192.0318739999998 283
1741132189814 192.55265000000009 284
1741132200729 192.97494499999993 285
1741132211816 193.60533399999986 286
1741132221855 194.22006999999985 287
1741132232530 194.91250600000012 288
1741132244048 195.506398 289
1741132255515 195.91043600000012 290
1741132266971 196.18588099999988 291
1741132277091 197.06989900000008 292
1741132287141 197.69170699999995 293
1741132297483 197.7090079999998 294
1741132308477 198.92413499999975 295
1741132319757 199.41245500000014 296
1741132330793 199.56913699999996 297
1741132341873 199.59282600000006 298
1741132352874 199.61560899999995 299
1741132363890 199.62689499999988 300
1741132375008 203.3545049999998 301
1741132386088 204.2389680000001 302
1741132396185 205.73457400000007 303
1741132406919 207.91834599999993 304
1741132418415 208.25973900000008 305
1741132429725 208.26855399999977 306
1741132441108 208.33381899999995 307
1741132451171 208.8180699999998 308
1741132461222 209.3459899999998 309
1741132471483 209.87765899999977 310
1741132482519 211.130717 311
1741132493702 211.32523200000014 312
1741132504667 211.94350600000007 313
1741132515659 212.5247260000001 314
1741132526619 214.1228040000001 315
1741132537731 214.78444600000012 316
1741132548747 215.47987999999987 317
1741132560008 215.8447860000001 318
1741132570063 216.51920800000016 319
1741132581152 216.89597400000002 320
1741132592774 217.2934009999999 321
1741132604284 217.8402500000002 322
1741132614343 219.17031700000007 323
1741132624401 219.5361939999998 324
1741132635824 220.13082900000018 325
1741132646924 220.69975999999997 326
1741132658164 221.23510799999985 327
1741132669587 221.60917199999994 328
1741132680897 222.05144299999984 329
1741132691935 223.09024599999975 330
1741132703189 223.31448599999976 331
1741132714158 224.60606199999984 332
1741132725333 224.64183599999978 333
1741132736619 225.16869499999984 334
1741132746658 226.07728099999986 335
1741132757923 226.15884199999982 336
1741132767980 227.6826930000002 337
1741132778589 228.2604040000001 338
1741132790186 228.87134500000002 339
1741132800317 228.9525020000001 340
1741132810371 229.58720799999992 341
1741132820565 230.54821700000002 342
1741132831700 231.05357400000003 343
1741132842803 231.67006899999978 344
1741132854114 232.63196199999993 345
1741132865442 233.2243669999998 346
1741132876716 233.55819800000017 347
1741132887961 233.62101500000017 348
1741132899253 234.188846 349
1741132910476 234.74634800000013 350
1741132920763 235.85462400000006 351
1741132930834 236.1279730000001 352
1741132941528 236.13131900000008 353
1741132953200 236.67809799999986 354
1741132964757 237.80634400000008 355
1741132975082 237.8910249999999 356
1741132986720 238.4985529999999 357
1741132997902 239.06916899999987 358
1741133009141 239.650486 359
1741133020524 240.38737899999978 360
1741133031978 241.00055199999997 361
1741133043215 241.027376 362
1741133054582 241.05437200000006 363
1741133066006 241.06350900000007 364
1741133077427 241.57291900000018 365
1741133088728 241.79567099999986 366
1741133099142 241.98090899999988 367
1741133109180 242.03338200000007 368
1741133119996 242.06454200000007 369
1741133131682 242.134008 370
1741133141728 242.36204399999997 371
1741133152786 242.38538000000017 372
1741133166025 242.38709599999993 373
1741133177326 242.42526899999984 374
1741133188677 242.42680900000005 375
1741133198745 242.42948799999976 376
1741133208812 242.46683200000007 377
1741133219390 242.4734840000001 378
1741133230982 242.78850299999976 379
1741133242353 254.80058000000008 380
1741133254104 260.2300019999998 381
1741133264144 263.3791900000001 382
1741133274743 265.86178500000005 383
1741133285191 267.7403760000002 384
1741133295260 270.94302500000003 385
1741133306655 272.61781999999994 386
1741133318347 273.82909100000006 387
1741133328400 275.7676230000002 388
1741133338536 276.87659600000006 389
1741133349538 278.48750199999995 390
1741133361050 279.1371330000002 391
1741133373121 279.7343390000001 392
1741133383173 281.64608799999996 393
1741133393734 282.7021279999999 394
1741133405218 284.1025380000001 395
1741133416622 285.4960329999999 396
1741133427988 286.517151 397
1741133439367 287.997887 398
1741133450722 288.90758400000004 399
1741133462373 289.9069679999998 400
1741133472488 291.9445190000001 401
1741133483440 292.639365 402
1741133493483 293.2091909999999 403
1741133504303 293.680601 404
1741133514344 294.97515599999997 405
1741133524394 296.94631200000003 406
1741133534536 297.9170899999999 407
1741133544593 298.667406 408
1741133555987 299.18018200000006 409
1741133567650 300.2111380000001 410
1741133579320 301.64564199999995 411
1741133591061 305.0870070000001 412
1741133602627 311.7956570000001 413
1741133614240 314.42653599999994 414
1741133625713 328.541146 415
1741133637494 344.4468820000002 416
1741133648407 347.34537599999976 417
1741133658487 348.3024230000001 418
1741133669865 353.53294300000016 419
1741133679912 355.80363799999986 420
1741133691186 358.4539340000001 421
1741133703150 364.4921300000001 422
1741133716626 370.48096399999986 423
1741133728235 377.49547200000006 424
1741133739947 384.6825789999998 425
1741133751527 389.451646 426
1741133763283 394.22880299999997 427
1741133774781 396.9697759999999 428
1741133786326 402.8145709999999 429
1741133798020 410.08072200000015 430
1741133809704 417.2906039999998 431
1741133821416 420.27185099999997 432
1741133832362 425.91042100000004 433
1741133842439 430.72064899999987 434
1741133854184 435.1802130000001 435
1741133864295 442.81382600000006 436
1741133875630 448.3941070000001 437
1741133885698 453.77388299999984 438
1741133895838 458.26762599999984 439
1741133905909 460.6775539999999 440
1741133917601 462.94056 441
1741133929383 468.15422499999977 442
1741133941160 474.09634700000015 443
1741133952948 474.75225199999977 444
1741133964731 476.76036999999997 445
1741133976352 478.7816109999999 446
1741133987921 480.5719119999999 447
1741133999475 485.300565 448
1741134011195 492.78771099999994 449
1741134021278 496.6352999999999 450
1741134031407 502.7957700000002 451
1741134043249 505.78964700000006 452
1741134053299 511.52029200000015 453
1741134064996 514.9090139999998 454
1741134075975 520.7253030000002 455
1741134087932 525.4729630000002 456
1741134099805 530.6741200000001 457
1741134111535 534.660848 458
1741134123348 537.2469900000001 459
1741134135022 541.2598720000001 460
1741134146790 544.3790450000001 461
1741134158621 551.585345 462
1741134168689 556.0605380000002 463
1741134178790 559.7357480000001 464
1741134190230 561.5436719999998 465
1741134202070 567.1693770000002 466
1741134212188 574.8792079999998 467
1741134222231 580.0034949999999 468
1741134233892 581.905988 469
1741134243942 587.1066489999998 470
1741134255703 592.9781779999998 471
1741134265801 596.101431 472
1741134275869 601.0139639999998 473
1741134287402 608.2335250000001 474
1741134297458 609.6251120000002 475
1741134307543 610.7513399999998 476
1741134319014 614.4874380000001 477
1741134330962 619.5552859999998 478
1741134342820 621.60815 479
1741134352883 624.9843059999998 480
1741134362943 626.9525330000001 481
1741134374526 634.4141380000001 482
1741134384576 644.079639 483
1741134394635 649.6225049999998 484
1741134406472 653.8421549999998 485
1741134416545 664.699255 486
1741134426613 670.0120360000001 487
1741134437789 674.350852 488
1741134447846 677.7102199999999 489
1741134457913 684.270779 490
1741134468501 689.2131249999998 491
1741134480498 690.7289949999999 492
1741134492376 692.6547190000001 493
1741134504318 694.9229110000001 494
1741134516191 698.1998319999998 495
1741134528117 707.988996 496
1741134538182 711.65924 497
1741134548266 715.0134400000002 498
1741134560181 719.4017119999999 499
1741134572059 726.0233480000002 500
1741134583408 732.7372270000001 501
1741134593452 736.2312670000001 502
1741134603552 737.3196969999999 503
1741134614999 739.601729 504
1741134625047 742.8213519999999 505
1741134635116 746.4228979999998 506
1741134645238 749.901903 507
1741134655302 753.4026559999998 508
1741134666246 756.6803460000001 509
1741134676359 761.4457259999999 510
1741134686549 765.3132070000001 511
1741134696590 768.5710859999999 512
1741134706712 771.294785 513
1741134718665 773.5561090000001 514
1741134728737 776.3319179999999 515
1741134738852 778.5283140000001 516
1741134748962 780.348798 517
1741134760905 781.7598360000002 518
1741134771342 784.0324780000001 519
1741134781467 787.1034460000001 520
1741134791535 789.2871129999999 521
1741134801584 791.927029 522
1741134813434 793.7592949999998 523
1741134823479 798.1166950000002 524
1741134834802 800.6158289999998 525
1741134847003 805.2990679999998 526
1741134859020 809.0678790000002 527
1741134869165 813.0030670000001 528
1741134879215 819.876976 529
1741134889269 821.8640249999999 530
1741134899547 826.0209960000002 531
1741134909626 831.2412060000001 532
1741134919707 837.2410770000001 533
1741134931690 839.293905 534
1741134941734 840.8538950000002 535
1741134952002 843.1355199999998 536
1741134964124 847.5806849999999 537
1741134974182 850.8295199999998 538
1741134984245 856.054897 539
1741134994344 861.412261 540
1741135004495 862.2530069999998 541
1741135016230 863.5149929999998 542
1741135027675 869.0534079999998 543
1741135039824 870.9535890000002 544
1741135049928 876.7060040000001 545
1741135060305 881.8607940000002 546
1741135070362 886.2829160000001 547
1741135081206 887.9574750000002 548
1741135091253 889.9885340000001 549
1741135101413 893.5301939999999 550
1741135113484 898.7476259999999 551
1741135123531 903.1959999999999 552
1741135134083 906.8038329999999 553
1741135144193 911.992099 554
1741135154594 915.1776909999999 555
1741135165536 919.8941629999999 556
1741135175624 922.3161169999998 557
1741135185666 922.9646010000001 558
1741135195738 923.8736800000001 559
1741135205784 924.594928 560
1741135217823 925.620206 561
1741135227907 926.5565059999999 562
1741135239099 927.5083920000002 563
1741135249158 930.632274 564
1741135260584 932.7027629999998 565
1741135270633 934.3023549999998 566
1741135282029 935.5762119999999 567
1741135292084 936.62651 568
1741135302585 937.4251840000002 569
1741135312652 938.838917 570
1741135322965 940.3861219999999 571
1741135333016 942.5458909999998 572
1741135343510 943.484739 573
1741135356108 944.4067479999999 574
1741135366201 946.0252409999998 575
1741135376250 947.9240540000001 576
1741135386334 949.2634199999998 577
1741135396404 950.3750279999999 578
1741135406468 951.5623989999999 579
1741135418401 952.6016060000002 580
1741135428490 954.4641569999999 581
1741135438570 955.8419559999998 582
1741135449037 956.6503899999998 583
1741135459097 957.443851 584
1741135469796 958.3434040000002 585
1741135479861 959.0353059999998 586
1741135490880 962.1728330000001 587
1741135500922 963.1084500000002 588
1741135511216 963.939108 589
1741135521261 964.9306969999998 590
1741135531912 966.3283860000001 591
1741135541991 966.9692829999999 592
1741135552715 967.9612769999999 593
1741135562804 969.2879600000001 594
1741135572882 971.7969640000001 595
1741135582957 974.4388469999999 596
1741135593028 976.4953249999999 597
1741135603095 977.9436259999998 598
1741135613152 978.7351410000001 599
1741135623225 980.2019740000001 600
1741135634066 980.8264300000001 601
1741135644140 982.0879679999998 602
1741135654788 983.1941189999998 603
1741135664870 984.8537780000001 604
1741135675582 986.5926260000001 605
1741135685703 987.445596 606
1741135696453 988.0531540000002 607
1741135706519 988.730305 608
1741135717477 989.6798559999997 609
1741135727560 990.4526970000002 610
1741135738490 991.1034020000002 611
1741135751261 996.6100799999999 612
1741135761338 997.665234 613
1741135771399 998.2227010000001 614
1741135781463 998.6723659999998 615
1741135791566 999.87131 616
1741135801613 1002.768059 617
1741135811682 1004.8061069999999 618
1741135821763 1006.3665609999998 619
1741135832633 1009.1700519999999 620
1741135842709 1011.584214 621
1741135853416 1013.0605999999998 622
1741135863486 1015.4159369999998 623
1741135874264 1017.4311459999999 624
1741135884305 1023.9755030000001 625
1741135894896 1028.50317 626
1741135904952 1029.262221 627
1741135915808 1030.1654090000002 628
1741135925884 1031.076149 629
1741135936609 1032.1842619999998 630
1741135949517 1034.483053 631
1741135959685 1037.4887330000001 632
1741135969784 1038.770692 633
1741135979863 1041.309401 634
1741135989929 1043.4843809999998 635
1741136000016 1045.6967839999998 636
1741136010092 1046.320494 637
1741136020134 1047.2951659999999 638
1741136031679 1049.127766 639
1741136041757 1050.742698 640
1741136052516 1051.6936540000002 641
1741136062591 1054.050937 642
1741136073478 1057.386461 643
1741136083528 1060.0188990000001 644
1741136094767 1062.5901669999998 645
1741136104840 1065.67747 646
1741136115543 1066.46902 647
1741136125582 1069.198898 648
1741136136400 1071.304279 649
1741136149284 1077.5527229999998 650
1741136159765 1086.970582 651
1741136170071 1091.125708 652
1741136180272 1095.1276899999998 653
1741136190456 1097.6048409999999 654
1741136200700 1097.608314 655
1741136210787 1099.8276019999998 656
1741136220859 1101.6881870000002 657
