1741129240715 0.0 0
1741129250755 1.473117000000002 1
1741129260790 1.9041419999998652 2
1741129270848 1.9403339999998934 3
1741129281930 2.8764470000000983 4
1741129291971 3.621020999999928 5
1741129302045 3.828035 6
1741129312078 4.312937000000147 7
1741129322112 4.772911999999906 8
1741129332216 5.605258000000049 9
1741129342458 6.441981999999825 10
1741129352507 7.121623 11
1741129362584 8.4908089999999 12
1741129372619 8.752242000000024 13
1741129382671 10.162307000000055 14
1741129392847 10.17498599999999 15
1741129402927 11.390207999999802 16
1741129412954 11.994313000000147 17
1741129423011 12.49518500000022 18
1741129433061 13.852574000000004 19
1741129443089 14.45419099999981 20
1741129453981 14.466085000000021 21
1741129464050 14.53351100000009 22
1741129474084 14.539527999999791 23
1741129484116 15.65288499999997 24
1741129494160 16.30645000000004 25
1741129504201 17.540509999999813 26
1741129515197 18.596548999999868 27
1741129525793 19.246565999999802 28
1741129536335 19.900751000000128 29
1741129546382 19.903445999999803 30
1741129556472 21.60514400000011 31
1741129566529 24.759132000000136 32
1741129576571 25.54789299999993 33
1741129586650 26.1329810000002 34
1741129597850 26.325694000000112 35
1741129607884 27.148565999999846 36
1741129617965 28.015426999999818 37
1741129629294 28.77699799999982 38
1741129639363 29.411599000000024 39
1741129649412 30.08173600000009 40
1741129659500 30.814711999999872 41
1741129670645 31.593825999999808 42
1741129680696 32.37234099999978 43
1741129690800 32.82260700000006 44
1741129700841 33.447384000000056 45
1741129710874 34.036273000000165 46
1741129720965 34.062210999999934 47
1741129731006 34.470102000000225 48
1741129741040 35.25247300000001 49
1741129751130 36.07651399999986 50
1741129761163 37.389365 51
1741129772348 37.8471669999999 52
1741129782442 38.4070200000001 53
1741129792475 39.06824999999981 54
1741129802510 39.50146700000005 55
1741129813543 39.936203000000205 56
1741129823575 40.999185000000125 57
1741129833626 41.64708100000007 58
1741129843673 42.07882900000004 59
1741129853717 42.763906000000134 60
1741129863758 42.7724760000001 61
1741129873801 42.80207999999993 62
1741129883830 44.131582999999864 63
1741129893866 44.857278999999835 64
1741129903923 46.042491000000155 65
1741129915074 46.61776800000007 66
1741129925107 47.065661999999975 67
1741129935138 47.53483499999993 68
1741129945236 47.952474000000166 69
1741129955277 47.96460900000011 70
1741129965320 49.41946800000005 71
1741129976479 50.47493600000007 72
1741129986545 51.370992000000115 73
1741129996796 52.16855600000008 74
1741130006875 52.61235600000009 75
1741130016917 53.12413000000015 76
1741130026970 53.90247700000009 77
1741130037051 56.3537580000002 78
1741130047084 57.48077999999987 79
1741130057126 58.12372499999992 80
1741130067217 58.83701199999996 81
1741130077245 60.06504799999993 82
1741130088826 60.918048 83
1741130098921 61.435199999999895 84
1741130109054 62.792413000000124 85
1741130119123 63.32491200000004 86
1741130129185 63.71011899999985 87
1741130139292 64.284404 88
1741130149355 65.09055399999988 89
1741130159399 65.9401170000001 90
1741130169472 70.20868599999994 91
1741130179544 70.32976099999996 92
1741130189608 70.33818900000006 93
1741130199706 70.34859700000015 94
1741130209749 71.51919399999997 95
1741130219802 72.1459920000002 96
1741130229879 72.70805900000005 97
1741130239911 73.07160199999998 98
1741130249951 74.22389999999996 99
1741130260038 74.94572299999982 100
1741130270071 75.53603699999985 101
1741130280116 75.53986699999996 102
1741130290213 75.54289999999992 103
1741130300261 76.75720600000022 104
1741130311312 77.43252600000005 105
1741130321421 78.0440779999999 106
1741130331468 79.13389800000004 107
1741130341509 79.74397700000009 108
1741130351588 80.51427899999999 109
1741130361635 80.88160599999992 110
1741130371689 81.49711200000002 111
1741130381783 82.09903299999996 112
1741130391814 82.41501000000017 113
1741130401865 82.82439699999986 114
1741130411980 83.45741899999985 115
1741130422010 84.6262929999998 116
1741130432055 85.34952199999998 117
1741130442159 85.89382599999999 118
1741130452359 86.28032699999994 119
1741130462449 87.70303100000001 120
1741130472604 87.91234399999985 121
1741130482630 88.58310900000015 122
1741130492660 89.432683 123
1741130502753 90.59193300000015 124
1741130512783 90.59394900000007 125
1741130522844 91.71062100000017 126
1741130532913 92.98349300000018 127
1741130542969 93.98892699999988 128
1741130552992 94.44289900000012 129
1741130564388 94.9016200000001 130
1741130574672 95.56914499999993 131
1741130584943 95.5928399999998 132
1741130595155 96.1346910000002 133
1741130605331 96.77238299999999 134
1741130615363 98.70940599999994 135
1741130625406 99.72917499999994 136
1741130636944 101.15808400000014 137
1741130647213 101.16887099999985 138
1741130657387 101.95809899999995 139
1741130667479 103.46549000000005 140
1741130677602 104.12228800000003 141
1741130687883 104.52607500000022 142
1741130697962 105.14056399999981 143
1741130708225 105.93461699999989 144
1741130718265 106.38475900000003 145
1741130728550 106.85413999999992 146
1741130738927 107.47262099999989 147
1741130749377 108.4448040000002 148
1741130759598 109.0518390000002 149
1741130769661 109.80916200000001 150
1741130779700 110.29647900000009 151
1741130789841 110.93472400000019 152
1741130800364 111.66547300000002 153
1741130810681 112.52605099999982 154
1741130820989 113.25184900000022 155
1741130831393 113.55207400000018 156
1741130841592 114.36796099999992 157
1741130851840 114.95092599999998 158
1741130862126 115.71388900000011 159
1741130872451 117.16289000000006 160
1741130882499 117.7973649999999 161
1741130892572 118.2080890000002 162
1741130902629 118.58189200000015 163
1741130913046 119.141932 164
1741130923485 119.74256199999991 165
1741130933551 120.3146240000001 166
1741130944569 120.70887799999991 167
1741130954945 121.19485699999996 168
1741130965187 121.61268100000007 169
1741130975683 122.13760700000012 170
1741130985861 122.52865400000019 171
1741130996243 122.8003020000001 172
1741131006580 123.14198100000021 173
1741131016782 123.76855599999999 174
1741131027087 124.272332 175
1741131037583 124.75123500000018 176
1741131048733 125.11998399999993 177
1741131059372 125.6853329999999 178
1741131069853 126.46014699999978 179
1741131080493 127.05938699999979 180
1741131091175 127.50007700000015 181
1741131103662 128.1787290000002 182
1741131114171 129.6044350000002 183
1741131124523 130.08328699999993 184
1741131134868 130.8680800000002 185
1741131145347 131.7528729999999 186
1741131155845 132.37914899999987 187
1741131166252 132.76203699999996 188
1741131176742 133.3955390000001 189
1741131187127 133.93031199999996 190
1741131197503 134.93972399999984 191
1741131207601 135.1166159999998 192
1741131217721 135.76902199999995 193
1741131228634 136.3227569999999 194
1741131239097 136.831095 195
1741131249745 137.46481799999992 196
1741131259772 138.4771209999999 197
1741131271162 139.13641700000016 198
1741131281745 139.69331899999997 199
1741131292466 140.10895900000014 200
1741131302985 140.59462200000007 201
1741131313453 140.9583130000001 202
1741131323894 141.37930199999983 203
1741131334424 141.81146500000023 204
1741131344831 142.24562400000013 205
1741131355364 143.62318800000003 206
1741131365978 144.40214800000012 207
1741131377213 145.1127590000001 208
1741131388107 145.46555500000022 209
1741131399026 146.7639979999999 210
1741131410024 147.21160999999984 211
1741131422251 147.7952190000001 212
1741131433236 147.87633899999992 213
1741131443855 147.8869239999999 214
1741131454453 147.95155999999997 215
1741131464879 148.62183700000014 216
1741131475487 150.557096 217
1741131486020 150.6986710000001 218
1741131496493 153.10489999999982 219
1741131507100 153.14222900000004 220
1741131517865 154.34082399999988 221
1741131528504 154.71097999999984 222
1741131538608 155.42444100000012 223
1741131549025 155.96125500000016 224
1741131559961 157.00516500000003 225
1741131570915 157.393908 226
1741131581911 157.86447799999996 227
1741131591976 158.5469680000001 228
1741131603596 159.17078200000014 229
1741131614216 159.6910039999998 230
1741131624694 160.04115199999978 231
1741131635389 160.60356600000023 232
1741131645854 160.86921799999982 233
1741131656559 161.26370499999985 234
1741131667236 161.71824500000002 235
1741131677878 162.62629100000004 236
1741131688861 163.79172500000004 237
1741131699526 164.8052600000001 238
1741131709586 165.6604309999998 239
1741131719679 166.836499 240
1741131730879 167.64445299999988 241
1741131741844 168.21749799999998 242
1741131752979 168.53228200000012 243
1741131763096 168.9025200000001 244
1741131773147 169.1848030000001 245
1741131783200 169.54338300000018 246
1741131793580 170.73664999999983 247
1741131804252 171.87146799999982 248
1741131815003 172.5648799999999 249
1741131825811 173.72688800000014 250
1741131836673 174.30472199999986 251
1741131847458 174.8630720000001 252
1741131858147 175.8936309999999 253
1741131868875 176.28197499999987 254
1741131878921 176.77117499999986 255
1741131889108 177.51888199999985 256
1741131900220 178.03606499999978 257
1741131911131 178.58542399999988 258
1741131922129 179.16565200000014 259
1741131932246 180.17933200000016 260
1741131942301 180.85297899999978 261
1741131952348 181.1951469999999 262
1741131963280 181.75112200000012 263
1741131974025 182.29038600000013 264
1741131985070 182.89015599999993 265
1741131995931 183.33735399999978 266
1741132006612 183.9760900000001 267
1741132017498 184.49515199999996 268
1741132028340 185.42525999999998 269
1741132039395 185.92984399999978 270
1741132049523 186.38873000000012 271
1741132059590 186.85764599999993 272
1741132071098 187.1739389999998 273
1741132082146 187.71692600000006 274
1741132093655 188.18062899999995 275
1741132103697 189.115546 276
1741132113756 189.7393790000001 277
1741132123998 190.3698989999998 278
1741132134957 190.7463069999999 279
1741132145834 190.75044100000014 280
1741132156875 191.16485899999998 281
1741132167826 192.3215540000001 282
1741132178826 192.69476900000018 283
1741132189814 193.21900499999992 284
1741132200729 193.63092000000006 285
1741132211816 194.26161599999978 286
1741132221855 194.8808600000002 287
1741132232530 195.5779980000002 288
1741132244048 196.17551099999991 289
1741132255515 196.58091100000001 290
1741132266971 196.85808799999995 291
1741132277091 197.7458630000001 292
1741132287141 198.37087500000007 293
1741132297483 198.39021599999978 294
1741132308477 199.61122400000022 295
1741132319757 200.09879499999988 296
1741132330793 200.2485999999999 297
1741132341873 200.27928599999996 298
1741132352874 200.30579500000022 299
1741132363890 200.31946000000016 300
1741132375008 204.0535490000002 301
1741132386088 204.94220600000017 302
1741132396185 206.442591 303
1741132406919 208.63842599999998 304
1741132418415 208.9828309999998 305
1741132429725 208.99579799999992 306
1741132441108 209.05610500000012 307
1741132451171 209.53805199999988 308
1741132461222 210.0685950000002 309
1741132471483 210.60710199999994 310
1741132482519 211.86487699999998 311
1741132493702 212.06428800000003 312
1741132504667 212.69063499999993 313
1741132515659 213.27665399999978 314
1741132526619 214.88332300000002 315
1741132537731 215.5502919999999 316
1741132548747 216.2500060000002 317
1741132560008 216.61891500000002 318
1741132570063 217.284134 319
1741132581152 217.66716499999984 320
1741132592774 218.0673099999999 321
1741132604284 218.61915499999986 322
1741132614343 219.95217300000013 323
1741132624401 220.32270199999994 324
1741132635824 220.92120599999998 325
1741132646924 221.4973 326
1741132658164 222.03755199999978 327
1741132669587 222.41579199999978 328
1741132680897 222.86615699999993 329
1741132691935 223.94508700000006 330
1741132703189 224.18523300000015 331
1741132714158 225.48568400000022 332
1741132725333 225.52613500000007 333
1741132736619 226.0554000000002 334
1741132746658 226.96797199999992 335
1741132757923 227.04718599999978 336
1741132767980 228.57564300000013 337
1741132778589 229.15998200000013 338
1741132790186 229.77481399999988 339
1741132800317 229.86118399999987 340
1741132810371 230.483659 341
1741132820565 231.44684800000005 342
1741132831700 231.95683599999984 343
1741132842803 232.576184 344
1741132854114 233.5407570000002 345
1741132865442 234.13387000000012 346
1741132876716 234.47376200000008 347
1741132887961 234.54666300000008 348
1741132899253 235.11809399999993 349
1741132910476 235.67969200000016 350
1741132920763 236.7927880000002 351
1741132930834 237.0549219999998 352
1741132941528 237.0669939999998 353
1741132953200 237.62116500000002 354
1741132964757 238.75577500000009 355
1741132975082 238.85079099999984 356
1741132986720 239.46771799999988 357
1741132997902 240.0394379999998 358
1741133009141 240.63151400000015 359
1741133020524 241.37351500000022 360
1741133031978 241.9904919999999 361
1741133043215 242.0202690000001 362
1741133054582 242.03769499999999 363
1741133066006 242.0536619999998 364
1741133077427 242.57023500000014 365
1741133088728 242.80014500000016 366
1741133099142 242.98597000000018 367
1741133109180 243.04176700000016 368
1741133119996 243.0751049999999 369
1741133131682 243.14947600000005 370
1741133141728 243.38050999999996 371
1741133152786 243.4059440000001 372
1741133166025 243.41048899999987 373
1741133177326 243.43735400000014 374
1741133188677 243.44111500000008 375
1741133198745 243.44812199999978 376
1741133208812 243.49041399999987 377
1741133219390 243.50163999999995 378
1741133230982 243.8239319999998 379
1741133242353 255.8465900000001 380
1741133254104 261.27965099999983 381
1741133264144 264.382118 382
1741133274743 266.81336999999985 383
1741133285191 268.68831899999986 384
1741133295260 271.88300200000003 385
1741133306655 273.5770379999999 386
1741133318347 274.7910059999999 387
1741133328400 276.73617000000013 388
1741133338536 277.8489840000002 389
1741133349538 279.464168 390
1741133361050 280.119181 391
1741133373121 280.71890399999984 392
1741133383173 282.63815699999986 393
1741133393734 283.6971010000002 394
1741133405218 285.09943599999997 395
1741133416622 286.48489199999995 396
1741133427988 287.509313 397
1741133439367 288.99355400000013 398
1741133450722 289.9059350000002 399
1741133462373 290.910715 400
1741133472488 292.9562169999999 401
1741133483440 293.6546480000002 402
1741133493483 294.22716200000013 403
1741133504303 294.70288900000014 404
1741133514344 295.998505 405
1741133524394 297.97112400000015 406
1741133534536 298.93080999999984 407
1741133544593 299.68915000000015 408
1741133555987 300.20732 409
1741133567650 301.241755 410
1741133579320 302.68440999999984 411
1741133591061 306.1290079999999 412
1741133602627 312.8515389999998 413
1741133614240 315.47197700000015 414
1741133625713 329.5878379999999 415
1741133637494 345.4934509999998 416
1741133648407 348.38752999999997 417
1741133658487 349.3448119999998 418
1741133669865 354.579256 419
1741133679912 356.852124 420
1741133691186 359.5057059999999 421
1741133703150 365.55037300000004 422
1741133716626 371.54856100000006 423
1741133728235 378.5710119999999 424
1741133739947 385.7618630000002 425
1741133751527 390.53551800000014 426
1741133763283 395.3151160000002 427
1741133774781 398.045533 428
1741133786326 403.8959359999999 429
1741133798020 411.1700719999999 430
1741133809704 418.38411300000007 431
1741133821416 421.36664900000005 432
1741133832362 427.00439800000004 433
1741133842439 431.8207520000001 434
1741133854184 436.2824810000002 435
1741133864295 443.92082200000004 436
1741133875630 449.50389399999995 437
1741133885698 454.8849949999999 438
1741133895838 459.365949 439
1741133905909 461.7854229999998 440
1741133917601 464.051054 441
1741133929383 469.27014599999984 442
1741133941160 475.2140690000001 443
1741133952948 475.8715830000001 444
1741133964731 477.88353199999983 445
1741133976352 479.90860699999985 446
1741133987921 481.7044740000001 447
1741133999475 486.4422159999999 448
1741134011195 493.921836 449
1741134021278 497.7593790000001 450
1741134031407 503.9218169999999 451
1741134043249 506.9198409999999 452
1741134053299 512.653808 453
1741134064996 516.0471769999999 454
1741134075975 521.8691090000002 455
1741134087932 526.6475209999999 456
1741134099805 531.8287369999998 457
1741134111535 535.8207430000002 458
1741134123348 538.4119989999999 459
1741134135022 542.414597 460
1741134146790 545.539115 461
1741134158621 552.7488549999998 462
1741134168689 557.229319 463
1741134178790 560.907694 464
1741134190230 562.7464369999998 465
1741134202070 568.3567370000001 466
1741134212188 576.0686759999999 467
1741134222231 581.1953619999999 468
1741134233892 583.102085 469
1741134243942 588.3060220000002 470
1741134255703 594.1676299999999 471
1741134265801 597.2953210000001 472
1741134275869 602.2090010000002 473
1741134287402 609.4323549999999 474
1741134297458 610.8354020000002 475
1741134307543 611.965909 476
1741134319014 615.7065729999999 477
1741134330962 620.7802710000001 478
1741134342820 622.8368420000002 479
1741134352883 626.2174540000001 480
1741134362943 628.1903280000001 481
1741134374526 635.6283010000002 482
1741134384576 645.2942090000001 483
1741134394635 650.8407350000002 484
1741134406472 655.0670919999998 485
1741134416545 665.9264509999998 486
1741134426613 671.2425039999998 487
1741134437789 675.5906190000001 488
1741134447846 678.9528100000002 489
1741134457913 685.5161539999999 490
1741134468501 690.460419 491
1741134480498 692.1353100000001 492
1741134492376 694.0697150000001 493
1741134504318 696.336573 494
1741134516191 699.6168769999999 495
1741134528117 709.4030109999999 496
1741134538182 713.08115 497
1741134548266 716.461789 498
1741134560181 720.8515379999999 499
1741134572059 727.4797330000001 500
1741134583408 734.1984149999998 501
1741134593452 737.6974129999999 502
1741134603552 738.7897039999998 503
1741134614999 741.072881 504
1741134625047 744.2844300000002 505
1741134635116 747.8880370000002 506
1741134645238 751.3703599999999 507
1741134655302 754.8775959999998 508
1741134666246 758.157764 509
1741134676359 762.9252929999998 510
1741134686549 766.7963009999999 511
1741134696590 770.0568149999999 512
1741134706712 772.7802200000001 513
1741134718665 775.0446109999998 514
1741134728737 777.8231409999999 515
1741134738852 780.0147219999999 516
1741134748962 781.8407659999998 517
1741134760905 783.2569279999998 518
1741134771342 785.5320240000001 519
1741134781467 788.6087160000002 520
1741134791535 790.7927300000001 521
1741134801584 793.4498389999999 522
1741134813434 795.283136 523
1741134823479 799.642018 524
1741134834802 802.1419070000002 525
1741134847003 806.845644 526
1741134859020 810.6107430000002 527
1741134869165 814.5488770000002 528
1741134879215 821.4252849999998 529
1741134889269 823.4133710000001 530
1741134899547 827.5699249999998 531
1741134909626 832.7921620000002 532
1741134919707 838.791131 533
1741134931690 840.8469359999999 534
1741134941734 842.4664659999999 535
1741134952002 844.7480989999999 536
1741134964124 849.1928549999998 537
1741134974182 852.442591 538
1741134984245 857.6585239999999 539
1741134994344 863.0202909999998 540
1741135004495 863.8662899999999 541
1741135016230 865.1301239999998 542
1741135027675 870.6713530000002 543
1741135039824 872.5772350000002 544
1741135049928 878.329201 545
1741135060305 883.486735 546
1741135070362 887.9101690000002 547
1741135081206 889.6024630000002 548
1741135091253 891.6419580000002 549
1741135101413 895.1848249999998 550
1741135113484 900.403178 551
1741135123531 904.8582000000001 552
1741135134083 908.4717919999998 553
1741135144193 913.658332 554
1741135154594 916.845887 555
1741135165536 921.5642579999999 556
1741135175624 923.9912020000002 557
1741135185666 924.6416920000001 558
1741135195738 925.5524019999998 559
1741135205784 926.2739649999999 560
1741135217823 927.3001429999999 561
1741135227907 928.2286880000001 562
1741135239099 929.1844030000002 563
1741135249158 932.3133240000002 564
1741135260584 934.386 565
1741135270633 935.9933110000002 566
1741135282029 937.2689140000002 567
1741135292084 938.3149370000001 568
1741135302585 939.1168469999998 569
1741135312652 940.5362279999999 570
1741135322965 942.0851210000001 571
1741135333016 944.2462420000002 572
1741135343510 945.1840729999999 573
1741135356108 946.1068049999999 574
1741135366201 947.7287700000002 575
1741135376250 949.6305219999999 576
1741135386334 950.9722780000002 577
1741135396404 952.0851950000001 578
1741135406468 953.2822550000001 579
1741135418401 954.3197839999998 580
1741135428490 956.1843180000001 581
1741135438570 957.5653130000001 582
1741135449037 958.3772530000001 583
1741135459097 959.1653900000001 584
1741135469796 960.061839 585
1741135479861 960.7566459999998 586
1741135490880 963.8966420000002 587
1741135500922 964.8349790000002 588
1741135511216 965.6694160000002 589
1741135521261 966.6631779999998 590
1741135531912 968.0658290000001 591
1741135541991 968.7072699999999 592
1741135552715 969.7031630000001 593
1741135562804 971.0886460000002 594
1741135572882 973.5420180000001 595
1741135582957 976.1802240000002 596
1741135593028 978.238038 597
1741135603095 979.6899680000001 598
1741135613152 980.4934130000001 599
1741135623225 981.9638970000001 600
1741135634066 982.591551 601
1741135644140 983.8656270000001 602
1741135654788 984.9724329999999 603
1741135664870 986.6348589999998 604
1741135675582 988.3751149999998 605
1741135685703 989.2306819999999 606
1741135696453 989.8418139999999 607
1741135706519 990.5174889999998 608
1741135717477 991.4660739999999 609
1741135727560 992.2409469999998 610
1741135738490 992.8938840000001 611
1741135751261 998.4030080000002 612
1741135761338 999.463099 613
1741135771399 1000.021412 614
1741135781463 1000.4712979999999 615
1741135791566 1001.672716 616
1741135801613 1004.5686660000001 617
1741135811682 1006.6095489999998 618
1741135821763 1008.1662000000001 619
1741135832633 1010.9683719999998 620
1741135842709 1013.3863839999999 621
1741135853416 1014.8655629999998 622
1741135863486 1017.2226660000001 623
1741135874264 1019.2375649999999 624
1741135884305 1025.7844810000001 625
1741135894896 1030.311812 626
1741135904952 1031.0722890000002 627
1741135915808 1031.97653 628
1741135925884 1032.8870029999998 629
1741135936609 1034.0013760000002 630
1741135949517 1036.2951990000001 631
1741135959685 1039.3023779999999 632
1741135969784 1040.5864780000002 633
1741135979863 1043.1281239999998 634
1741135989929 1045.3049059999998 635
1741136000016 1047.527935 636
1741136010092 1048.1538919999998 637
1741136020134 1049.1313949999999 638
1741136031679 1050.9639809999999 639
1741136041757 1052.5801529999999 640
1741136052516 1053.533707 641
1741136062591 1055.8939919999998 642
1741136073478 1059.2184029999999 643
1741136083528 1061.852019 644
1741136094767 1064.425507 645
1741136104840 1067.5128479999998 646
1741136115543 1068.3065470000001 647
1741136125582 1071.038122 648
1741136136400 1073.143739 649
1741136149284 1079.393482 650
1741136159765 1088.816769 651
1741136170071 1092.9611559999998 652
1741136180272 1096.9906179999998 653
1741136190456 1099.430281 654
1741136200700 1099.4375570000002 655
1741136210787 1101.6709649999998 656
1741136220859 1103.5312509999999 657
