1741129240715 86.1 0
1741129250755 85.9 1
1741129260790 85.8 2
1741129270848 85.9 3
1741129281930 85.8 4
1741129291971 85.8 5
1741129302045 85.8 6
1741129312078 85.9 7
1741129322112 85.8 8
1741129332216 86.1 9
1741129342458 86.0 10
1741129352507 86.0 11
1741129362584 85.9 12
1741129372619 86.0 13
1741129382671 85.9 14
1741129392847 87.5 15
1741129402927 85.5 16
1741129412954 85.5 17
1741129423011 85.5 18
1741129433061 84.0 19
1741129443089 84.3 20
1741129453981 84.3 21
1741129464050 84.4 22
1741129474084 84.3 23
1741129484116 84.7 24
1741129494160 84.7 25
1741129504201 84.7 26
1741129515197 84.9 27
1741129525793 84.9 28
1741129536335 84.8 29
1741129546382 85.1 30
1741129556472 85.2 31
1741129566529 85.2 32
1741129576571 85.2 33
1741129586650 85.2 34
1741129597850 85.1 35
1741129607884 85.3 36
1741129617965 85.2 37
1741129629294 85.2 38
1741129639363 85.2 39
1741129649412 85.2 40
1741129659500 85.1 41
1741129670645 85.1 42
1741129680696 85.2 43
1741129690800 86.5 44
1741129700841 85.4 45
1741129710874 85.4 46
1741129720965 85.4 47
1741129731006 85.4 48
1741129741040 85.5 49
1741129751130 85.5 50
1741129761163 85.5 51
1741129772348 85.5 52
1741129782442 85.4 53
1741129792475 85.6 54
1741129802510 85.6 55
1741129813543 85.6 56
1741129823575 85.6 57
1741129833626 85.6 58
1741129843673 87.4 59
1741129853717 85.8 60
1741129863758 85.9 61
1741129873801 85.9 62
1741129883830 85.9 63
1741129893866 85.9 64
1741129903923 85.9 65
1741129915074 85.9 66
1741129925107 86.0 67
1741129935138 86.0 68
1741129945236 86.2 69
1741129955277 86.1 70
1741129965320 86.1 71
1741129976479 86.1 72
1741129986545 86.1 73
1741129996796 87.2 74
1741130006875 85.9 75
1741130016917 85.9 76
1741130026970 85.9 77
1741130037051 86.0 78
1741130047084 86.0 79
1741130057126 86.0 80
1741130067217 86.0 81
1741130077245 85.9 82
1741130088826 86.0 83
1741130098921 86.0 84
1741130109054 86.1 85
1741130119123 86.1 86
1741130129185 86.1 87
1741130139292 86.1 88
1741130149355 86.3 89
1741130159399 86.4 90
1741130169472 86.4 91
1741130179544 86.4 92
1741130189608 86.4 93
1741130199706 86.4 94
1741130209749 86.4 95
1741130219802 86.5 96
1741130229879 86.5 97
1741130239911 86.5 98
1741130249951 86.6 99
1741130260038 86.6 100
1741130270071 86.6 101
1741130280116 86.6 102
1741130290213 86.6 103
1741130300261 86.7 104
1741130311312 89.3 105
1741130321421 86.7 106
1741130331468 85.3 107
1741130341509 85.6 108
1741130351588 85.8 109
1741130361635 85.7 110
1741130371689 85.8 111
1741130381783 85.9 112
1741130391814 85.8 113
1741130401865 85.9 114
1741130411980 85.9 115
1741130422010 86.0 116
1741130432055 86.0 117
1741130442159 86.0 118
1741130452359 85.9 119
1741130462449 86.2 120
1741130472604 86.1 121
1741130482630 86.2 122
1741130492660 86.2 123
1741130502753 86.2 124
1741130512783 86.2 125
1741130522844 86.2 126
1741130532913 86.3 127
1741130542969 86.2 128
1741130552992 86.2 129
1741130564388 86.2 130
1741130574672 86.2 131
1741130584943 86.2 132
1741130595155 86.3 133
1741130605331 86.2 134
1741130615363 86.2 135
1741130625406 88.7 136
1741130636944 86.7 137
1741130647213 86.7 138
1741130657387 86.6 139
1741130667479 86.6 140
1741130677602 86.5 141
1741130687883 86.6 142
1741130697962 86.6 143
1741130708225 86.6 144
1741130718265 86.6 145
1741130728550 86.6 146
1741130738927 86.6 147
1741130749377 86.6 148
1741130759598 86.6 149
1741130769661 86.7 150
1741130779700 86.7 151
1741130789841 86.9 152
1741130800364 86.9 153
1741130810681 86.9 154
1741130820989 87.0 155
1741130831393 87.3 156
1741130841592 87.1 157
1741130851840 87.1 158
1741130862126 87.0 159
1741130872451 87.0 160
1741130882499 87.2 161
1741130892572 87.1 162
1741130902629 87.1 163
1741130913046 87.1 164
1741130923485 87.1 165
1741130933551 87.1 166
1741130944569 87.8 167
1741130954945 87.2 168
1741130965187 87.3 169
1741130975683 87.3 170
1741130985861 87.3 171
1741130996243 87.4 172
1741131006580 87.4 173
1741131016782 87.4 174
1741131027087 87.4 175
1741131037583 87.4 176
1741131048733 87.6 177
1741131059372 87.7 178
1741131069853 87.7 179
1741131080493 87.8 180
1741131091175 87.8 181
1741131103662 87.7 182
1741131114171 87.6 183
1741131124523 87.6 184
1741131134868 87.6 185
1741131145347 87.6 186
1741131155845 87.6 187
1741131166252 87.6 188
1741131176742 87.6 189
1741131187127 87.6 190
1741131197503 87.6 191
1741131207601 87.7 192
1741131217721 87.7 193
1741131228634 87.7 194
1741131239097 86.7 195
1741131249745 86.7 196
1741131259772 86.7 197
1741131271162 87.2 198
1741131281745 86.9 199
1741131292466 87.1 200
1741131302985 87.3 201
1741131313453 87.3 202
1741131323894 87.3 203
1741131334424 87.2 204
1741131344831 87.2 205
1741131355364 87.2 206
1741131365978 87.2 207
1741131377213 87.2 208
1741131388107 87.4 209
1741131399026 87.4 210
1741131410024 87.5 211
1741131422251 87.5 212
1741131433236 87.4 213
1741131443855 87.6 214
1741131454453 87.6 215
1741131464879 87.6 216
1741131475487 87.7 217
1741131486020 87.8 218
1741131496493 87.8 219
1741131507100 87.8 220
1741131517865 87.7 221
1741131528504 87.8 222
1741131538608 87.8 223
1741131549025 87.6 224
1741131559961 87.5 225
1741131570915 87.5 226
1741131581911 87.5 227
1741131591976 87.5 228
1741131603596 88.1 229
1741131614216 87.6 230
1741131624694 87.6 231
1741131635389 87.6 232
1741131645854 87.6 233
1741131656559 87.7 234
1741131667236 87.7 235
1741131677878 87.7 236
1741131688861 87.7 237
1741131699526 87.7 238
1741131709586 87.8 239
1741131719679 87.8 240
1741131730879 87.8 241
1741131741844 87.8 242
1741131752979 87.8 243
1741131763096 87.8 244
1741131773147 90.3 245
1741131783200 87.9 246
1741131793580 88.2 247
1741131804252 88.1 248
1741131815003 88.0 249
1741131825811 88.0 250
1741131836673 88.0 251
1741131847458 88.1 252
1741131858147 88.1 253
1741131868875 88.3 254
1741131878921 88.2 255
1741131889108 88.1 256
1741131900220 88.1 257
1741131911131 88.1 258
1741131922129 88.1 259
1741131932246 88.1 260
1741131942301 90.4 261
1741131952348 88.3 262
1741131963280 88.4 263
1741131974025 88.5 264
1741131985070 88.5 265
1741131995931 88.4 266
1741132006612 88.4 267
1741132017498 88.4 268
1741132028340 88.4 269
1741132039395 88.5 270
1741132049523 88.6 271
1741132059590 88.5 272
1741132071098 88.6 273
1741132082146 88.5 274
1741132093655 88.6 275
1741132103697 88.6 276
1741132113756 90.9 277
1741132123998 88.5 278
1741132134957 89.2 279
1741132145834 87.6 280
1741132156875 87.7 281
1741132167826 87.7 282
1741132178826 87.6 283
1741132189814 87.6 284
1741132200729 87.6 285
1741132211816 87.7 286
1741132221855 87.7 287
1741132232530 87.8 288
1741132244048 87.8 289
1741132255515 87.7 290
1741132266971 87.8 291
1741132277091 87.8 292
1741132287141 90.1 293
1741132297483 87.9 294
1741132308477 88.0 295
1741132319757 88.0 296
1741132330793 88.1 297
1741132341873 88.1 298
1741132352874 88.1 299
1741132363890 88.1 300
1741132375008 88.0 301
1741132386088 88.1 302
1741132396185 88.1 303
1741132406919 88.2 304
1741132418415 88.1 305
1741132429725 88.1 306
1741132441108 88.2 307
1741132451171 88.1 308
1741132461222 90.6 309
1741132471483 88.4 310
1741132482519 88.4 311
1741132493702 88.5 312
1741132504667 88.7 313
1741132515659 88.7 314
1741132526619 88.6 315
1741132537731 88.5 316
1741132548747 88.6 317
1741132560008 88.5 318
1741132570063 88.9 319
1741132581152 89.0 320
1741132592774 89.0 321
1741132604284 88.6 322
1741132614343 88.5 323
1741132624401 88.5 324
1741132635824 90.1 325
1741132646924 88.7 326
1741132658164 88.7 327
1741132669587 88.7 328
1741132680897 88.8 329
1741132691935 89.2 330
1741132703189 89.2 331
1741132714158 88.7 332
1741132725333 88.6 333
1741132736619 88.6 334
1741132746658 88.7 335
1741132757923 88.8 336
1741132767980 88.8 337
1741132778589 88.8 338
1741132790186 88.8 339
1741132800317 88.7 340
1741132810371 89.1 341
1741132820565 88.9 342
1741132831700 88.9 343
1741132842803 88.9 344
1741132854114 88.9 345
1741132865442 89.0 346
1741132876716 89.0 347
1741132887961 89.0 348
1741132899253 89.0 349
1741132910476 89.0 350
1741132920763 89.0 351
1741132930834 89.1 352
1741132941528 89.1 353
1741132953200 89.1 354
1741132964757 89.1 355
1741132975082 89.1 356
1741132986720 89.3 357
1741132997902 89.4 358
1741133009141 89.4 359
1741133020524 89.4 360
1741133031978 89.4 361
1741133043215 88.1 362
1741133054582 88.2 363
1741133066006 88.3 364
1741133077427 88.2 365
1741133088728 88.2 366
1741133099142 88.2 367
1741133109180 88.4 368
1741133119996 88.4 369
1741133131682 88.4 370
1741133141728 88.4 371
1741133152786 88.4 372
1741133166025 88.3 373
1741133177326 88.7 374
1741133188677 88.7 375
1741133198745 88.7 376
1741133208812 88.7 377
1741133219390 88.8 378
1741133230982 88.8 379
1741133242353 88.8 380
1741133254104 88.8 381
1741133264144 90.2 382
1741133274743 91.1 383
1741133285191 90.5 384
1741133295260 90.6 385
1741133306655 90.6 386
1741133318347 90.3 387
1741133328400 90.4 388
1741133338536 90.2 389
1741133349538 90.3 390
1741133361050 90.4 391
1741133373121 90.3 392
1741133383173 91.6 393
1741133393734 92.2 394
1741133405218 91.4 395
1741133416622 91.4 396
1741133427988 90.8 397
1741133439367 90.8 398
1741133450722 90.5 399
1741133462373 90.5 400
1741133472488 90.6 401
1741133483440 90.5 402
1741133493483 90.5 403
1741133504303 90.5 404
1741133514344 90.5 405
1741133524394 90.5 406
1741133534536 91.0 407
1741133544593 90.2 408
1741133555987 90.4 409
1741133567650 90.3 410
1741133579320 90.4 411
1741133591061 90.4 412
1741133602627 90.4 413
1741133614240 89.6 414
1741133625713 89.5 415
1741133637494 89.5 416
1741133648407 88.9 417
1741133658487 88.8 418
1741133669865 88.9 419
1741133679912 88.9 420
1741133691186 88.9 421
1741133703150 88.9 422
1741133716626 88.8 423
1741133728235 89.1 424
1741133739947 89.0 425
1741133751527 89.0 426
1741133763283 89.1 427
1741133774781 89.2 428
1741133786326 89.2 429
1741133798020 89.1 430
1741133809704 89.1 431
1741133821416 89.2 432
1741133832362 89.3 433
1741133842439 89.2 434
1741133854184 89.2 435
1741133864295 88.9 436
1741133875630 88.9 437
1741133885698 89.0 438
1741133895838 88.9 439
1741133905909 91.3 440
1741133917601 89.0 441
1741133929383 89.1 442
1741133941160 89.2 443
1741133952948 87.4 444
1741133964731 87.8 445
1741133976352 87.8 446
1741133987921 87.8 447
1741133999475 87.9 448
1741134011195 87.9 449
1741134021278 87.8 450
1741134031407 87.9 451
1741134043249 87.9 452
1741134053299 87.9 453
1741134064996 88.0 454
1741134075975 87.9 455
1741134087932 88.1 456
1741134099805 88.3 457
1741134111535 88.4 458
1741134123348 88.5 459
1741134135022 88.5 460
1741134146790 88.5 461
1741134158621 88.4 462
1741134168689 88.4 463
1741134178790 88.5 464
1741134190230 88.5 465
1741134202070 88.5 466
1741134212188 88.5 467
1741134222231 88.5 468
1741134233892 88.5 469
1741134243942 88.8 470
1741134255703 88.8 471
1741134265801 88.8 472
1741134275869 89.0 473
1741134287402 89.0 474
1741134297458 89.0 475
1741134307543 89.1 476
1741134319014 89.2 477
1741134330962 89.0 478
1741134342820 89.0 479
1741134352883 89.0 480
1741134362943 89.0 481
1741134374526 89.0 482
1741134384576 89.0 483
1741134394635 89.1 484
1741134406472 89.0 485
1741134416545 89.1 486
1741134426613 89.1 487
1741134437789 89.1 488
1741134447846 89.1 489
1741134457913 89.1 490
1741134468501 91.3 491
1741134480498 89.8 492
1741134492376 89.8 493
1741134504318 89.8 494
1741134516191 89.7 495
1741134528117 89.7 496
1741134538182 89.8 497
1741134548266 89.7 498
1741134560181 89.8 499
1741134572059 89.8 500
1741134583408 89.8 501
1741134593452 89.8 502
1741134603552 89.7 503
1741134614999 89.6 504
1741134625047 89.7 505
1741134635116 89.6 506
1741134645238 89.6 507
1741134655302 90.1 508
1741134666246 90.0 509
1741134676359 89.9 510
1741134686549 89.9 511
1741134696590 89.9 512
1741134706712 89.9 513
1741134718665 90.0 514
1741134728737 90.0 515
1741134738852 90.0 516
1741134748962 90.1 517
1741134760905 90.0 518
1741134771342 89.9 519
1741134781467 90.0 520
1741134791535 90.0 521
1741134801584 89.9 522
1741134813434 90.0 523
1741134823479 90.0 524
1741134834802 90.0 525
1741134847003 90.3 526
1741134859020 89.2 527
1741134869165 89.2 528
1741134879215 89.2 529
1741134889269 89.1 530
1741134899547 89.3 531
1741134909626 89.4 532
1741134919707 89.4 533
1741134931690 89.5 534
1741134941734 89.4 535
1741134952002 89.4 536
1741134964124 89.4 537
1741134974182 89.3 538
1741134984245 89.4 539
1741134994344 89.4 540
1741135004495 89.5 541
1741135016230 89.5 542
1741135027675 89.5 543
1741135039824 89.4 544
1741135049928 89.9 545
1741135060305 89.7 546
1741135070362 90.2 547
1741135081206 90.2 548
1741135091253 90.3 549
1741135101413 90.3 550
1741135113484 90.3 551
1741135123531 90.2 552
1741135134083 90.1 553
1741135144193 90.0 554
1741135154594 90.0 555
1741135165536 90.0 556
1741135175624 90.0 557
1741135185666 90.1 558
1741135195738 90.3 559
1741135205784 90.4 560
1741135217823 90.3 561
1741135227907 90.0 562
1741135239099 92.2 563
1741135249158 90.1 564
1741135260584 91.1 565
1741135270633 91.8 566
1741135282029 92.0 567
1741135292084 91.8 568
1741135302585 91.6 569
1741135312652 90.7 570
1741135322965 90.5 571
1741135333016 90.4 572
1741135343510 90.5 573
1741135356108 90.4 574
1741135366201 90.4 575
1741135376250 90.5 576
1741135386334 90.5 577
1741135396404 90.5 578
1741135406468 90.4 579
1741135418401 90.4 580
1741135428490 90.3 581
1741135438570 90.7 582
1741135449037 90.7 583
1741135459097 90.8 584
1741135469796 90.5 585
1741135479861 90.5 586
1741135490880 90.5 587
1741135500922 90.6 588
1741135511216 90.5 589
1741135521261 90.5 590
1741135531912 90.6 591
1741135541991 90.6 592
1741135552715 90.6 593
1741135562804 90.6 594
1741135572882 90.7 595
1741135582957 90.7 596
1741135593028 90.7 597
1741135603095 90.7 598
1741135613152 90.6 599
1741135623225 90.7 600
1741135634066 93.0 601
1741135644140 90.8 602
1741135654788 90.9 603
1741135664870 90.9 604
1741135675582 90.8 605
1741135685703 90.9 606
1741135696453 90.9 607
1741135706519 90.9 608
1741135717477 90.8 609
1741135727560 90.9 610
1741135738490 91.0 611
1741135751261 91.1 612
1741135761338 89.3 613
1741135771399 89.5 614
1741135781463 89.3 615
1741135791566 89.3 616
1741135801613 89.4 617
1741135811682 89.4 618
1741135821763 89.4 619
1741135832633 91.8 620
1741135842709 89.7 621
1741135853416 89.7 622
1741135863486 89.9 623
1741135874264 89.9 624
1741135884305 89.9 625
1741135894896 89.9 626
1741135904952 89.9 627
1741135915808 89.8 628
1741135925884 89.9 629
1741135936609 89.9 630
1741135949517 89.9 631
1741135959685 89.7 632
1741135969784 89.7 633
1741135979863 89.7 634
1741135989929 89.8 635
1741136000016 89.7 636
1741136010092 89.8 637
1741136020134 89.7 638
1741136031679 91.9 639
1741136041757 90.0 640
1741136052516 90.1 641
1741136062591 90.1 642
1741136073478 90.1 643
1741136083528 90.1 644
1741136094767 90.1 645
1741136104840 90.3 646
1741136115543 90.3 647
1741136125582 90.3 648
1741136136400 90.2 649
1741136149284 90.2 650
1741136159765 90.4 651
1741136170071 90.5 652
1741136180272 90.4 653
1741136190456 90.4 654
1741136200700 90.6 655
1741136210787 90.9 656
1741136220859 90.7 657
