1741129240715 14519.5 0
1741129250755 14486.4 1
1741129260790 14470.3 2
1741129270848 14482.8 3
1741129281930 14478.2 4
1741129291971 14479.6 5
1741129302045 14478.9 6
1741129312078 14481.9 7
1741129322112 14480.2 8
1741129332216 14526.7 9
1741129342458 14513.9 10
1741129352507 14500.5 11
1741129362584 14493.5 12
1741129372619 14500.5 13
1741129382671 14494.8 14
1741129392847 14758.8 15
1741129402927 14417.2 16
1741129412954 14427.9 17
1741129423011 14423.0 18
1741129433061 14173.0 19
1741129443089 14216.2 20
1741129453981 14217.1 21
1741129464050 14228.2 22
1741129474084 14222.1 23
1741129484116 14288.7 24
1741129494160 14292.6 25
1741129504201 14290.5 26
1741129515197 14325.2 27
1741129525793 14316.4 28
1741129536335 14306.6 29
1741129546382 14358.9 30
1741129556472 14366.9 31
1741129566529 14370.9 32
1741129576571 14370.9 33
1741129586650 14369.9 34
1741129597850 14358.9 35
1741129607884 14391.4 36
1741129617965 14365.3 37
1741129629294 14370.7 38
1741129639363 14365.8 39
1741129649412 14378.5 40
1741129659500 14360.9 41
1741129670645 14359.2 42
1741129680696 14363.3 43
1741129690800 14585.0 44
1741129700841 14402.3 45
1741129710874 14406.8 46
1741129720965 14404.8 47
1741129731006 14411.2 48
1741129741040 14413.3 49
1741129751130 14420.1 50
1741129761163 14413.6 51
1741129772348 14417.4 52
1741129782442 14411.3 53
1741129792475 14439.1 54
1741129802510 14433.4 55
1741129813543 14435.3 56
1741129823575 14444.5 57
1741129833626 14436.5 58
1741129843673 14736.7 59
1741129853717 14474.3 60
1741129863758 14491.4 61
1741129873801 14491.8 62
1741129883830 14490.5 63
1741129893866 14491.4 64
1741129903923 14494.7 65
1741129915074 14493.0 66
1741129925107 14499.3 67
1741129935138 14501.0 68
1741129945236 14538.1 69
1741129955277 14520.2 70
1741129965320 14521.3 71
1741129976479 14527.1 72
1741129986545 14530.6 73
1741129996796 14713.9 74
1741130006875 14493.6 75
1741130016917 14494.2 76
1741130026970 14493.8 77
1741130037051 14501.8 78
1741130047084 14502.9 79
1741130057126 14503.1 80
1741130067217 14501.2 81
1741130077245 14494.1 82
1741130088826 14497.3 83
1741130098921 14497.9 84
1741130109054 14523.9 85
1741130119123 14522.4 86
1741130129185 14529.3 87
1741130139292 14524.9 88
1741130149355 14557.5 89
1741130159399 14565.5 90
1741130169472 14577.1 91
1741130179544 14578.3 92
1741130189608 14572.2 93
1741130199706 14567.5 94
1741130209749 14571.1 95
1741130219802 14582.7 96
1741130229879 14585.0 97
1741130239911 14586.3 98
1741130249951 14607.5 99
1741130260038 14604.9 100
1741130270071 14607.5 101
1741130280116 14607.7 102
1741130290213 14610.0 103
1741130300261 14617.5 104
1741130311312 15060.7 105
1741130321421 14623.9 106
1741130331468 14394.1 107
1741130341509 14440.3 108
1741130351588 14468.1 109
1741130361635 14455.8 110
1741130371689 14475.7 111
1741130381783 14482.5 112
1741130391814 14472.4 113
1741130401865 14482.4 114
1741130411980 14494.9 115
1741130422010 14498.9 116
1741130432055 14498.3 117
1741130442159 14498.5 118
1741130452359 14496.2 119
1741130462449 14532.9 120
1741130472604 14525.8 121
1741130482630 14534.7 122
1741130492660 14537.8 123
1741130502753 14537.8 124
1741130512783 14544.2 125
1741130522844 14545.8 126
1741130532913 14553.1 127
1741130542969 14542.2 128
1741130552992 14543.8 129
1741130564388 14544.5 130
1741130574672 14540.8 131
1741130584943 14547.4 132
1741130595155 14549.3 133
1741130605331 14547.3 134
1741130615363 14544.6 135
1741130625406 14964.1 136
1741130636944 14619.2 137
1741130647213 14626.5 138
1741130657387 14602.5 139
1741130667479 14601.8 140
1741130677602 14598.0 141
1741130687883 14604.3 142
1741130697962 14612.1 143
1741130708225 14612.0 144
1741130718265 14611.7 145
1741130728550 14612.8 146
1741130738927 14607.6 147
1741130749377 14607.1 148
1741130759598 14610.3 149
1741130769661 14615.5 150
1741130779700 14622.3 151
1741130789841 14656.1 152
1741130800364 14650.5 153
1741130810681 14656.6 154
1741130820989 14669.7 155
1741130831393 14719.1 156
1741130841592 14695.9 157
1741130851840 14685.7 158
1741130862126 14675.6 159
1741130872451 14674.6 160
1741130882499 14708.5 161
1741130892572 14698.5 162
1741130902629 14693.4 163
1741130913046 14697.2 164
1741130923485 14685.0 165
1741130933551 14690.7 166
1741130944569 14815.4 167
1741130954945 14715.0 168
1741130965187 14722.3 169
1741130975683 14724.9 170
1741130985861 14723.4 171
1741130996243 14736.8 172
1741131006580 14740.9 173
1741131016782 14736.4 174
1741131027087 14740.3 175
1741131037583 14734.3 176
1741131048733 14773.1 177
1741131059372 14795.0 178
1741131069853 14799.9 179
1741131080493 14804.0 180
1741131091175 14802.4 181
1741131103662 14790.7 182
1741131114171 14768.8 183
1741131124523 14768.6 184
1741131134868 14776.9 185
1741131145347 14778.6 186
1741131155845 14776.6 187
1741131166252 14778.9 188
1741131176742 14778.5 189
1741131187127 14782.4 190
1741131197503 14774.3 191
1741131207601 14798.3 192
1741131217721 14795.7 193
1741131228634 14797.8 194
1741131239097 14627.5 195
1741131249745 14624.0 196
1741131259772 14621.8 197
1741131271162 14710.5 198
1741131281745 14662.9 199
1741131292466 14697.4 200
1741131302985 14719.1 201
1741131313453 14727.9 202
1741131323894 14722.8 203
1741131334424 14710.7 204
1741131344831 14715.6 205
1741131355364 14704.7 206
1741131365978 14713.6 207
1741131377213 14711.7 208
1741131388107 14733.6 209
1741131399026 14749.0 210
1741131410024 14755.5 211
1741131422251 14758.3 212
1741131433236 14744.9 213
1741131443855 14770.2 214
1741131454453 14769.2 215
1741131464879 14780.5 216
1741131475487 14788.0 217
1741131486020 14801.1 218
1741131496493 14801.9 219
1741131507100 14804.5 220
1741131517865 14796.1 221
1741131528504 14800.9 222
1741131538608 14803.4 223
1741131549025 14769.2 224
1741131559961 14762.8 225
1741131570915 14766.3 226
1741131581911 14759.8 227
1741131591976 14754.1 228
1741131603596 14866.5 229
1741131614216 14774.4 230
1741131624694 14769.3 231
1741131635389 14773.3 232
1741131645854 14781.6 233
1741131656559 14787.3 234
1741131667236 14798.1 235
1741131677878 14799.3 236
1741131688861 14795.7 237
1741131699526 14797.4 238
1741131709586 14810.1 239
1741131719679 14807.7 240
1741131730879 14814.1 241
1741131741844 14814.1 242
1741131752979 14813.8 243
1741131763096 14805.2 244
1741131773147 15226.5 245
1741131783200 14832.3 246
1741131793580 14873.0 247
1741131804252 14855.0 248
1741131815003 14849.1 249
1741131825811 14846.5 250
1741131836673 14849.4 251
1741131847458 14855.5 252
1741131858147 14859.7 253
1741131868875 14886.2 254
1741131878921 14879.2 255
1741131889108 14859.1 256
1741131900220 14866.7 257
1741131911131 14856.2 258
1741131922129 14857.8 259
1741131932246 14859.9 260
1741131942301 15241.9 261
1741131952348 14892.0 262
1741131963280 14903.7 263
1741131974025 14923.2 264
1741131985070 14923.9 265
1741131995931 14907.8 266
1741132006612 14905.5 267
1741132017498 14909.2 268
1741132028340 14916.2 269
1741132039395 14919.8 270
1741132049523 14945.8 271
1741132059590 14929.6 272
1741132071098 14936.2 273
1741132082146 14934.4 274
1741132093655 14935.9 275
1741132103697 14936.8 276
1741132113756 15329.0 277
1741132123998 14926.0 278
1741132134957 15038.6 279
1741132145834 14770.0 280
1741132156875 14786.3 281
1741132167826 14784.8 282
1741132178826 14768.9 283
1741132189814 14774.6 284
1741132200729 14781.6 285
1741132211816 14784.7 286
1741132221855 14785.3 287
1741132232530 14808.9 288
1741132244048 14809.8 289
1741132255515 14796.0 290
1741132266971 14804.9 291
1741132277091 14802.3 292
1741132287141 15200.8 293
1741132297483 14832.7 294
1741132308477 14841.4 295
1741132319757 14848.4 296
1741132330793 14857.7 297
1741132341873 14861.8 298
1741132352874 14865.2 299
1741132363890 14856.5 300
1741132375008 14847.8 301
1741132386088 14857.7 302
1741132396185 14865.0 303
1741132406919 14870.8 304
1741132418415 14864.4 305
1741132429725 14866.7 306
1741132441108 14881.2 307
1741132451171 14866.3 308
1741132461222 15286.3 309
1741132471483 14907.4 310
1741132482519 14911.2 311
1741132493702 14919.5 312
1741132504667 14964.6 313
1741132515659 14957.7 314
1741132526619 14949.7 315
1741132537731 14931.8 316
1741132548747 14936.5 317
1741132560008 14932.8 318
1741132570063 15001.6 319
1741132581152 15014.2 320
1741132592774 15013.6 321
1741132604284 14936.0 322
1741132614343 14932.0 323
1741132624401 14931.6 324
1741132635824 15194.5 325
1741132646924 14958.4 326
1741132658164 14963.9 327
1741132669587 14960.6 328
1741132680897 14975.4 329
1741132691935 15041.1 330
1741132703189 15038.3 331
1741132714158 14953.6 332
1741132725333 14948.4 333
1741132736619 14949.0 334
1741132746658 14960.9 335
1741132757923 14981.9 336
1741132767980 14981.6 337
1741132778589 14973.1 338
1741132790186 14976.3 339
1741132800317 14958.7 340
1741132810371 15031.1 341
1741132820565 14994.8 342
1741132831700 15002.5 343
1741132842803 15001.1 344
1741132854114 14999.2 345
1741132865442 15010.5 346
1741132876716 15004.0 347
1741132887961 15008.3 348
1741132899253 15008.2 349
1741132910476 15012.5 350
1741132920763 15019.7 351
1741132930834 15032.4 352
1741132941528 15026.6 353
1741132953200 15029.7 354
1741132964757 15028.9 355
1741132975082 15027.3 356
1741132986720 15060.5 357
1741132997902 15072.7 358
1741133009141 15074.5 359
1741133020524 15070.6 360
1741133031978 15070.8 361
1741133043215 14854.0 362
1741133054582 14872.0 363
1741133066006 14887.5 364
1741133077427 14880.4 365
1741133088728 14876.3 366
1741133099142 14875.1 367
1741133109180 14908.8 368
1741133119996 14917.4 369
1741133131682 14913.1 370
1741133141728 14905.2 371
1741133152786 14902.3 372
1741133166025 14896.4 373
1741133177326 14956.7 374
1741133188677 14953.3 375
1741133198745 14958.0 376
1741133208812 14958.3 377
1741133219390 14970.5 378
1741133230982 14972.3 379
1741133242353 14978.0 380
1741133254104 14975.5 381
1741133264144 15211.7 382
1741133274743 15371.6 383
1741133285191 15268.6 384
1741133295260 15277.7 385
1741133306655 15275.2 386
1741133318347 15237.1 387
1741133328400 15239.7 388
1741133338536 15211.7 389
1741133349538 15222.9 390
1741133361050 15247.3 391
1741133373121 15235.0 392
1741133383173 15456.1 393
1741133393734 15547.1 394
1741133405218 15420.8 395
1741133416622 15410.5 396
1741133427988 15313.9 397
1741133439367 15312.6 398
1741133450722 15270.6 399
1741133462373 15271.4 400
1741133472488 15281.4 401
1741133483440 15268.9 402
1741133493483 15265.4 403
1741133504303 15262.3 404
1741133514344 15261.7 405
1741133524394 15264.8 406
1741133534536 15349.6 407
1741133544593 15210.4 408
1741133555987 15243.4 409
1741133567650 15229.5 410
1741133579320 15253.0 411
1741133591061 15245.1 412
1741133602627 15252.2 413
1741133614240 15120.1 414
1741133625713 15103.8 415
1741133637494 15102.9 416
1741133648407 14994.6 417
1741133658487 14984.6 418
1741133669865 14994.8 419
1741133679912 14993.6 420
1741133691186 14991.6 421
1741133703150 14993.4 422
1741133716626 14973.4 423
1741133728235 15027.9 424
1741133739947 15019.9 425
1741133751527 15018.0 426
1741133763283 15024.1 427
1741133774781 15044.3 428
1741133786326 15047.8 429
1741133798020 15036.1 430
1741133809704 15034.6 431
1741133821416 15039.6 432
1741133832362 15054.7 433
1741133842439 15050.7 434
1741133854184 15038.5 435
1741133864295 14991.2 436
1741133875630 14994.7 437
1741133885698 15003.8 438
1741133895838 14991.4 439
1741133905909 15406.2 440
1741133917601 15004.5 441
1741133929383 15023.9 442
1741133941160 15043.1 443
1741133952948 14741.6 444
1741133964731 14803.2 445
1741133976352 14804.8 446
1741133987921 14810.4 447
1741133999475 14827.3 448
1741134011195 14823.1 449
1741134021278 14813.5 450
1741134031407 14829.4 451
1741134043249 14819.0 452
1741134053299 14822.7 453
1741134064996 14840.3 454
1741134075975 14829.7 455
1741134087932 14852.9 456
1741134099805 14900.7 457
1741134111535 14906.0 458
1741134123348 14921.7 459
1741134135022 14922.7 460
1741134146790 14924.9 461
1741134158621 14916.0 462
1741134168689 14905.2 463
1741134178790 14921.1 464
1741134190230 14922.6 465
1741134202070 14926.7 466
1741134212188 14926.5 467
1741134222231 14922.5 468
1741134233892 14930.2 469
1741134243942 14974.5 470
1741134255703 14979.9 471
1741134265801 14981.3 472
1741134275869 15017.7 473
1741134287402 15015.4 474
1741134297458 15010.3 475
1741134307543 15035.6 476
1741134319014 15038.4 477
1741134330962 15012.6 478
1741134342820 15007.1 479
1741134352883 15004.2 480
1741134362943 15006.3 481
1741134374526 15008.8 482
1741134384576 15015.0 483
1741134394635 15027.0 484
1741134406472 15017.2 485
1741134416545 15028.4 486
1741134426613 15036.4 487
1741134437789 15027.8 488
1741134447846 15035.5 489
1741134457913 15027.7 490
1741134468501 15402.4 491
1741134480498 15145.2 492
1741134492376 15152.7 493
1741134504318 15140.8 494
1741134516191 15128.6 495
1741134528117 15135.4 496
1741134538182 15144.1 497
1741134548266 15137.2 498
1741134560181 15149.4 499
1741134572059 15142.5 500
1741134583408 15141.1 501
1741134593452 15149.2 502
1741134603552 15130.4 503
1741134614999 15116.9 504
1741134625047 15127.4 505
1741134635116 15115.0 506
1741134645238 15116.3 507
1741134655302 15198.0 508
1741134666246 15172.6 509
1741134676359 15171.1 510
1741134686549 15170.3 511
1741134696590 15169.3 512
1741134706712 15169.3 513
1741134718665 15179.2 514
1741134728737 15179.3 515
1741134738852 15182.6 516
1741134748962 15192.2 517
1741134760905 15173.5 518
1741134771342 15169.4 519
1741134781467 15172.1 520
1741134791535 15188.1 521
1741134801584 15170.8 522
1741134813434 15180.5 523
1741134823479 15183.8 524
1741134834802 15179.0 525
1741134847003 15233.4 526
1741134859020 15046.0 527
1741134869165 15050.3 528
1741134879215 15040.9 529
1741134889269 15034.5 530
1741134899547 15055.9 531
1741134909626 15084.2 532
1741134919707 15083.0 533
1741134931690 15090.7 534
1741134941734 15076.5 535
1741134952002 15073.2 536
1741134964124 15073.1 537
1741134974182 15063.2 538
1741134984245 15083.3 539
1741134994344 15076.4 540
1741135004495 15091.1 541
1741135016230 15094.3 542
1741135027675 15098.4 543
1741135039824 15085.9 544
1741135049928 15157.3 545
1741135060305 15124.8 546
1741135070362 15222.3 547
1741135081206 15218.1 548
1741135091253 15233.8 549
1741135101413 15223.1 550
1741135113484 15223.9 551
1741135123531 15209.7 552
1741135134083 15196.8 553
1741135144193 15188.1 554
1741135154594 15186.4 555
1741135165536 15177.5 556
1741135175624 15188.1 557
1741135185666 15192.2 558
1741135195738 15232.3 559
1741135205784 15241.4 560
1741135217823 15235.0 561
1741135227907 15178.4 562
1741135239099 15553.4 563
1741135249158 15201.2 564
1741135260584 15370.2 565
1741135270633 15491.2 566
1741135282029 15523.8 567
1741135292084 15488.4 568
1741135302585 15450.4 569
1741135312652 15305.5 570
1741135322965 15256.2 571
1741135333016 15256.0 572
1741135343510 15258.6 573
1741135356108 15253.9 574
1741135366201 15251.1 575
1741135376250 15256.3 576
1741135386334 15258.9 577
1741135396404 15258.3 578
1741135406468 15243.0 579
1741135418401 15245.2 580
1741135428490 15234.0 581
1741135438570 15302.1 582
1741135449037 15299.4 583
1741135459097 15317.9 584
1741135469796 15269.1 585
1741135479861 15264.8 586
1741135490880 15266.8 587
1741135500922 15284.4 588
1741135511216 15270.2 589
1741135521261 15267.6 590
1741135531912 15283.8 591
1741135541991 15282.6 592
1741135552715 15280.6 593
1741135562804 15276.1 594
1741135572882 15292.6 595
1741135582957 15306.3 596
1741135593028 15302.6 597
1741135603095 15293.6 598
1741135613152 15283.2 599
1741135623225 15294.1 600
1741135634066 15687.7 601
1741135644140 15322.2 602
1741135654788 15326.0 603
1741135664870 15327.9 604
1741135675582 15313.7 605
1741135685703 15325.2 606
1741135696453 15333.6 607
1741135706519 15329.4 608
1741135717477 15321.4 609
1741135727560 15324.0 610
1741135738490 15357.0 611
1741135751261 15372.8 612
1741135761338 15056.9 613
1741135771399 15098.2 614
1741135781463 15067.2 615
1741135791566 15065.8 616
1741135801613 15083.2 617
1741135811682 15073.4 618
1741135821763 15084.0 619
1741135832633 15486.2 620
1741135842709 15133.7 621
1741135853416 15133.1 622
1741135863486 15157.3 623
1741135874264 15158.9 624
1741135884305 15163.8 625
1741135894896 15155.5 626
1741135904952 15158.1 627
1741135915808 15150.7 628
1741135925884 15162.3 629
1741135936609 15160.3 630
1741135949517 15164.6 631
1741135959685 15121.9 632
1741135969784 15135.6 633
1741135979863 15136.7 634
1741135989929 15148.0 635
1741136000016 15137.7 636
1741136010092 15138.9 637
1741136020134 15129.9 638
1741136031679 15503.9 639
1741136041757 15180.8 640
1741136052516 15194.9 641
1741136062591 15201.4 642
1741136073478 15194.2 643
1741136083528 15200.4 644
1741136094767 15203.4 645
1741136104840 15225.5 646
1741136115543 15223.3 647
1741136125582 15226.6 648
1741136136400 15211.5 649
1741136149284 15219.0 650
1741136159765 15241.0 651
1741136170071 15260.8 652
1741136180272 15253.7 653
1741136190456 15246.1 654
1741136200700 15273.6 655
1741136210787 15324.1 656
1741136220859 15291.8 657
