1741092728963 0.0 0
1741092739031 31.9 1
1741092749078 32.0 2
1741092759165 30.3 3
1741092769206 24.6 4
1741092779252 29.6 5
1741092789340 26.0 6
1741092799382 27.4 7
1741092809425 21.9 8
1741092819506 25.7 9
1741092829544 22.9 10
1741092839575 29.9 11
1741092849619 28.7 12
1741092859716 25.9 13
1741092869754 23.5 14
1741092879812 27.6 15
1741092889849 28.1 16
1741092899951 20.8 17
1741092909988 21.4 18
1741092920028 25.0 19
1741092930165 26.1 20
1741092940207 21.6 21
1741092950254 26.2 22
1741092960297 25.9 23
1741092970352 29.2 24
1741092980405 29.8 25
1741092990497 22.9 26
1741093000634 33.7 27
1741093010676 21.3 28
1741093020937 25.6 29
1741093031027 24.1 30
1741093041079 22.5 31
1741093051201 24.3 32
1741093061555 27.1 33
1741093071687 29.7 34
1741093081730 24.8 35
1741093091819 28.4 36
1741093101872 22.1 37
1741093111914 27.6 38
1741093121951 28.2 39
1741093132199 27.3 40
1741093142247 20.6 41
1741093152290 30.1 42
1741093162662 24.9 43
1741093172706 18.5 44
1741093182749 27.8 45
1741093192840 25.2 46
1741093202890 22.4 47
1741093212922 26.5 48
1741093223004 25.8 49
1741093233047 22.1 50
1741093243105 30.6 51
1741093253257 20.1 52
1741093263302 22.5 53
1741093273346 26.8 54
1741093283479 25.2 55
1741093293525 22.3 56
1741093303566 26.2 57
1741093313652 27.3 58
1741093323723 22.5 59
1741093333770 29.1 60
1741093343829 19.6 61
1741093353942 21.7 62
1741093363976 26.9 63
1741093374008 24.1 64
1741093384050 23.2 65
1741093394098 27.1 66
1741093404149 27.5 67
1741093414375 26.5 68
1741093424450 24.1 69
1741093434504 19.2 70
1741093444681 26.4 71
1741093454745 22.3 72
1741093464802 23.0 73
1741093474927 24.6 74
1741093484982 20.4 75
1741093495016 23.3 76
1741093505133 25.8 77
1741093515181 24.8 78
1741093525244 27.6 79
1741093535294 23.0 80
1741093545347 25.2 81
1741093555701 28.2 82
1741093565749 25.1 83
1741093575883 27.2 84
1741093586111 28.7 85
1741093596147 20.8 86
1741093606596 25.0 87
1741093617059 25.7 88
1741093627103 31.7 89
