1741092728963 46.2 0
1741092739031 46.2 1
1741092749078 46.2 2
1741092759165 46.2 3
1741092769206 46.2 4
1741092779252 46.2 5
1741092789340 46.2 6
1741092799382 46.2 7
1741092809425 46.2 8
1741092819506 46.2 9
1741092829544 46.2 10
1741092839575 46.2 11
1741092849619 46.2 12
1741092859716 46.2 13
1741092869754 46.2 14
1741092879812 46.2 15
1741092889849 46.2 16
1741092899951 46.2 17
1741092909988 46.2 18
1741092920028 46.2 19
1741092930165 46.2 20
1741092940207 46.2 21
1741092950254 46.2 22
1741092960297 46.2 23
1741092970352 46.2 24
1741092980405 46.2 25
1741092990497 46.2 26
1741093000634 46.2 27
1741093010676 46.2 28
1741093020937 46.2 29
1741093031027 46.2 30
1741093041079 46.2 31
1741093051201 46.2 32
1741093061555 46.2 33
1741093071687 46.2 34
1741093081730 46.2 35
1741093091819 46.2 36
1741093101872 46.2 37
1741093111914 46.2 38
1741093121951 46.2 39
1741093132199 46.2 40
1741093142247 46.2 41
1741093152290 46.2 42
1741093162662 46.2 43
1741093172706 46.2 44
1741093182749 46.2 45
1741093192840 46.2 46
1741093202890 46.2 47
1741093212922 46.2 48
1741093223004 46.2 49
1741093233047 46.2 50
1741093243105 46.2 51
1741093253257 46.2 52
1741093263302 46.2 53
1741093273346 46.2 54
1741093283479 46.2 55
1741093293525 46.2 56
1741093303566 46.2 57
1741093313652 46.2 58
1741093323723 46.2 59
1741093333770 46.2 60
1741093343829 46.2 61
1741093353942 46.2 62
1741093363976 46.2 63
1741093374008 46.2 64
1741093384050 46.2 65
1741093394098 46.2 66
1741093404149 46.2 67
1741093414375 46.2 68
1741093424450 46.2 69
1741093434504 46.2 70
1741093444681 46.2 71
1741093454745 46.2 72
1741093464802 46.2 73
1741093474927 46.2 74
1741093484982 46.2 75
1741093495016 46.2 76
1741093505133 46.2 77
1741093515181 46.2 78
1741093525244 46.2 79
1741093535294 46.2 80
1741093545347 46.2 81
1741093555701 46.2 82
1741093565749 46.2 83
1741093575883 46.2 84
1741093586111 46.2 85
1741093596147 46.2 86
1741093606596 46.2 87
1741093617059 46.2 88
1741093627103 46.2 89
