1741092728963 253075.4 0
1741092739031 253075.4 1
1741092749078 253075.4 2
1741092759165 253075.4 3
1741092769206 253075.4 4
1741092779252 253075.4 5
1741092789340 253075.4 6
1741092799382 253075.4 7
1741092809425 253076.0 8
1741092819506 253087.2 9
1741092829544 253087.2 10
1741092839575 253087.2 11
1741092849619 253087.2 12
1741092859716 253087.2 13
1741092869754 253087.2 14
1741092879812 253087.2 15
1741092889849 253087.7 16
1741092899951 253087.7 17
1741092909988 253087.7 18
1741092920028 253087.7 19
1741092930165 253087.7 20
1741092940207 253087.7 21
1741092950254 253087.7 22
1741092960297 253087.7 23
1741092970352 253087.7 24
1741092980405 253088.2 25
1741092990497 253088.2 26
1741093000634 253088.2 27
1741093010676 253088.3 28
1741093020937 253088.3 29
1741093031027 253088.3 30
1741093041079 253088.3 31
1741093051201 253088.3 32
1741093061555 253088.3 33
1741093071687 253088.7 34
1741093081730 253088.7 35
1741093091819 253088.7 36
1741093101872 253088.7 37
1741093111914 253088.7 38
1741093121951 253088.7 39
1741093132199 253088.7 40
1741093142247 253088.7 41
1741093152290 253088.7 42
1741093162662 253089.2 43
1741093172706 253089.2 44
1741093182749 253089.2 45
1741093192840 253089.2 46
1741093202890 253089.2 47
1741093212922 253089.2 48
1741093223004 253089.2 49
1741093233047 253089.2 50
1741093243105 253089.2 51
1741093253257 253089.6 52
1741093263302 253089.6 53
1741093273346 253089.6 54
1741093283479 253089.6 55
1741093293525 253089.6 56
1741093303566 253089.6 57
1741093313652 253089.6 58
1741093323723 253089.6 59
1741093333770 253090.0 60
1741093343829 253090.0 61
1741093353942 253090.0 62
1741093363976 253090.0 63
1741093374008 253090.0 64
1741093384050 253090.0 65
1741093394098 253090.0 66
1741093404149 253090.0 67
1741093414375 253090.0 68
1741093424450 253090.0 69
1741093434504 253090.5 70
1741093444681 253090.5 71
1741093454745 253090.5 72
1741093464802 253090.5 73
1741093474927 253090.5 74
1741093484982 253090.5 75
1741093495016 253090.5 76
1741093505133 253091.0 77
1741093515181 253091.0 78
1741093525244 253091.0 79
1741093535294 253091.4 80
1741093545347 253091.4 81
1741093555701 253091.4 82
1741093565749 253091.4 83
1741093575883 253091.4 84
1741093586111 253091.4 85
1741093596147 253091.4 86
1741093606596 253091.4 87
1741093617059 253091.4 88
1741093627103 253091.4 89
