1741092728963 295283.7 0
1741092739031 295283.7 1
1741092749078 295283.7 2
1741092759165 295283.7 3
1741092769206 295283.7 4
1741092779252 295283.7 5
1741092789340 295283.7 6
1741092799382 295283.7 7
1741092809425 295283.1 8
1741092819506 295272.0 9
1741092829544 295272.0 10
1741092839575 295272.0 11
1741092849619 295272.0 12
1741092859716 295272.0 13
1741092869754 295272.0 14
1741092879812 295272.0 15
1741092889849 295271.4 16
1741092899951 295271.4 17
1741092909988 295271.4 18
1741092920028 295271.4 19
1741092930165 295271.4 20
1741092940207 295271.4 21
1741092950254 295271.4 22
1741092960297 295271.4 23
1741092970352 295271.4 24
1741092980405 295270.9 25
1741092990497 295270.9 26
1741093000634 295270.9 27
1741093010676 295270.9 28
1741093020937 295270.9 29
1741093031027 295270.9 30
1741093041079 295270.9 31
1741093051201 295270.9 32
1741093061555 295270.9 33
1741093071687 295270.4 34
1741093081730 295270.4 35
1741093091819 295270.4 36
1741093101872 295270.4 37
1741093111914 295270.4 38
1741093121951 295270.4 39
1741093132199 295270.4 40
1741093142247 295270.4 41
1741093152290 295270.4 42
1741093162662 295269.9 43
1741093172706 295269.9 44
1741093182749 295269.9 45
1741093192840 295269.9 46
1741093202890 295269.9 47
1741093212922 295269.9 48
1741093223004 295269.9 49
1741093233047 295269.9 50
1741093243105 295269.9 51
1741093253257 295269.5 52
1741093263302 295269.5 53
1741093273346 295269.5 54
1741093283479 295269.5 55
1741093293525 295269.5 56
1741093303566 295269.5 57
1741093313652 295269.5 58
1741093323723 295269.5 59
1741093333770 295269.1 60
1741093343829 295269.1 61
1741093353942 295269.1 62
1741093363976 295269.1 63
1741093374008 295269.1 64
1741093384050 295269.1 65
1741093394098 295269.1 66
1741093404149 295269.1 67
1741093414375 295269.1 68
1741093424450 295269.1 69
1741093434504 295268.6 70
1741093444681 295268.6 71
1741093454745 295268.6 72
1741093464802 295268.6 73
1741093474927 295268.6 74
1741093484982 295268.6 75
1741093495016 295268.6 76
1741093505133 295268.1 77
1741093515181 295268.1 78
1741093525244 295268.1 79
1741093535294 295267.7 80
1741093545347 295267.7 81
1741093555701 295267.7 82
1741093565749 295267.7 83
1741093575883 295267.7 84
1741093586111 295267.7 85
1741093596147 295267.7 86
1741093606596 295267.7 87
1741093617059 295267.7 88
1741093627103 295267.7 89
