1741092728963 0.007914000000027954 0
1741092739031 1.5757070000000795 1
1741092749078 2.6095750000000635 2
1741092759165 4.1767580000000635 3
1741092769206 5.528788000000077 4
1741092779252 6.986631999999986 5
1741092789340 8.877313000000072 6
1741092799382 9.562559000000078 7
1741092809425 13.110790000000065 8
1741092819506 27.77308000000005 9
1741092829544 33.84946200000002 10
1741092839575 42.52589499999999 11
1741092849619 51.58140700000001 12
1741092859716 60.55287600000008 13
1741092869754 68.97046399999999 14
1741092879812 75.96932100000004 15
1741092889849 82.679621 16
1741092899951 84.29014100000006 17
1741092909988 84.35601400000007 18
1741092920028 84.41581400000007 19
1741092930165 84.49705700000004 20
1741092940207 84.54919200000006 21
1741092950254 84.61065700000006 22
1741092960297 84.67023900000004 23
1741092970352 84.72310400000003 24
1741092980405 84.87723100000005 25
1741092990497 84.97712000000001 26
1741093000634 85.028461 27
1741093010676 86.56203800000003 28
1741093020937 87.973434 29
1741093031027 89.31551300000001 30
1741093041079 90.08280100000002 31
1741093051201 90.193261 32
1741093061555 90.39155100000005 33
1741093071687 90.45296700000006 34
1741093081730 90.52750800000001 35
1741093091819 90.59955100000002 36
1741093101872 90.66513300000008 37
1741093111914 90.72458200000005 38
1741093121951 90.91208100000006 39
1741093132199 91.24133900000004 40
1741093142247 93.78925600000002 41
1741093152290 93.97261400000002 42
1741093162662 94.15481599999998 43
1741093172706 94.212354 44
1741093182749 95.94089400000007 45
1741093192840 100.90103599999998 46
1741093202890 109.62681200000009 47
1741093212922 110.61797400000012 48
1741093223004 112.07334800000001 49
1741093233047 113.13865799999996 50
1741093243105 113.71183200000007 51
1741093253257 119.23040700000013 52
1741093263302 121.74250300000006 53
1741093273346 139.43794000000014 54
1741093283479 141.44617200000005 55
1741093293525 143.72236899999996 56
1741093303566 145.743781 57
1741093313652 152.473521 58
1741093323723 162.21978100000013 59
1741093333770 163.91821700000003 60
1741093343829 165.71391000000006 61
1741093353942 165.84012900000005 62
1741093363976 176.7233930000001 63
1741093374008 176.80295000000012 64
1741093384050 180.29045400000007 65
1741093394098 185.55550099999994 66
1741093404149 185.68730799999992 67
1741093414375 185.76326699999993 68
1741093424450 185.8290720000001 69
1741093434504 185.90054399999997 70
1741093444681 185.96133799999996 71
1741093454745 186.04810099999997 72
1741093464802 186.12406 73
1741093474927 186.18084299999998 74
1741093484982 186.29000499999995 75
1741093495016 186.352665 76
1741093505133 186.42901599999993 77
1741093515181 186.522337 78
1741093525244 186.604381 79
1741093535294 186.80614400000002 80
1741093545347 186.875447 81
1741093555701 186.94409099999996 82
1741093565749 187.04346900000007 83
1741093575883 187.11536200000012 84
1741093586111 187.17305199999998 85
1741093596147 187.218927 86
1741093606596 187.30211900000006 87
1741093617059 187.60934800000007 88
1741093627103 188.22462899999994 89
