1741092728963 0.008689000000003944 0
1741092739031 2.7861970000001293 1
1741092749078 4.3659110000000965 2
1741092759165 6.63134500000001 3
1741092769206 8.586123000000043 4
1741092779252 11.117410000000064 5
1741092789340 14.031073000000106 6
1741092799382 15.667554999999993 7
1741092809425 20.26239099999998 8
1741092819506 35.72959900000001 9
1741092829544 42.55596700000001 10
1741092839575 52.31079100000011 11
1741092849619 62.68857500000013 12
1741092859716 72.55041299999993 13
1741092869754 82.07306100000005 14
1741092879812 89.77734800000007 15
1741092889849 97.52434500000004 16
1741092899951 100.26085200000011 17
1741092909988 101.42544599999997 18
1741092920028 102.42344600000001 19
1741092930165 103.47255100000007 20
1741092940207 104.51316199999997 21
1741092950254 105.84071599999993 22
1741092960297 106.91506299999992 23
1741092970352 107.79297599999995 24
1741092980405 109.04190599999993 25
1741092990497 109.94150200000013 26
1741093000634 110.66531499999996 27
1741093010676 112.87836500000003 28
1741093020937 114.68834400000014 29
1741093031027 116.32997300000011 30
1741093041079 117.4749240000001 31
1741093051201 118.14988599999992 32
1741093061555 118.78104699999994 33
1741093071687 119.84121299999993 34
1741093081730 120.227576 35
1741093091819 120.59450500000003 36
1741093101872 121.04512100000011 37
1741093111914 121.44213000000013 38
1741093121951 122.18420100000003 39
1741093132199 123.099782 40
1741093142247 126.21714900000006 41
1741093152290 126.8705910000001 42
1741093162662 127.99181700000008 43
1741093172706 128.8530330000001 44
1741093182749 131.74295899999993 45
1741093192840 137.64532899999995 46
1741093202890 147.00262900000007 47
1741093212922 148.77651300000002 48
1741093223004 151.41879599999993 49
1741093233047 153.22904700000004 50
1741093243105 154.08447 51
1741093253257 160.02794399999993 52
1741093263302 163.13919600000008 53
1741093273346 181.52689600000008 54
1741093283479 184.39969500000007 55
1741093293525 187.27282200000013 56
1741093303566 189.926643 57
1741093313652 197.40861199999995 58
1741093323723 207.81231500000013 59
1741093333770 210.121261 60
1741093343829 212.8200710000001 61
1741093353942 213.312639 62
1741093363976 225.19860799999992 63
1741093374008 225.904855 64
1741093384050 229.81788600000004 65
1741093394098 235.65321799999992 66
1741093404149 236.056873 67
1741093414375 236.4157090000001 68
1741093424450 236.77916000000005 69
1741093434504 237.650265 70
1741093444681 238.30594500000007 71
1741093454745 238.9567300000001 72
1741093464802 239.66868399999998 73
1741093474927 240.17667400000005 74
1741093484982 240.65749499999993 75
1741093495016 241.22064 76
1741093505133 241.74555899999996 77
1741093515181 242.14315299999998 78
1741093525244 242.89402300000006 79
1741093535294 243.3382200000001 80
1741093545347 243.97132800000009 81
1741093555701 244.296155 82
1741093565749 244.67631600000004 83
1741093575883 245.08260500000006 84
1741093586111 245.515087 85
1741093596147 245.791467 86
1741093606596 246.060389 87
1741093617059 247.33269799999994 88
1741093627103 254.72079299999996 89
