1741092728963 73.2 0
1741092739031 78.1 1
1741092749078 78.8 2
1741092759165 79.5 3
1741092769206 79.4 4
1741092779252 80.2 5
1741092789340 80.6 6
1741092799382 80.5 7
1741092809425 82.8 8
1741092819506 81.5 9
1741092829544 82.2 10
1741092839575 83.8 11
1741092849619 84.9 12
1741092859716 85.4 13
1741092869754 85.8 14
1741092879812 82.1 15
1741092889849 82.5 16
1741092899951 82.1 17
1741092909988 82.5 18
1741092920028 82.5 19
1741092930165 83.3 20
1741092940207 84.0 21
1741092950254 84.4 22
1741092960297 85.1 23
1741092970352 81.5 24
1741092980405 83.5 25
1741092990497 82.7 26
1741093000634 83.5 27
1741093010676 83.4 28
1741093020937 83.6 29
1741093031027 84.3 30
1741093041079 85.5 31
1741093051201 86.2 32
1741093061555 83.5 33
1741093071687 83.4 34
1741093081730 83.6 35
1741093091819 83.1 36
1741093101872 83.4 37
1741093111914 83.9 38
1741093121951 84.7 39
1741093132199 85.3 40
1741093142247 82.2 41
1741093152290 81.9 42
1741093162662 83.7 43
1741093172706 82.5 44
1741093182749 83.1 45
1741093192840 83.7 46
1741093202890 84.4 47
1741093212922 85.2 48
1741093223004 85.9 49
1741093233047 82.4 50
1741093243105 82.3 51
1741093253257 83.3 52
1741093263302 83.6 53
1741093273346 83.8 54
1741093283479 83.7 55
1741093293525 84.4 56
1741093303566 85.0 57
1741093313652 85.6 58
1741093323723 82.5 59
1741093333770 83.4 60
1741093343829 83.4 61
1741093353942 83.8 62
1741093363976 84.4 63
1741093374008 85.1 64
1741093384050 85.4 65
1741093394098 86.4 66
1741093404149 86.8 67
1741093414375 82.6 68
1741093424450 82.3 69
1741093434504 82.7 70
1741093444681 82.6 71
1741093454745 83.1 72
1741093464802 83.6 73
1741093474927 84.2 74
1741093484982 84.9 75
1741093495016 85.2 76
1741093505133 86.5 77
1741093515181 85.0 78
1741093525244 84.9 79
1741093535294 86.9 80
1741093545347 86.0 81
1741093555701 87.2 82
1741093565749 87.5 83
1741093575883 87.5 84
1741093586111 87.0 85
1741093596147 87.6 86
1741093606596 88.8 87
1741093617059 87.4 88
1741093627103 87.6 89
