1741092728963 12348.9 0
1741092739031 13175.4 1
1741092749078 13287.3 2
1741092759165 13406.2 3
1741092769206 13384.3 4
1741092779252 13521.1 5
1741092789340 13594.1 6
1741092799382 13572.8 7
1741092809425 13965.2 8
1741092819506 13753.5 9
1741092829544 13858.1 10
1741092839575 14141.1 11
1741092849619 14320.6 12
1741092859716 14398.0 13
1741092869754 14471.4 14
1741092879812 13846.3 15
1741092889849 13909.7 16
1741092899951 13853.6 17
1741092909988 13906.8 18
1741092920028 13915.2 19
1741092930165 14043.8 20
1741092940207 14161.9 21
1741092950254 14236.5 22
1741092960297 14350.5 23
1741092970352 13751.3 24
1741092980405 14082.8 25
1741092990497 13956.6 26
1741093000634 14077.2 27
1741093010676 14069.4 28
1741093020937 14095.2 29
1741093031027 14221.5 30
1741093041079 14424.6 31
1741093051201 14533.0 32
1741093061555 14085.6 33
1741093071687 14060.9 34
1741093081730 14108.1 35
1741093091819 14009.9 36
1741093101872 14066.1 37
1741093111914 14154.0 38
1741093121951 14288.1 39
1741093132199 14391.2 40
1741093142247 13858.7 41
1741093152290 13816.6 42
1741093162662 14118.1 43
1741093172706 13920.1 44
1741093182749 14012.3 45
1741093192840 14124.7 46
1741093202890 14240.8 47
1741093212922 14377.5 48
1741093223004 14486.8 49
1741093233047 13895.7 50
1741093243105 13874.5 51
1741093253257 14042.7 52
1741093263302 14095.5 53
1741093273346 14142.2 54
1741093283479 14111.5 55
1741093293525 14238.0 56
1741093303566 14334.0 57
1741093313652 14439.8 58
1741093323723 13918.8 59
1741093333770 14075.0 60
1741093343829 14073.0 61
1741093353942 14126.1 62
1741093363976 14235.9 63
1741093374008 14349.4 64
1741093384050 14409.0 65
1741093394098 14580.2 66
1741093404149 14636.6 67
1741093414375 13924.8 68
1741093424450 13875.8 69
1741093434504 13957.3 70
1741093444681 13935.8 71
1741093454745 14023.7 72
1741093464802 14106.4 73
1741093474927 14209.1 74
1741093484982 14319.0 75
1741093495016 14376.7 76
1741093505133 14589.9 77
1741093515181 14332.1 78
1741093525244 14312.2 79
1741093535294 14652.2 80
1741093545347 14507.2 81
1741093555701 14712.6 82
1741093565749 14753.6 83
1741093575883 14761.7 84
1741093586111 14676.4 85
1741093596147 14773.7 86
1741093606596 14979.9 87
1741093617059 14748.6 88
1741093627103 14775.9 89
