1741092728960 0.0 0
1741092739005 31.7 1
1741092749052 32.1 2
1741092759169 30.3 3
1741092769230 24.6 4
1741092779281 29.6 5
1741092789374 26.0 6
1741092799413 27.5 7
1741092809460 21.7 8
1741092819552 25.7 9
1741092829591 22.9 10
1741092839629 30.0 11
1741092849669 28.8 12
1741092859764 25.9 13
1741092869805 23.5 14
1741092879851 27.6 15
1741092889897 28.0 16
1741092900030 20.8 17
1741092910067 21.4 18
1741092920120 25.3 19
1741092930221 25.8 20
1741092940282 21.6 21
1741092950318 26.2 22
1741092960560 25.9 23
1741092970638 29.1 24
1741092980694 29.5 25
1741092990774 23.7 26
1741093000901 33.1 27
1741093011197 21.2 28
1741093021260 25.1 29
1741093031349 25.7 30
1741093041398 21.4 31
1741093051451 24.4 32
1741093061782 28.5 33
1741093072082 28.3 34
1741093082121 24.8 35
1741093092204 29.5 36
1741093102244 21.2 37
1741093112290 28.5 38
1741093122444 27.3 39
1741093132565 27.0 40
1741093142620 22.1 41
1741093152666 28.8 42
1741093162755 24.5 43
1741093172799 19.3 44
1741093182845 27.3 45
1741093192951 25.2 46
1741093203001 23.0 47
1741093213047 25.9 48
1741093223147 25.7 49
1741093233192 22.6 50
1741093243232 30.1 51
1741093253344 20.5 52
1741093263665 22.3 53
1741093273706 26.1 54
1741093283788 25.4 55
1741093293858 22.4 56
1741093303896 26.0 57
1741093313945 27.6 58
1741093323989 23.6 59
1741093334024 28.1 60
1741093344067 19.7 61
1741093354162 22.0 62
1741093364199 26.6 63
1741093374263 24.8 64
1741093384382 23.7 65
1741093394426 26.0 66
1741093404473 27.3 67
1741093414579 27.6 68
1741093424618 22.9 69
1741093434667 19.4 70
1741093444808 26.3 71
1741093454859 22.4 72
1741093464904 23.3 73
1741093475040 24.1 74
1741093485090 20.5 75
1741093495138 23.3 76
1741093505246 25.9 77
1741093515301 24.8 78
1741093525352 27.4 79
1741093535402 23.2 80
1741093545458 25.4 81
1741093555706 27.9 82
1741093565777 25.1 83
1741093575863 27.1 84
1741093586112 28.8 85
1741093596183 20.8 86
1741093606602 24.9 87
1741093617063 25.8 88
1741093627131 31.7 89
1741093637231 22.8 90
1741093647553 29.9 91
1741093657607 27.4 92
1741093667722 31.8 93
1741093677773 30.9 94
1741093688094 35.1 95
1741093698216 32.7 96
1741093708276 36.0 97
1741093718326 37.1 98
1741093728370 30.5 99
1741093738480 34.8 100
1741093748601 27.9 101
1741093758655 30.1 102
1741093768760 21.4 103
1741093778808 24.2 104
1741093789128 28.1 105
1741093799434 26.5 106
1741093809471 24.3 107
1741093819934 26.6 108
1741093830018 27.9 109
1741093840073 27.1 110
1741093850134 29.6 111
1741093860240 31.9 112
1741093870282 27.6 113
1741093880318 24.3 114
1741093890420 26.3 115
1741093900689 23.6 116
1741093911116 25.0 117
1741093921408 26.3 118
1741093931443 23.3 119
1741093941492 24.9 120
1741093951531 27.3 121
1741093961634 21.8 122
1741093971670 28.2 123
1741093981869 28.2 124
1741093991959 27.4 125
1741094002011 17.8 126
1741094012230 26.5 127
1741094022402 25.4 128
1741094032851 22.9 129
1741094042893 25.8 130
1741094052983 26.0 131
1741094063031 23.5 132
1741094073184 26.5 133
1741094083525 25.9 134
1741094093784 26.4 135
1741094103815 29.6 136
1741094114116 28.5 137
1741094124155 16.8 138
1741094134195 29.2 139
1741094144284 27.9 140
1741094154335 23.3 141
1741094164767 27.7 142
1741094174854 24.1 143
1741094185163 23.3 144
1741094195224 28.8 145
1741094205327 32.1 146
1741094215469 29.3 147
1741094225515 32.9 148
1741094236242 30.0 149
1741094246284 20.3 150
1741094256330 29.2 151
1741094266370 26.0 152
1741094276423 26.9 153
1741094286892 25.5 154
1741094297048 28.2 155
1741094307100 24.0 156
1741094317184 28.9 157
1741094327432 21.8 158
1741094337871 27.1 159
1741094348634 27.5 160
1741094358741 24.0 161
1741094368794 19.6 162
1741094379081 24.8 163
1741094389477 24.0 164
1741094400017 21.2 165
1741094410074 25.7 166
1741094420200 24.4 167
1741094430252 21.9 168
1741094440675 25.7 169
1741094451169 22.7 170
1741094461766 25.1 171
1741094471837 27.8 172
1741094481935 25.6 173
1741094492587 16.4 174
1741094502653 27.0 175
1741094512751 23.9 176
1741094522790 21.9 177
1741094533259 25.0 178
1741094543867 23.1 179
1741094554010 21.8 180
1741094564283 24.0 181
1741094574351 25.2 182
1741094584716 29.1 183
1741094594771 27.4 184
1741094604848 27.4 185
1741094615257 24.4 186
1741094625327 22.2 187
1741094635363 26.1 188
1741094645474 25.5 189
1741094655510 21.6 190
1741094665557 24.8 191
1741094676663 25.5 192
1741094686725 19.9 193
1741094696957 27.4 194
1741094707048 27.0 195
1741094717095 24.9 196
1741094727218 22.7 197
1741094737313 20.3 198
1741094747372 22.6 199
1741094757443 25.5 200
1741094768166 25.3 201
1741094778214 21.9 202
1741094788254 25.6 203
1741094798379 26.9 204
1741094808445 20.6 205
1741094818829 26.7 206
1741094828933 26.1 207
1741094838986 25.0 208
1741094849030 24.8 209
1741094859178 18.8 210
1741094869223 22.9 211
1741094879260 26.3 212
1741094889311 23.4 213
1741094899351 22.2 214
1741094909391 24.3 215
1741094920177 26.9 216
1741094930275 21.5 217
1741094940330 21.7 218
1741094950378 27.8 219
1741094960509 27.8 220
1741094970561 27.7 221
1741094980665 43.2 222
1741094990764 24.2 223
1741095000815 23.9 224
1741095010865 24.7 225
1741095020963 24.1 226
1741095031007 21.6 227
1741095041050 22.7 228
1741095051152 26.0 229
1741095061199 21.2 230
1741095071247 23.6 231
1741095081393 26.8 232
1741095091445 24.1 233
1741095101488 24.3 234
1741095111612 19.7 235
1741095121654 19.8 236
1741095131708 24.9 237
1741095142259 25.0 238
1741095152307 20.0 239
1741095162351 25.9 240
1741095173133 25.7 241
1741095183494 20.2 242
1741095193541 23.3 243
1741095203669 28.1 244
1741095213712 23.7 245
1741095223911 24.4 246
1741095234021 18.1 247
1741095244065 23.9 248
1741095254107 23.9 249
1741095264205 23.6 250
1741095274633 22.2 251
1741095284684 21.7 252
1741095294912 25.6 253
1741095304963 20.8 254
1741095315005 23.9 255
1741095325046 27.4 256
1741095335697 23.4 257
1741095346488 24.4 258
1741095356525 18.2 259
1741095366619 26.1 260
1741095376674 20.9 261
1741095386718 23.2 262
1741095397310 24.8 263
1741095407345 19.2 264
1741095417835 25.4 265
1741095427975 24.5 266
1741095438231 18.9 267
1741095448270 26.2 268
1741095458382 25.8 269
1741095468426 24.0 270
1741095478470 19.1 271
1741095488571 23.1 272
1741095498621 20.5 273
1741095508663 24.2 274
1741095518760 24.8 275
1741095529518 22.5 276
1741095539568 22.4 277
1741095549842 25.1 278
1741095560483 19.7 279
1741095570748 22.1 280
1741095580800 25.6 281
1741095590982 23.8 282
1741095601049 23.6 283
1741095611108 18.1 284
1741095621237 23.1 285
1741095631286 22.2 286
1741095641346 24.5 287
1741095651448 23.7 288
1741095661484 22.1 289
1741095671548 22.7 290
1741095681874 22.6 291
1741095692205 19.1 292
1741095702581 24.4 293
1741095712842 26.0 294
1741095722881 21.7 295
1741095733405 21.7 296
1741095743503 19.9 297
1741095753793 21.8 298
1741095763843 22.6 299
1741095774080 24.1 300
1741095784126 19.1 301
1741095794850 24.7 302
1741095805462 23.7 303
1741095815685 38.8 304
1741095825735 25.2 305
1741095835834 34.6 306
1741095846096 27.0 307
1741095856143 28.0 308
1741095866187 30.0 309
1741095876295 20.9 310
1741095886334 28.7 311
1741095896393 26.0 312
1741095906947 25.7 313
1741095917000 24.5 314
1741095927046 27.0 315
1741095937153 25.8 316
1741095947867 21.5 317
1741095957928 24.1 318
1741095968041 39.1 319
1741095978195 22.8 320
1741095988230 24.2 321
1741095998338 26.7 322
1741096008386 15.5 323
1741096019117 26.3 324
1741096029241 29.8 325
1741096039308 31.1 326
1741096049359 28.7 327
1741096060144 27.0 328
1741096070202 23.8 329
1741096080257 31.9 330
1741096090544 28.7 331
1741096101483 25.2 332
1741096111527 28.8 333
1741096121570 29.4 334
1741096131641 24.3 335
1741096141691 30.7 336
1741096151738 24.9 337
1741096162220 22.0 338
1741096172284 24.2 339
1741096182340 25.0 340
1741096192971 28.3 341
1741096203015 21.2 342
1741096213069 26.1 343
1741096223934 23.0 344
1741096233978 19.2 345
1741096244039 23.4 346
1741096254137 23.8 347
1741096264922 21.3 348
1741096274971 25.1 349
1741096285073 26.0 350
1741096295123 18.4 351
1741096305915 18.5 352
1741096316009 21.5 353
1741096326098 19.1 354
1741096336139 20.7 355
1741096346429 22.9 356
1741096356476 18.4 357
1741096367189 23.0 358
1741096377267 20.9 359
1741096388060 22.9 360
1741096398707 19.9 361
1741096409624 21.5 362
1741096420078 25.8 363
1741096430151 21.8 364
1741096440214 23.4 365
1741096450789 16.9 366
1741096460855 18.1 367
1741096470916 24.6 368
1741096481027 22.6 369
1741096491071 19.5 370
1741096501131 30.9 371
1741096511225 24.6 372
1741096521264 27.6 373
1741096531303 26.5 374
1741096542166 30.3 375
1741096552936 24.4 376
1741096563000 22.7 377
1741096573990 31.5 378
1741096585451 27.2 379
1741096596765 21.6 380
1741096606810 17.5 381
1741096617132 22.9 382
1741096627210 17.3 383
1741096637916 22.2 384
1741096647978 20.9 385
1741096658108 24.5 386
1741096668344 21.2 387
1741096678386 23.3 388
1741096689409 24.3 389
1741096699623 18.2 390
1741096709846 32.6 391
1741096719963 24.6 392
1741096730030 26.5 393
1741096740971 25.1 394
1741096752566 21.4 395
1741096762695 14.4 396
1741096772747 27.4 397
1741096782783 28.2 398
1741096793223 21.2 399
1741096803297 23.4 400
1741096813387 24.3 401
1741096823526 24.6 402
1741096833834 31.8 403
1741096843894 21.8 404
1741096853996 28.4 405
1741096864683 21.8 406
1741096874761 18.7 407
1741096884872 25.3 408
1741096895777 21.2 409
1741096905865 23.4 410
1741096916270 20.7 411
1741096926350 16.1 412
1741096936394 24.9 413
1741096946504 26.8 414
1741096956545 24.6 415
1741096966587 25.2 416
1741096977528 26.3 417
1741096987596 26.3 418
1741096997646 23.7 419
1741097007747 22.7 420
1741097018639 23.9 421
1741097029219 23.3 422
1741097039275 25.9 423
1741097049715 25.7 424
1741097059884 23.1 425
1741097069934 22.5 426
1741097080049 31.7 427
1741097090107 29.9 428
1741097100167 24.9 429
1741097110725 23.2 430
1741097120789 19.7 431
1741097130841 24.6 432
1741097141941 20.5 433
1741097151980 21.7 434
1741097163026 22.1 435
1741097173190 22.6 436
1741097184229 22.2 437
1741097194276 20.5 438
1741097204731 24.8 439
1741097214855 23.0 440
1741097224899 22.1 441
1741097235329 22.0 442
1741097245445 28.6 443
1741097255489 24.5 444
1741097265541 22.5 445
1741097275647 26.8 446
1741097285702 20.3 447
1741097295739 30.0 448
1741097306674 26.4 449
1741097316729 19.8 450
1741097326781 24.5 451
1741097337760 22.3 452
1741097348753 17.1 453
1741097358800 19.6 454
1741097369823 24.0 455
1741097381782 21.6 456
1741097392426 19.2 457
1741097402486 19.6 458
1741097412579 25.4 459
1741097422636 19.3 460
1741097433462 23.7 461
1741097443590 23.2 462
1741097453638 20.3 463
1741097464398 20.4 464
1741097474473 21.7 465
1741097484612 22.1 466
1741097494661 21.3 467
1741097506538 25.1 468
1741097516690 21.1 469
1741097526744 23.7 470
1741097536787 31.3 471
1741097546884 27.9 472
1741097556948 28.6 473
1741097566991 17.8 474
1741097577765 23.1 475
1741097587818 17.9 476
1741097597851 24.0 477
1741097607979 22.5 478
1741097618036 24.5 479
1741097628085 31.1 480
1741097638208 33.4 481
1741097648249 25.3 482
1741097658297 24.9 483
1741097668401 26.6 484
1741097678511 20.3 485
1741097688563 20.6 486
1741097698657 28.1 487
1741097709214 21.5 488
1741097721684 22.3 489
