1741092728960 295283.8 0
1741092739005 295283.7 1
1741092749052 295283.7 2
1741092759169 295283.7 3
1741092769230 295283.7 4
1741092779281 295283.7 5
1741092789374 295283.7 6
1741092799413 295283.7 7
1741092809460 295283.1 8
1741092819552 295272.0 9
1741092829591 295272.0 10
1741092839629 295272.0 11
1741092849669 295272.0 12
1741092859764 295272.0 13
1741092869805 295272.0 14
1741092879851 295272.0 15
1741092889897 295271.4 16
1741092900030 295271.4 17
1741092910067 295271.4 18
1741092920120 295271.4 19
1741092930221 295271.4 20
1741092940282 295271.4 21
1741092950318 295271.4 22
1741092960560 295271.4 23
1741092970638 295271.4 24
1741092980694 295270.9 25
1741092990774 295270.9 26
1741093000901 295270.9 27
1741093011197 295270.9 28
1741093021260 295270.9 29
1741093031349 295270.9 30
1741093041398 295270.9 31
1741093051451 295270.9 32
1741093061782 295270.9 33
1741093072082 295270.4 34
1741093082121 295270.4 35
1741093092204 295270.4 36
1741093102244 295270.4 37
1741093112290 295270.4 38
1741093122444 295270.4 39
1741093132565 295270.4 40
1741093142620 295270.4 41
1741093152666 295270.4 42
1741093162755 295269.9 43
1741093172799 295269.9 44
1741093182845 295269.9 45
1741093192951 295269.9 46
1741093203001 295269.9 47
1741093213047 295269.9 48
1741093223147 295269.9 49
1741093233192 295269.9 50
1741093243232 295269.9 51
1741093253344 295269.5 52
1741093263665 295269.5 53
1741093273706 295269.5 54
1741093283788 295269.5 55
1741093293858 295269.5 56
1741093303896 295269.5 57
1741093313945 295269.5 58
1741093323989 295269.5 59
1741093334024 295269.1 60
1741093344067 295269.1 61
1741093354162 295269.1 62
1741093364199 295269.1 63
1741093374263 295269.1 64
1741093384382 295269.1 65
1741093394426 295269.1 66
1741093404473 295269.1 67
1741093414579 295269.1 68
1741093424618 295268.7 69
1741093434667 295268.6 70
1741093444808 295268.6 71
1741093454859 295268.6 72
1741093464904 295268.6 73
1741093475040 295268.6 74
1741093485090 295268.6 75
1741093495138 295268.1 76
1741093505246 295268.1 77
1741093515301 295268.1 78
1741093525352 295268.1 79
1741093535402 295267.7 80
1741093545458 295267.7 81
1741093555706 295267.7 82
1741093565777 295267.7 83
1741093575863 295267.7 84
1741093586112 295267.7 85
1741093596183 295267.7 86
1741093606602 295267.7 87
1741093617063 295267.7 88
1741093627131 295267.7 89
1741093637231 295267.3 90
1741093647553 295267.3 91
1741093657607 295267.3 92
1741093667722 295267.3 93
1741093677773 295267.3 94
1741093688094 295267.3 95
1741093698216 295267.3 96
1741093708276 295267.3 97
1741093718326 295267.3 98
1741093728370 295267.3 99
1741093738480 295267.3 100
1741093748601 295267.3 101
1741093758655 295267.2 102
1741093768760 295255.4 103
1741093778808 295255.4 104
1741093789128 295255.4 105
1741093799434 295255.4 106
1741093809471 295255.4 107
1741093819934 295255.4 108
1741093830018 295255.4 109
1741093840073 295255.4 110
1741093850134 295255.4 111
1741093860240 295255.4 112
1741093870282 295255.4 113
1741093880318 295254.9 114
1741093890420 295254.9 115
1741093900689 295254.8 116
1741093911116 295254.8 117
1741093921408 295254.8 118
1741093931443 295254.8 119
1741093941492 295254.8 120
1741093951531 295254.8 121
1741093961634 295254.8 122
1741093971670 295254.8 123
1741093981869 295254.8 124
1741093991959 295254.8 125
1741094002011 295254.3 126
1741094012230 295254.3 127
1741094022402 295254.3 128
1741094032851 295254.3 129
1741094042893 295254.3 130
1741094052983 295254.3 131
1741094063031 295254.3 132
1741094073184 295254.3 133
1741094083525 295254.3 134
1741094093784 295254.3 135
1741094103815 295254.3 136
1741094114116 295253.7 137
1741094124155 295253.7 138
1741094134195 295253.7 139
1741094144284 295253.7 140
1741094154335 295253.7 141
1741094164767 295253.7 142
1741094174854 295253.7 143
1741094185163 295253.7 144
1741094195224 295253.7 145
1741094205327 295253.7 146
1741094215469 295253.7 147
1741094225515 295253.7 148
1741094236242 295253.2 149
1741094246284 295253.2 150
1741094256330 295253.2 151
1741094266370 295253.2 152
1741094276423 295253.2 153
1741094286892 295253.2 154
1741094297048 295253.2 155
1741094307100 295253.2 156
1741094317184 295253.2 157
1741094327432 295253.2 158
1741094337871 295253.2 159
1741094348634 295253.2 160
1741094358741 295253.2 161
1741094368794 295252.7 162
1741094379081 295252.7 163
1741094389477 295252.7 164
1741094400017 295252.7 165
1741094410074 295252.7 166
1741094420200 295252.7 167
1741094430252 295252.7 168
1741094440675 295252.7 169
1741094451169 295252.7 170
1741094461766 295252.7 171
1741094471837 295252.7 172
1741094481935 295252.1 173
1741094492587 295252.1 174
1741094502653 295252.1 175
1741094512751 295252.1 176
1741094522790 295252.1 177
1741094533259 295252.1 178
1741094543867 295252.1 179
1741094554010 295252.1 180
1741094564283 295252.1 181
1741094574351 295252.1 182
1741094584716 295252.1 183
1741094594771 295252.1 184
1741094604848 295251.6 185
1741094615257 295251.6 186
1741094625327 295251.6 187
1741094635363 295251.6 188
1741094645474 295251.6 189
1741094655510 295251.6 190
1741094665557 295251.6 191
1741094676663 295251.6 192
1741094686725 295251.6 193
1741094696957 295251.6 194
1741094707048 295251.6 195
1741094717095 295251.6 196
1741094727218 295251.1 197
1741094737313 295251.1 198
1741094747372 295251.1 199
1741094757443 295251.1 200
1741094768166 295251.1 201
1741094778214 295251.1 202
1741094788254 295250.6 203
1741094798379 295250.6 204
1741094808445 295250.6 205
1741094818829 295250.6 206
1741094828933 295250.6 207
1741094838986 295250.6 208
1741094849030 295250.0 209
1741094859178 295250.0 210
1741094869223 295250.0 211
1741094879260 295250.0 212
1741094889311 295250.0 213
1741094899351 295250.0 214
1741094909391 295250.0 215
1741094920177 295250.0 216
1741094930275 295250.0 217
1741094940330 295250.0 218
1741094950378 295250.0 219
1741094960509 295250.0 220
1741094970561 295250.0 221
1741094980665 295249.5 222
1741094990764 295238.3 223
1741095000815 295238.3 224
1741095010865 295238.3 225
1741095020963 295238.3 226
1741095031007 295238.3 227
1741095041050 295238.3 228
1741095051152 295238.3 229
1741095061199 295238.3 230
1741095071247 295238.3 231
1741095081393 295238.3 232
1741095091445 295238.3 233
1741095101488 295237.9 234
1741095111612 295237.8 235
1741095121654 295237.8 236
1741095131708 295237.8 237
1741095142259 295237.8 238
1741095152307 295237.8 239
1741095162351 295237.8 240
1741095173133 295237.8 241
1741095183494 295237.8 242
1741095193541 295237.8 243
1741095203669 295237.8 244
1741095213712 295237.8 245
1741095223911 295237.4 246
1741095234021 295237.4 247
1741095244065 295237.4 248
1741095254107 295237.4 249
1741095264205 295237.4 250
1741095274633 295237.4 251
1741095284684 295237.4 252
1741095294912 295237.4 253
1741095304963 295237.4 254
1741095315005 295237.4 255
1741095325046 295237.4 256
1741095335697 295237.4 257
1741095346488 295237.4 258
1741095356525 295237.0 259
1741095366619 295237.0 260
1741095376674 295237.0 261
1741095386718 295237.0 262
1741095397310 295237.0 263
1741095407345 295237.0 264
1741095417835 295237.0 265
1741095427975 295237.0 266
1741095438231 295237.0 267
1741095448270 295237.0 268
1741095458382 295237.0 269
1741095468426 295237.0 270
1741095478470 295236.5 271
1741095488571 295236.5 272
1741095498621 295236.5 273
1741095508663 295236.5 274
1741095518760 295236.5 275
1741095529518 295236.5 276
1741095539568 295236.5 277
1741095549842 295236.5 278
1741095560483 295236.5 279
1741095570748 295236.5 280
1741095580800 295236.5 281
1741095590982 295236.5 282
1741095601049 295236.2 283
1741095611108 295236.1 284
1741095621237 295236.1 285
1741095631286 295236.1 286
1741095641346 295236.1 287
1741095651448 295236.1 288
1741095661484 295236.1 289
1741095671548 295236.1 290
1741095681874 295236.1 291
1741095692205 295236.1 292
1741095702581 295236.1 293
1741095712842 295236.1 294
1741095722881 295236.1 295
1741095733405 295235.7 296
1741095743503 295235.7 297
1741095753793 295235.7 298
1741095763843 295235.7 299
1741095774080 295235.7 300
1741095784126 295235.7 301
1741095794850 295235.7 302
1741095805462 295235.7 303
1741095815685 295235.7 304
1741095825735 295235.7 305
1741095835834 295235.7 306
1741095846096 295235.7 307
1741095856143 295235.7 308
1741095866187 295235.3 309
1741095876295 295235.3 310
1741095886334 295235.3 311
1741095896393 295235.3 312
1741095906947 295235.3 313
1741095917000 295235.3 314
1741095927046 295235.3 315
1741095937153 295235.3 316
1741095947867 295235.3 317
1741095957928 295235.3 318
1741095968041 295235.3 319
1741095978195 295235.3 320
1741095988230 295235.3 321
1741095998338 295234.9 322
1741096008386 295234.9 323
1741096019117 295234.9 324
1741096029241 295234.9 325
1741096039308 295234.9 326
1741096049359 295234.9 327
1741096060144 295234.9 328
1741096070202 295234.9 329
1741096080257 295234.9 330
1741096090544 295234.4 331
1741096101483 295234.4 332
1741096111527 295234.4 333
1741096121570 295234.4 334
1741096131641 295234.4 335
1741096141691 295234.0 336
1741096151738 295234.0 337
1741096162220 295233.9 338
1741096172284 295233.9 339
1741096182340 295233.9 340
1741096192971 295233.9 341
1741096203015 295233.9 342
1741096213069 295233.9 343
1741096223934 295233.9 344
1741096233978 295233.9 345
1741096244039 295233.9 346
1741096254137 295233.9 347
1741096264922 295233.9 348
1741096274971 295233.9 349
1741096285073 295233.9 350
1741096295123 295233.2 351
1741096305915 295222.0 352
1741096316009 295222.0 353
1741096326098 295222.0 354
1741096336139 295222.0 355
1741096346429 295222.0 356
1741096356476 295222.0 357
1741096367189 295222.0 358
1741096377267 295222.0 359
1741096388060 295222.0 360
1741096398707 295222.0 361
1741096409624 295222.0 362
1741096420078 295222.0 363
1741096430151 295222.0 364
1741096440214 295221.3 365
1741096450789 295221.2 366
1741096460855 295221.2 367
1741096470916 295221.2 368
1741096481027 295221.2 369
1741096491071 295221.2 370
1741096501131 295221.2 371
1741096511225 295221.2 372
1741096521264 295221.2 373
1741096531303 295221.2 374
1741096542166 295221.2 375
1741096552936 295221.2 376
1741096563000 295221.2 377
1741096573990 295221.2 378
1741096585451 295221.2 379
1741096596765 295221.2 380
1741096606810 295220.5 381
1741096617132 295220.5 382
1741096627210 295220.5 383
1741096637916 295220.5 384
1741096647978 295220.5 385
1741096658108 295220.5 386
1741096668344 295220.5 387
1741096678386 295220.5 388
1741096689409 295220.5 389
1741096699623 295220.5 390
1741096709846 295220.5 391
1741096719963 295220.5 392
1741096730030 295220.5 393
1741096740971 295220.5 394
1741096752566 295220.5 395
1741096762695 295219.8 396
1741096772747 295219.8 397
1741096782783 295219.8 398
1741096793223 295219.8 399
1741096803297 295219.8 400
1741096813387 295219.8 401
1741096823526 295219.8 402
1741096833834 295219.8 403
1741096843894 295219.8 404
1741096853996 295219.8 405
1741096864683 295219.8 406
1741096874761 295219.8 407
1741096884872 295219.8 408
1741096895777 295219.8 409
1741096905865 295219.8 410
1741096916270 295219.0 411
1741096926350 295219.0 412
1741096936394 295219.0 413
1741096946504 295219.0 414
1741096956545 295219.0 415
1741096966587 295219.0 416
1741096977528 295219.0 417
1741096987596 295219.0 418
1741096997646 295219.0 419
1741097007747 295219.0 420
1741097018639 295219.0 421
1741097029219 295219.0 422
1741097039275 295219.0 423
1741097049715 295219.0 424
1741097059884 295219.0 425
1741097069934 295219.0 426
1741097080049 295218.3 427
1741097090107 295218.3 428
1741097100167 295218.3 429
1741097110725 295218.3 430
1741097120789 295218.3 431
1741097130841 295218.3 432
1741097141941 295218.3 433
1741097151980 295218.3 434
1741097163026 295218.3 435
1741097173190 295218.3 436
1741097184229 295218.3 437
1741097194276 295218.3 438
1741097204731 295218.3 439
1741097214855 295218.3 440
1741097224899 295218.3 441
1741097235329 295217.6 442
1741097245445 295217.6 443
1741097255489 295217.6 444
1741097265541 295217.6 445
1741097275647 295217.6 446
1741097285702 295217.6 447
1741097295739 295217.6 448
1741097306674 295217.6 449
1741097316729 295217.6 450
1741097326781 295217.6 451
1741097337760 295217.6 452
1741097348753 295217.6 453
1741097358800 295217.6 454
1741097369823 295217.6 455
1741097381782 295217.6 456
1741097392426 295217.6 457
1741097402486 295216.9 458
1741097412579 295216.4 459
1741097422636 295216.3 460
1741097433462 295216.3 461
1741097443590 295216.3 462
1741097453638 295216.3 463
1741097464398 295216.3 464
1741097474473 295216.3 465
1741097484612 295216.3 466
1741097494661 295216.3 467
1741097506538 295216.3 468
1741097516690 295216.3 469
1741097526744 295216.3 470
1741097536787 295216.3 471
1741097546884 295216.3 472
1741097556948 295215.6 473
1741097566991 295215.6 474
1741097577765 295215.6 475
1741097587818 295215.6 476
1741097597851 295215.6 477
1741097607979 295215.6 478
1741097618036 295215.6 479
1741097628085 295215.6 480
1741097638208 295215.6 481
1741097648249 295215.6 482
1741097658297 295215.6 483
1741097668401 295215.6 484
1741097678511 295215.6 485
1741097688563 295215.6 486
1741097698657 295215.6 487
1741097709214 295215.6 488
1741097721684 295215.6 489
