1741092728960 46.2 0
1741092739005 46.2 1
1741092749052 46.2 2
1741092759169 46.2 3
1741092769230 46.2 4
1741092779281 46.2 5
1741092789374 46.2 6
1741092799413 46.2 7
1741092809460 46.2 8
1741092819552 46.2 9
1741092829591 46.2 10
1741092839629 46.2 11
1741092849669 46.2 12
1741092859764 46.2 13
1741092869805 46.2 14
1741092879851 46.2 15
1741092889897 46.2 16
1741092900030 46.2 17
1741092910067 46.2 18
1741092920120 46.2 19
1741092930221 46.2 20
1741092940282 46.2 21
1741092950318 46.2 22
1741092960560 46.2 23
1741092970638 46.2 24
1741092980694 46.2 25
1741092990774 46.2 26
1741093000901 46.2 27
1741093011197 46.2 28
1741093021260 46.2 29
1741093031349 46.2 30
1741093041398 46.2 31
1741093051451 46.2 32
1741093061782 46.2 33
1741093072082 46.2 34
1741093082121 46.2 35
1741093092204 46.2 36
1741093102244 46.2 37
1741093112290 46.2 38
1741093122444 46.2 39
1741093132565 46.2 40
1741093142620 46.2 41
1741093152666 46.2 42
1741093162755 46.2 43
1741093172799 46.2 44
1741093182845 46.2 45
1741093192951 46.2 46
1741093203001 46.2 47
1741093213047 46.2 48
1741093223147 46.2 49
1741093233192 46.2 50
1741093243232 46.2 51
1741093253344 46.2 52
1741093263665 46.2 53
1741093273706 46.2 54
1741093283788 46.2 55
1741093293858 46.2 56
1741093303896 46.2 57
1741093313945 46.2 58
1741093323989 46.2 59
1741093334024 46.2 60
1741093344067 46.2 61
1741093354162 46.2 62
1741093364199 46.2 63
1741093374263 46.2 64
1741093384382 46.2 65
1741093394426 46.2 66
1741093404473 46.2 67
1741093414579 46.2 68
1741093424618 46.2 69
1741093434667 46.2 70
1741093444808 46.2 71
1741093454859 46.2 72
1741093464904 46.2 73
1741093475040 46.2 74
1741093485090 46.2 75
1741093495138 46.2 76
1741093505246 46.2 77
1741093515301 46.2 78
1741093525352 46.2 79
1741093535402 46.2 80
1741093545458 46.2 81
1741093555706 46.2 82
1741093565777 46.2 83
1741093575863 46.2 84
1741093586112 46.2 85
1741093596183 46.2 86
1741093606602 46.2 87
1741093617063 46.2 88
1741093627131 46.2 89
1741093637231 46.2 90
1741093647553 46.2 91
1741093657607 46.2 92
1741093667722 46.2 93
1741093677773 46.2 94
1741093688094 46.2 95
1741093698216 46.2 96
1741093708276 46.2 97
1741093718326 46.2 98
1741093728370 46.2 99
1741093738480 46.2 100
1741093748601 46.2 101
1741093758655 46.2 102
1741093768760 46.2 103
1741093778808 46.2 104
1741093789128 46.2 105
1741093799434 46.2 106
1741093809471 46.2 107
1741093819934 46.2 108
1741093830018 46.2 109
1741093840073 46.2 110
1741093850134 46.2 111
1741093860240 46.2 112
1741093870282 46.2 113
1741093880318 46.2 114
1741093890420 46.2 115
1741093900689 46.2 116
1741093911116 46.2 117
1741093921408 46.2 118
1741093931443 46.2 119
1741093941492 46.2 120
1741093951531 46.2 121
1741093961634 46.2 122
1741093971670 46.2 123
1741093981869 46.2 124
1741093991959 46.2 125
1741094002011 46.2 126
1741094012230 46.2 127
1741094022402 46.2 128
1741094032851 46.2 129
1741094042893 46.2 130
1741094052983 46.2 131
1741094063031 46.2 132
1741094073184 46.2 133
1741094083525 46.2 134
1741094093784 46.2 135
1741094103815 46.2 136
1741094114116 46.2 137
1741094124155 46.2 138
1741094134195 46.2 139
1741094144284 46.2 140
1741094154335 46.2 141
1741094164767 46.2 142
1741094174854 46.2 143
1741094185163 46.2 144
1741094195224 46.2 145
1741094205327 46.2 146
1741094215469 46.2 147
1741094225515 46.2 148
1741094236242 46.2 149
1741094246284 46.2 150
1741094256330 46.2 151
1741094266370 46.2 152
1741094276423 46.2 153
1741094286892 46.2 154
1741094297048 46.2 155
1741094307100 46.2 156
1741094317184 46.2 157
1741094327432 46.2 158
1741094337871 46.2 159
1741094348634 46.2 160
1741094358741 46.2 161
1741094368794 46.2 162
1741094379081 46.2 163
1741094389477 46.2 164
1741094400017 46.2 165
1741094410074 46.2 166
1741094420200 46.2 167
1741094430252 46.2 168
1741094440675 46.2 169
1741094451169 46.2 170
1741094461766 46.2 171
1741094471837 46.2 172
1741094481935 46.2 173
1741094492587 46.2 174
1741094502653 46.2 175
1741094512751 46.2 176
1741094522790 46.2 177
1741094533259 46.2 178
1741094543867 46.2 179
1741094554010 46.2 180
1741094564283 46.2 181
1741094574351 46.2 182
1741094584716 46.2 183
1741094594771 46.2 184
1741094604848 46.2 185
1741094615257 46.2 186
1741094625327 46.2 187
1741094635363 46.2 188
1741094645474 46.2 189
1741094655510 46.2 190
1741094665557 46.2 191
1741094676663 46.2 192
1741094686725 46.2 193
1741094696957 46.2 194
1741094707048 46.2 195
1741094717095 46.2 196
1741094727218 46.2 197
1741094737313 46.2 198
1741094747372 46.2 199
1741094757443 46.2 200
1741094768166 46.2 201
1741094778214 46.2 202
1741094788254 46.2 203
1741094798379 46.2 204
1741094808445 46.2 205
1741094818829 46.2 206
1741094828933 46.2 207
1741094838986 46.2 208
1741094849030 46.2 209
1741094859178 46.2 210
1741094869223 46.2 211
1741094879260 46.2 212
1741094889311 46.2 213
1741094899351 46.2 214
1741094909391 46.2 215
1741094920177 46.2 216
1741094930275 46.2 217
1741094940330 46.2 218
1741094950378 46.2 219
1741094960509 46.2 220
1741094970561 46.2 221
1741094980665 46.2 222
1741094990764 46.2 223
1741095000815 46.2 224
1741095010865 46.2 225
1741095020963 46.2 226
1741095031007 46.2 227
1741095041050 46.2 228
1741095051152 46.2 229
1741095061199 46.2 230
1741095071247 46.2 231
1741095081393 46.2 232
1741095091445 46.2 233
1741095101488 46.2 234
1741095111612 46.2 235
1741095121654 46.2 236
1741095131708 46.2 237
1741095142259 46.2 238
1741095152307 46.2 239
1741095162351 46.2 240
1741095173133 46.2 241
1741095183494 46.2 242
1741095193541 46.2 243
1741095203669 46.2 244
1741095213712 46.2 245
1741095223911 46.2 246
1741095234021 46.2 247
1741095244065 46.2 248
1741095254107 46.2 249
1741095264205 46.2 250
1741095274633 46.2 251
1741095284684 46.2 252
1741095294912 46.2 253
1741095304963 46.2 254
1741095315005 46.2 255
1741095325046 46.2 256
1741095335697 46.2 257
1741095346488 46.2 258
1741095356525 46.2 259
1741095366619 46.2 260
1741095376674 46.2 261
1741095386718 46.2 262
1741095397310 46.2 263
1741095407345 46.2 264
1741095417835 46.2 265
1741095427975 46.2 266
1741095438231 46.2 267
1741095448270 46.2 268
1741095458382 46.2 269
1741095468426 46.2 270
1741095478470 46.2 271
1741095488571 46.2 272
1741095498621 46.2 273
1741095508663 46.2 274
1741095518760 46.2 275
1741095529518 46.2 276
1741095539568 46.2 277
1741095549842 46.2 278
1741095560483 46.2 279
1741095570748 46.2 280
1741095580800 46.2 281
1741095590982 46.2 282
1741095601049 46.2 283
1741095611108 46.2 284
1741095621237 46.2 285
1741095631286 46.2 286
1741095641346 46.2 287
1741095651448 46.2 288
1741095661484 46.2 289
1741095671548 46.2 290
1741095681874 46.2 291
1741095692205 46.2 292
1741095702581 46.2 293
1741095712842 46.2 294
1741095722881 46.2 295
1741095733405 46.2 296
1741095743503 46.2 297
1741095753793 46.2 298
1741095763843 46.2 299
1741095774080 46.2 300
1741095784126 46.2 301
1741095794850 46.2 302
1741095805462 46.2 303
1741095815685 46.2 304
1741095825735 46.2 305
1741095835834 46.2 306
1741095846096 46.2 307
1741095856143 46.2 308
1741095866187 46.2 309
1741095876295 46.2 310
1741095886334 46.2 311
1741095896393 46.2 312
1741095906947 46.2 313
1741095917000 46.2 314
1741095927046 46.2 315
1741095937153 46.2 316
1741095947867 46.2 317
1741095957928 46.2 318
1741095968041 46.2 319
1741095978195 46.2 320
1741095988230 46.2 321
1741095998338 46.2 322
1741096008386 46.2 323
1741096019117 46.2 324
1741096029241 46.2 325
1741096039308 46.2 326
1741096049359 46.2 327
1741096060144 46.2 328
1741096070202 46.2 329
1741096080257 46.2 330
1741096090544 46.2 331
1741096101483 46.2 332
1741096111527 46.2 333
1741096121570 46.2 334
1741096131641 46.2 335
1741096141691 46.2 336
1741096151738 46.2 337
1741096162220 46.2 338
1741096172284 46.2 339
1741096182340 46.2 340
1741096192971 46.2 341
1741096203015 46.2 342
1741096213069 46.2 343
1741096223934 46.2 344
1741096233978 46.2 345
1741096244039 46.2 346
1741096254137 46.2 347
1741096264922 46.2 348
1741096274971 46.2 349
1741096285073 46.2 350
1741096295123 46.2 351
1741096305915 46.2 352
1741096316009 46.2 353
1741096326098 46.2 354
1741096336139 46.2 355
1741096346429 46.2 356
1741096356476 46.2 357
1741096367189 46.2 358
1741096377267 46.2 359
1741096388060 46.2 360
1741096398707 46.2 361
1741096409624 46.2 362
1741096420078 46.2 363
1741096430151 46.2 364
1741096440214 46.2 365
1741096450789 46.2 366
1741096460855 46.2 367
1741096470916 46.2 368
1741096481027 46.2 369
1741096491071 46.2 370
1741096501131 46.2 371
1741096511225 46.2 372
1741096521264 46.2 373
1741096531303 46.2 374
1741096542166 46.2 375
1741096552936 46.2 376
1741096563000 46.2 377
1741096573990 46.2 378
1741096585451 46.2 379
1741096596765 46.2 380
1741096606810 46.2 381
1741096617132 46.2 382
1741096627210 46.2 383
1741096637916 46.2 384
1741096647978 46.2 385
1741096658108 46.2 386
1741096668344 46.2 387
1741096678386 46.2 388
1741096689409 46.2 389
1741096699623 46.2 390
1741096709846 46.2 391
1741096719963 46.2 392
1741096730030 46.2 393
1741096740971 46.2 394
1741096752566 46.2 395
1741096762695 46.2 396
1741096772747 46.2 397
1741096782783 46.2 398
1741096793223 46.2 399
1741096803297 46.2 400
1741096813387 46.2 401
1741096823526 46.2 402
1741096833834 46.2 403
1741096843894 46.2 404
1741096853996 46.2 405
1741096864683 46.2 406
1741096874761 46.2 407
1741096884872 46.2 408
1741096895777 46.2 409
1741096905865 46.2 410
1741096916270 46.2 411
1741096926350 46.2 412
1741096936394 46.2 413
1741096946504 46.2 414
1741096956545 46.2 415
1741096966587 46.2 416
1741096977528 46.2 417
1741096987596 46.2 418
1741096997646 46.2 419
1741097007747 46.2 420
1741097018639 46.2 421
1741097029219 46.2 422
1741097039275 46.2 423
1741097049715 46.2 424
1741097059884 46.2 425
1741097069934 46.2 426
1741097080049 46.2 427
1741097090107 46.2 428
1741097100167 46.2 429
1741097110725 46.2 430
1741097120789 46.2 431
1741097130841 46.2 432
1741097141941 46.2 433
1741097151980 46.2 434
1741097163026 46.2 435
1741097173190 46.2 436
1741097184229 46.2 437
1741097194276 46.2 438
1741097204731 46.2 439
1741097214855 46.2 440
1741097224899 46.2 441
1741097235329 46.2 442
1741097245445 46.2 443
1741097255489 46.2 444
1741097265541 46.2 445
1741097275647 46.2 446
1741097285702 46.2 447
1741097295739 46.2 448
1741097306674 46.2 449
1741097316729 46.2 450
1741097326781 46.2 451
1741097337760 46.2 452
1741097348753 46.2 453
1741097358800 46.2 454
1741097369823 46.2 455
1741097381782 46.2 456
1741097392426 46.2 457
1741097402486 46.2 458
1741097412579 46.2 459
1741097422636 46.2 460
1741097433462 46.2 461
1741097443590 46.2 462
1741097453638 46.2 463
1741097464398 46.2 464
1741097474473 46.2 465
1741097484612 46.2 466
1741097494661 46.2 467
1741097506538 46.2 468
1741097516690 46.2 469
1741097526744 46.2 470
1741097536787 46.2 471
1741097546884 46.2 472
1741097556948 46.2 473
1741097566991 46.2 474
1741097577765 46.2 475
1741097587818 46.2 476
1741097597851 46.2 477
1741097607979 46.2 478
1741097618036 46.2 479
1741097628085 46.2 480
1741097638208 46.2 481
1741097648249 46.2 482
1741097658297 46.2 483
1741097668401 46.2 484
1741097678511 46.2 485
1741097688563 46.2 486
1741097698657 46.2 487
1741097709214 46.2 488
1741097721684 46.2 489
