1741092728960 253075.3 0
1741092739005 253075.4 1
1741092749052 253075.4 2
1741092759169 253075.4 3
1741092769230 253075.4 4
1741092779281 253075.4 5
1741092789374 253075.4 6
1741092799413 253075.4 7
1741092809460 253076.0 8
1741092819552 253087.2 9
1741092829591 253087.2 10
1741092839629 253087.2 11
1741092849669 253087.2 12
1741092859764 253087.2 13
1741092869805 253087.2 14
1741092879851 253087.2 15
1741092889897 253087.7 16
1741092900030 253087.7 17
1741092910067 253087.7 18
1741092920120 253087.7 19
1741092930221 253087.7 20
1741092940282 253087.7 21
1741092950318 253087.7 22
1741092960560 253087.7 23
1741092970638 253087.7 24
1741092980694 253088.2 25
1741092990774 253088.2 26
1741093000901 253088.3 27
1741093011197 253088.3 28
1741093021260 253088.3 29
1741093031349 253088.3 30
1741093041398 253088.3 31
1741093051451 253088.3 32
1741093061782 253088.3 33
1741093072082 253088.7 34
1741093082121 253088.7 35
1741093092204 253088.7 36
1741093102244 253088.7 37
1741093112290 253088.7 38
1741093122444 253088.7 39
1741093132565 253088.7 40
1741093142620 253088.7 41
1741093152666 253088.7 42
1741093162755 253089.2 43
1741093172799 253089.2 44
1741093182845 253089.2 45
1741093192951 253089.2 46
1741093203001 253089.2 47
1741093213047 253089.2 48
1741093223147 253089.2 49
1741093233192 253089.2 50
1741093243232 253089.2 51
1741093253344 253089.6 52
1741093263665 253089.6 53
1741093273706 253089.6 54
1741093283788 253089.6 55
1741093293858 253089.6 56
1741093303896 253089.6 57
1741093313945 253089.6 58
1741093323989 253089.6 59
1741093334024 253090.0 60
1741093344067 253090.0 61
1741093354162 253090.0 62
1741093364199 253090.0 63
1741093374263 253090.0 64
1741093384382 253090.0 65
1741093394426 253090.0 66
1741093404473 253090.0 67
1741093414579 253090.0 68
1741093424618 253090.4 69
1741093434667 253090.5 70
1741093444808 253090.5 71
1741093454859 253090.5 72
1741093464904 253090.5 73
1741093475040 253090.5 74
1741093485090 253090.5 75
1741093495138 253091.0 76
1741093505246 253091.0 77
1741093515301 253091.0 78
1741093525352 253091.0 79
1741093535402 253091.4 80
1741093545458 253091.4 81
1741093555706 253091.4 82
1741093565777 253091.4 83
1741093575863 253091.4 84
1741093586112 253091.4 85
1741093596183 253091.4 86
1741093606602 253091.4 87
1741093617063 253091.4 88
1741093627131 253091.4 89
1741093637231 253091.8 90
1741093647553 253091.9 91
1741093657607 253091.9 92
1741093667722 253091.9 93
1741093677773 253091.9 94
1741093688094 253091.9 95
1741093698216 253091.9 96
1741093708276 253091.9 97
1741093718326 253091.9 98
1741093728370 253091.9 99
1741093738480 253091.9 100
1741093748601 253091.9 101
1741093758655 253091.9 102
1741093768760 253103.7 103
1741093778808 253103.7 104
1741093789128 253103.7 105
1741093799434 253103.7 106
1741093809471 253103.7 107
1741093819934 253103.7 108
1741093830018 253103.7 109
1741093840073 253103.7 110
1741093850134 253103.7 111
1741093860240 253103.7 112
1741093870282 253103.7 113
1741093880318 253104.2 114
1741093890420 253104.3 115
1741093900689 253104.3 116
1741093911116 253104.3 117
1741093921408 253104.3 118
1741093931443 253104.3 119
1741093941492 253104.3 120
1741093951531 253104.3 121
1741093961634 253104.3 122
1741093971670 253104.3 123
1741093981869 253104.3 124
1741093991959 253104.3 125
1741094002011 253104.8 126
1741094012230 253104.8 127
1741094022402 253104.8 128
1741094032851 253104.8 129
1741094042893 253104.8 130
1741094052983 253104.8 131
1741094063031 253104.8 132
1741094073184 253104.8 133
1741094083525 253104.8 134
1741094093784 253104.8 135
1741094103815 253104.8 136
1741094114116 253105.4 137
1741094124155 253105.4 138
1741094134195 253105.4 139
1741094144284 253105.4 140
1741094154335 253105.4 141
1741094164767 253105.4 142
1741094174854 253105.4 143
1741094185163 253105.4 144
1741094195224 253105.4 145
1741094205327 253105.4 146
1741094215469 253105.4 147
1741094225515 253105.4 148
1741094236242 253105.9 149
1741094246284 253105.9 150
1741094256330 253105.9 151
1741094266370 253105.9 152
1741094276423 253105.9 153
1741094286892 253105.9 154
1741094297048 253105.9 155
1741094307100 253105.9 156
1741094317184 253105.9 157
1741094327432 253105.9 158
1741094337871 253105.9 159
1741094348634 253105.9 160
1741094358741 253105.9 161
1741094368794 253106.5 162
1741094379081 253106.5 163
1741094389477 253106.5 164
1741094400017 253106.5 165
1741094410074 253106.5 166
1741094420200 253106.5 167
1741094430252 253106.5 168
1741094440675 253106.5 169
1741094451169 253106.5 170
1741094461766 253106.5 171
1741094471837 253106.5 172
1741094481935 253107.0 173
1741094492587 253107.0 174
1741094502653 253107.0 175
1741094512751 253107.0 176
1741094522790 253107.0 177
1741094533259 253107.0 178
1741094543867 253107.0 179
1741094554010 253107.0 180
1741094564283 253107.0 181
1741094574351 253107.0 182
1741094584716 253107.0 183
1741094594771 253107.0 184
1741094604848 253107.5 185
1741094615257 253107.5 186
1741094625327 253107.5 187
1741094635363 253107.5 188
1741094645474 253107.5 189
1741094655510 253107.5 190
1741094665557 253107.5 191
1741094676663 253107.5 192
1741094686725 253107.5 193
1741094696957 253107.5 194
1741094707048 253107.5 195
1741094717095 253107.5 196
1741094727218 253108.0 197
1741094737313 253108.0 198
1741094747372 253108.0 199
1741094757443 253108.0 200
1741094768166 253108.0 201
1741094778214 253108.0 202
1741094788254 253108.5 203
1741094798379 253108.5 204
1741094808445 253108.5 205
1741094818829 253108.6 206
1741094828933 253108.6 207
1741094838986 253108.6 208
1741094849030 253109.1 209
1741094859178 253109.1 210
1741094869223 253109.1 211
1741094879260 253109.1 212
1741094889311 253109.1 213
1741094899351 253109.1 214
1741094909391 253109.1 215
1741094920177 253109.1 216
1741094930275 253109.1 217
1741094940330 253109.1 218
1741094950378 253109.1 219
1741094960509 253109.1 220
1741094970561 253109.1 221
1741094980665 253109.6 222
1741094990764 253120.8 223
1741095000815 253120.8 224
1741095010865 253120.8 225
1741095020963 253120.8 226
1741095031007 253120.8 227
1741095041050 253120.8 228
1741095051152 253120.8 229
1741095061199 253120.8 230
1741095071247 253120.8 231
1741095081393 253120.8 232
1741095091445 253120.8 233
1741095101488 253121.3 234
1741095111612 253121.3 235
1741095121654 253121.3 236
1741095131708 253121.3 237
1741095142259 253121.3 238
1741095152307 253121.3 239
1741095162351 253121.3 240
1741095173133 253121.3 241
1741095183494 253121.3 242
1741095193541 253121.3 243
1741095203669 253121.3 244
1741095213712 253121.3 245
1741095223911 253121.7 246
1741095234021 253121.7 247
1741095244065 253121.7 248
1741095254107 253121.7 249
1741095264205 253121.7 250
1741095274633 253121.7 251
1741095284684 253121.7 252
1741095294912 253121.7 253
1741095304963 253121.7 254
1741095315005 253121.7 255
1741095325046 253121.7 256
1741095335697 253121.7 257
1741095346488 253121.7 258
1741095356525 253122.2 259
1741095366619 253122.2 260
1741095376674 253122.2 261
1741095386718 253122.2 262
1741095397310 253122.2 263
1741095407345 253122.2 264
1741095417835 253122.2 265
1741095427975 253122.2 266
1741095438231 253122.2 267
1741095448270 253122.2 268
1741095458382 253122.2 269
1741095468426 253122.2 270
1741095478470 253122.6 271
1741095488571 253122.6 272
1741095498621 253122.6 273
1741095508663 253122.6 274
1741095518760 253122.6 275
1741095529518 253122.6 276
1741095539568 253122.6 277
1741095549842 253122.6 278
1741095560483 253122.6 279
1741095570748 253122.6 280
1741095580800 253122.6 281
1741095590982 253122.6 282
1741095601049 253122.9 283
1741095611108 253123.0 284
1741095621237 253123.0 285
1741095631286 253123.0 286
1741095641346 253123.0 287
1741095651448 253123.0 288
1741095661484 253123.0 289
1741095671548 253123.0 290
1741095681874 253123.0 291
1741095692205 253123.0 292
1741095702581 253123.0 293
1741095712842 253123.0 294
1741095722881 253123.0 295
1741095733405 253123.4 296
1741095743503 253123.4 297
1741095753793 253123.4 298
1741095763843 253123.4 299
1741095774080 253123.4 300
1741095784126 253123.4 301
1741095794850 253123.4 302
1741095805462 253123.4 303
1741095815685 253123.4 304
1741095825735 253123.4 305
1741095835834 253123.4 306
1741095846096 253123.4 307
1741095856143 253123.4 308
1741095866187 253123.8 309
1741095876295 253123.8 310
1741095886334 253123.8 311
1741095896393 253123.8 312
1741095906947 253123.8 313
1741095917000 253123.8 314
1741095927046 253123.8 315
1741095937153 253123.8 316
1741095947867 253123.8 317
1741095957928 253123.8 318
1741095968041 253123.8 319
1741095978195 253123.8 320
1741095988230 253123.8 321
1741095998338 253124.2 322
1741096008386 253124.2 323
1741096019117 253124.2 324
1741096029241 253124.2 325
1741096039308 253124.2 326
1741096049359 253124.2 327
1741096060144 253124.2 328
1741096070202 253124.2 329
1741096080257 253124.2 330
1741096090544 253124.7 331
1741096101483 253124.7 332
1741096111527 253124.7 333
1741096121570 253124.7 334
1741096131641 253124.7 335
1741096141691 253125.1 336
1741096151738 253125.2 337
1741096162220 253125.2 338
1741096172284 253125.2 339
1741096182340 253125.2 340
1741096192971 253125.2 341
1741096203015 253125.2 342
1741096213069 253125.2 343
1741096223934 253125.2 344
1741096233978 253125.2 345
1741096244039 253125.2 346
1741096254137 253125.2 347
1741096264922 253125.2 348
1741096274971 253125.2 349
1741096285073 253125.2 350
1741096295123 253126.0 351
1741096305915 253137.1 352
1741096316009 253137.1 353
1741096326098 253137.1 354
1741096336139 253137.1 355
1741096346429 253137.1 356
1741096356476 253137.1 357
1741096367189 253137.1 358
1741096377267 253137.1 359
1741096388060 253137.1 360
1741096398707 253137.1 361
1741096409624 253137.1 362
1741096420078 253137.1 363
1741096430151 253137.1 364
1741096440214 253137.8 365
1741096450789 253137.9 366
1741096460855 253137.9 367
1741096470916 253137.9 368
1741096481027 253137.9 369
1741096491071 253137.9 370
1741096501131 253137.9 371
1741096511225 253137.9 372
1741096521264 253137.9 373
1741096531303 253137.9 374
1741096542166 253137.9 375
1741096552936 253137.9 376
1741096563000 253137.9 377
1741096573990 253137.9 378
1741096585451 253137.9 379
1741096596765 253137.9 380
1741096606810 253138.6 381
1741096617132 253138.6 382
1741096627210 253138.6 383
1741096637916 253138.6 384
1741096647978 253138.6 385
1741096658108 253138.6 386
1741096668344 253138.6 387
1741096678386 253138.6 388
1741096689409 253138.6 389
1741096699623 253138.6 390
1741096709846 253138.6 391
1741096719963 253138.6 392
1741096730030 253138.6 393
1741096740971 253138.6 394
1741096752566 253138.6 395
1741096762695 253139.3 396
1741096772747 253139.3 397
1741096782783 253139.3 398
1741096793223 253139.3 399
1741096803297 253139.3 400
1741096813387 253139.3 401
1741096823526 253139.3 402
1741096833834 253139.3 403
1741096843894 253139.3 404
1741096853996 253139.3 405
1741096864683 253139.3 406
1741096874761 253139.3 407
1741096884872 253139.3 408
1741096895777 253139.3 409
1741096905865 253139.3 410
1741096916270 253140.1 411
1741096926350 253140.1 412
1741096936394 253140.1 413
1741096946504 253140.1 414
1741096956545 253140.1 415
1741096966587 253140.1 416
1741096977528 253140.1 417
1741096987596 253140.1 418
1741096997646 253140.1 419
1741097007747 253140.1 420
1741097018639 253140.1 421
1741097029219 253140.1 422
1741097039275 253140.1 423
1741097049715 253140.1 424
1741097059884 253140.1 425
1741097069934 253140.1 426
1741097080049 253140.8 427
1741097090107 253140.8 428
1741097100167 253140.8 429
1741097110725 253140.8 430
1741097120789 253140.8 431
1741097130841 253140.8 432
1741097141941 253140.8 433
1741097151980 253140.8 434
1741097163026 253140.8 435
1741097173190 253140.8 436
1741097184229 253140.8 437
1741097194276 253140.8 438
1741097204731 253140.8 439
1741097214855 253140.8 440
1741097224899 253140.8 441
1741097235329 253141.5 442
1741097245445 253141.5 443
1741097255489 253141.5 444
1741097265541 253141.5 445
1741097275647 253141.5 446
1741097285702 253141.5 447
1741097295739 253141.5 448
1741097306674 253141.5 449
1741097316729 253141.5 450
1741097326781 253141.5 451
1741097337760 253141.5 452
1741097348753 253141.5 453
1741097358800 253141.5 454
1741097369823 253141.5 455
1741097381782 253141.5 456
1741097392426 253141.5 457
1741097402486 253142.2 458
1741097412579 253142.8 459
1741097422636 253142.8 460
1741097433462 253142.8 461
1741097443590 253142.8 462
1741097453638 253142.8 463
1741097464398 253142.8 464
1741097474473 253142.8 465
1741097484612 253142.8 466
1741097494661 253142.8 467
1741097506538 253142.8 468
1741097516690 253142.8 469
1741097526744 253142.8 470
1741097536787 253142.8 471
1741097546884 253142.8 472
1741097556948 253143.5 473
1741097566991 253143.5 474
1741097577765 253143.5 475
1741097587818 253143.5 476
1741097597851 253143.5 477
1741097607979 253143.5 478
1741097618036 253143.5 479
1741097628085 253143.5 480
1741097638208 253143.5 481
1741097648249 253143.5 482
1741097658297 253143.5 483
1741097668401 253143.5 484
1741097678511 253143.5 485
1741097688563 253143.5 486
1741097698657 253143.5 487
1741097709214 253143.5 488
1741097721684 253143.5 489
