1741092728960 8.600000001024455e-05 0
1741092739005 1.5953320000000986 1
1741092749052 2.5672739999999976 2
1741092759169 4.066392000000064 3
1741092769230 5.5485740000000305 4
1741092779281 7.006347000000005 5
1741092789374 9.026237000000037 6
1741092799413 9.582364000000098 7
1741092809460 13.130599000000075 8
1741092819552 27.79279500000007 9
1741092829591 33.86934900000006 10
1741092839629 42.545704 11
1741092849669 51.60142200000007 12
1741092859764 60.57327600000008 13
1741092869805 68.99044900000001 14
1741092879851 75.98920900000007 15
1741092889897 82.69933600000002 16
1741092900030 84.31008400000007 17
1741092910067 84.37581900000009 18
1741092920120 84.43570900000009 19
1741092930221 84.517066 20
1741092940282 84.56899300000009 21
1741092950318 84.63057600000002 22
1741092960560 84.69027000000006 23
1741092970638 84.7978240000001 24
1741092980694 84.90043400000002 25
1741092990774 84.99764300000004 26
1741093000901 85.04901400000006 27
1741093011197 86.58229300000005 28
1741093021260 87.9945140000001 29
1741093031349 89.33585800000003 30
1741093041398 90.10306000000003 31
1741093051451 90.22475200000008 32
1741093061782 90.41179800000009 33
1741093072082 90.4760500000001 34
1741093082121 90.54785300000003 35
1741093092204 90.62097400000005 36
1741093102244 90.69004200000006 37
1741093112290 90.74993800000004 38
1741093122444 90.932635 39
1741093132565 91.26466500000004 40
1741093142620 93.81221700000003 41
1741093152666 93.99322300000006 42
1741093162755 94.177551 43
1741093172799 94.232351 44
1741093182845 95.963165 45
1741093192951 100.92099000000007 46
1741093203001 109.64684499999998 47
1741093213047 110.63786900000014 48
1741093223147 112.09324300000003 49
1741093233192 113.15916300000004 50
1741093243232 113.7319930000001 51
1741093253344 119.25085899999999 52
1741093263665 121.95288700000015 53
1741093273706 139.45871699999998 54
1741093283788 141.476177 55
1741093293858 143.7432080000001 56
1741093303896 145.76445200000012 57
1741093313945 152.951503 58
1741093323989 162.23985600000015 59
1741093334024 163.93837800000006 60
1741093344067 165.73901999999998 61
1741093354162 165.87273700000014 62
1741093364199 176.7434720000001 63
1741093374263 176.82316300000002 64
1741093384382 180.98107500000015 65
1741093394426 185.57642600000008 66
1741093404473 185.7216800000001 67
1741093414579 185.78375000000005 68
1741093424618 185.849328 69
1741093434667 185.92186900000002 70
1741093444808 185.98511400000007 71
1741093454859 186.067996 72
1741093464904 186.14406499999996 73
1741093475040 186.20084799999995 74
1741093485090 186.30989999999997 75
1741093495138 186.37256000000002 76
1741093505246 186.44873099999995 77
1741093515301 186.54244800000015 78
1741093525352 186.62418200000002 79
1741093535402 186.8267760000001 80
1741093545458 186.89533400000005 81
1741093555706 186.963978 82
1741093565777 187.0631840000001 83
1741093575863 187.13507700000014 84
1741093586112 187.192681 85
1741093596183 187.23876199999995 86
1741093606602 187.32183400000008 87
1741093617063 187.631304 88
1741093627131 188.24451999999997 89
1741093637231 188.3102530000001 90
1741093647553 192.12128099999995 91
1741093657607 198.76873100000012 92
1741093667722 224.62335000000007 93
1741093677773 229.50060400000007 94
1741093688094 250.84662000000003 95
1741093698216 251.96151299999997 96
1741093708276 255.97315700000013 97
1741093718326 256.292328 98
1741093728370 256.3845960000001 99
1741093738480 257.35034500000006 100
1741093748601 257.49659500000007 101
1741093758655 257.6698940000001 102
1741093768760 257.9787860000001 103
1741093778808 258.10530800000015 104
1741093789128 258.486727 105
1741093799434 258.5960580000001 106
1741093809471 258.93167600000015 107
1741093819934 259.0728160000001 108
1741093830018 259.6652060000001 109
1741093840073 260.1757950000001 110
1741093850134 260.65690900000004 111
1741093860240 261.259583 112
1741093870282 261.8348840000001 113
1741093880318 262.38883899999996 114
1741093890420 262.98085200000014 115
1741093900689 263.52766799999995 116
1741093911116 264.28438400000005 117
1741093921408 264.68225200000006 118
1741093931443 265.34421199999997 119
1741093941492 265.39584200000013 120
1741093951531 266.0694780000001 121
1741093961634 266.123145 122
1741093971670 266.813682 123
1741093981869 266.913679 124
1741093991959 267.5932660000001 125
1741094002011 267.664859 126
1741094012230 268.38534300000015 127
1741094022402 268.451634 128
1741094032851 268.8125870000001 129
1741094042893 269.2669880000001 130
1741094052983 269.6273100000001 131
1741094063031 270.04788800000006 132
1741094073184 270.43324900000016 133
1741094083525 270.86133800000016 134
1741094093784 271.24295000000006 135
1741094103815 271.31445600000006 136
1741094114116 272.07937200000015 137
1741094124155 272.141204 138
1741094134195 272.8324620000001 139
1741094144284 272.8974370000001 140
1741094154335 273.584249 141
1741094164767 273.6761940000001 142
1741094174854 274.42675699999995 143
1741094185163 274.628909 144
1741094195224 274.75074199999995 145
1741094205327 275.268061 146
1741094215469 275.3252930000001 147
1741094225515 275.80846700000006 148
1741094236242 275.92997000000014 149
1741094246284 276.30189799999994 150
1741094256330 276.36152600000014 151
1741094266370 276.43379500000015 152
1741094276423 276.86001899999997 153
1741094286892 276.93846299999996 154
1741094297048 277.77060200000005 155
1741094307100 277.8294760000001 156
1741094317184 278.2069530000001 157
1741094327432 278.284267 158
1741094337871 278.736948 159
1741094348634 278.99432 160
1741094358741 279.57752400000004 161
1741094368794 279.80693199999996 162
1741094379081 280.1262630000001 163
1741094389477 280.54695800000013 164
1741094400017 280.837677 165
1741094410074 281.26530300000013 166
1741094420200 281.59528 167
1741094430252 282.054809 168
1741094440675 282.50461300000006 169
1741094451169 285.02772200000004 170
1741094461766 288.21373400000016 171
1741094471837 289.9578590000001 172
1741094481935 290.8561730000001 173
1741094492587 291.3636140000001 174
1741094502653 291.396696 175
1741094512751 291.47657700000013 176
1741094522790 291.834065 177
1741094533259 291.99038599999994 178
1741094543867 292.4043260000001 179
1741094554010 296.28658100000007 180
1741094564283 299.890897 181
1741094574351 299.951059 182
1741094584716 300.925199 183
1741094594771 301.92307700000015 184
1741094604848 302.291383 185
1741094615257 302.689799 186
1741094625327 302.80207199999995 187
1741094635363 303.18928500000015 188
1741094645474 303.27266299999997 189
1741094655510 303.6213950000001 190
1741094665557 303.68428100000006 191
1741094676663 304.14889700000003 192
1741094686725 304.3589710000001 193
1741094696957 305.070463 194
1741094707048 306.2130910000001 195
1741094717095 306.80494799999997 196
1741094727218 308.39694699999995 197
1741094737313 309.06766600000014 198
1741094747372 309.99874 199
1741094757443 310.47989699999994 200
1741094768166 310.857628 201
1741094778214 312.7196160000001 202
1741094788254 313.26047300000005 203
1741094798379 313.658148 204
1741094808445 314.6389160000001 205
1741094818829 315.0957330000001 206
1741094828933 315.206238 207
1741094838986 315.80536800000004 208
1741094849030 316.452818 209
1741094859178 316.74931600000014 210
1741094869223 319.3960810000001 211
1741094879260 326.589103 212
1741094889311 326.9661840000001 213
1741094899351 327.73134500000015 214
1741094909391 328.831375 215
1741094920177 329.15515400000004 216
1741094930275 329.9255290000001 217
1741094940330 343.24939300000005 218
1741094950378 343.4544860000001 219
1741094960509 344.35426299999995 220
1741094970561 344.4497020000001 221
1741094980665 345.2148890000001 222
1741094990764 345.27038200000015 223
1741095000815 345.30900700000007 224
1741095010865 345.7097900000001 225
1741095020963 345.81322 226
1741095031007 346.170427 227
1741095041050 346.2148730000001 228
1741095051152 346.55901400000016 229
1741095061199 346.59498299999996 230
1741095071247 347.32363499999997 231
1741095081393 352.63611200000014 232
1741095091445 358.15453300000013 233
1741095101488 364.12017400000013 234
1741095111612 369.2343450000001 235
1741095121654 371.46874300000013 236
1741095131708 374.398647 237
1741095142259 379.69193500000006 238
1741095152307 385.2188800000001 239
1741095162351 387.715862 240
1741095173133 391.28798800000004 241
1741095183494 396.3592980000001 242
1741095193541 402.57269999999994 243
1741095203669 407.42653599999994 244
1741095213712 409.370723 245
1741095223911 414.4472370000001 246
1741095234021 421.3836570000001 247
1741095244065 426.12353600000006 248
1741095254107 429.86705800000004 249
1741095264205 433.33845799999995 250
1741095274633 440.83503700000006 251
1741095284684 443.19757500000014 252
1741095294912 446.57212900000013 253
1741095304963 450.4985240000001 254
1741095315005 452.9785300000001 255
1741095325046 454.379222 256
1741095335697 455.516848 257
1741095346488 456.13986 258
1741095356525 456.90573399999994 259
1741095366619 457.19283199999995 260
1741095376674 457.855378 261
1741095386718 458.2626500000001 262
1741095397310 459.08549700000003 263
1741095407345 459.36332300000004 264
1741095417835 460.70932700000003 265
1741095427975 461.5479600000001 266
1741095438231 461.56869000000006 267
1741095448270 461.97138800000016 268
1741095458382 462.01966600000014 269
1741095468426 462.360191 270
1741095478470 462.3916300000001 271
1741095488571 462.76191600000016 272
1741095498621 465.04293499999994 273
1741095508663 469.94427799999994 274
1741095518760 474.39492900000005 275
1741095529518 477.569831 276
1741095539568 483.82518500000015 277
1741095549842 485.8016970000001 278
1741095560483 488.58026800000016 279
1741095570748 491.964121 280
1741095580800 498.65022799999997 281
1741095590982 500.56415800000013 282
1741095601049 503.0567390000001 283
1741095611108 503.0845630000001 284
1741095621237 503.4407040000001 285
1741095631286 503.48097900000016 286
1741095641346 503.504549 287
1741095651448 503.8445630000001 288
1741095661484 504.175428 289
1741095671548 504.20712000000003 290
1741095681874 504.24705500000005 291
1741095692205 504.5764750000001 292
1741095702581 504.6122700000001 293
1741095712842 504.98350800000003 294
1741095722881 505.0146500000001 295
1741095733405 505.333533 296
1741095743503 505.35493500000007 297
1741095753793 505.42023600000016 298
1741095763843 505.439928 299
1741095774080 505.45450200000005 300
1741095784126 505.5008 301
1741095794850 505.5212200000001 302
1741095805462 505.58959200000004 303
1741095815685 506.78523900000005 304
1741095825735 507.051604 305
1741095835834 507.40491700000007 306
1741095846096 508.00844200000006 307
1741095856143 508.57827799999995 308
1741095866187 509.262657 309
1741095876295 510.02230499999996 310
1741095886334 510.47535800000014 311
1741095896393 510.99466000000007 312
1741095906947 511.489732 313
1741095917000 511.827941 314
1741095927046 512.1155530000001 315
1741095937153 512.679009 316
1741095947867 512.724074 317
1741095957928 513.1574430000001 318
1741095968041 513.2180580000002 319
1741095978195 513.7235270000001 320
1741095988230 513.777767 321
1741095998338 514.2777100000001 322
1741096008386 514.3748910000002 323
1741096019117 514.567495 324
1741096029241 515.073873 325
1741096039308 515.4108590000001 326
1741096049359 516.000266 327
1741096060144 516.07024 328
1741096070202 516.6377560000001 329
1741096080257 517.479239 330
1741096090544 518.7851050000002 331
1741096101483 519.528033 332
1741096111527 519.588681 333
1741096121570 520.1760710000001 334
1741096131641 520.222076 335
1741096141691 521.0125680000001 336
1741096151738 521.069324 337
1741096162220 521.593593 338
1741096172284 521.608585 339
1741096182340 521.647622 340
1741096192971 522.13825 341
1741096203015 522.1807740000002 342
1741096213069 522.218985 343
1741096223934 522.2718730000001 344
1741096233978 522.875397 345
1741096244039 527.0820430000001 346
1741096254137 535.427944 347
1741096264922 538.1609450000001 348
1741096274971 541.1626020000001 349
1741096285073 543.6741010000001 350
1741096295123 546.198922 351
1741096305915 549.015067 352
1741096316009 550.7766490000001 353
1741096326098 552.204473 354
1741096336139 554.584748 355
1741096346429 556.5207250000001 356
1741096356476 557.9157950000001 357
1741096367189 559.8078330000001 358
1741096377267 561.363967 359
1741096388060 564.2961190000001 360
1741096398707 567.423808 361
1741096409624 568.3298580000001 362
1741096420078 570.6921360000001 363
1741096430151 571.5908670000001 364
1741096440214 572.518372 365
1741096450789 573.2167980000002 366
1741096460855 575.966138 367
1741096470916 577.389627 368
1741096481027 579.264848 369
1741096491071 580.410414 370
1741096501131 582.1879200000001 371
1741096511225 583.5139920000001 372
1741096521264 586.531729 373
1741096531303 588.0617240000001 374
1741096542166 589.1111190000001 375
1741096552936 590.8483650000001 376
1741096563000 591.658455 377
1741096573990 593.044204 378
1741096585451 595.2490740000001 379
1741096596765 597.604112 380
1741096606810 598.9191110000002 381
1741096617132 601.727056 382
1741096627210 603.454992 383
1741096637916 604.7012950000001 384
1741096647978 606.3779870000001 385
1741096658108 608.490857 386
1741096668344 609.5014209999999 387
1741096678386 609.841533 388
1741096689409 612.31528 389
1741096699623 613.8287700000001 390
1741096709846 614.107773 391
1741096719963 614.2483030000001 392
1741096730030 614.3951380000001 393
1741096740971 614.6308730000001 394
1741096752566 614.653188 395
1741096762695 614.719844 396
1741096772747 614.803128 397
1741096782783 615.2793470000001 398
1741096793223 615.3179540000001 399
1741096803297 615.366094 400
1741096813387 615.4370530000001 401
1741096823526 615.4887760000001 402
1741096833834 616.133534 403
1741096843894 616.2165950000001 404
1741096853996 616.3034580000001 405
1741096864683 616.391777 406
1741096874761 616.4298940000001 407
1741096884872 616.4549959999999 408
1741096895777 616.5179410000001 409
1741096905865 616.5729220000001 410
1741096916270 616.733947 411
1741096926350 616.78071 412
1741096936394 616.8086700000001 413
1741096946504 617.377526 414
1741096956545 617.59391 415
1741096966587 617.8932790000001 416
1741096977528 617.9638520000001 417
1741096987596 618.139414 418
1741096997646 618.188136 419
1741097007747 618.386673 420
1741097018639 618.6394310000001 421
1741097029219 619.075443 422
1741097039275 619.3511760000001 423
1741097049715 619.4614140000001 424
1741097059884 619.569735 425
1741097069934 619.6344690000001 426
1741097080049 620.0180480000001 427
1741097090107 620.12834 428
1741097100167 620.2380230000001 429
1741097110725 622.079303 430
1741097120789 625.4657340000001 431
1741097130841 626.581377 432
1741097141941 627.3453400000001 433
1741097151980 629.1682069999999 434
1741097163026 630.7682970000001 435
1741097173190 632.818434 436
1741097184229 635.755983 437
1741097194276 639.0773790000001 438
1741097204731 647.6047370000001 439
1741097214855 649.6718330000001 440
1741097224899 651.1802950000001 441
1741097235329 652.9929240000001 442
1741097245445 655.0194860000001 443
1741097255489 656.709781 444
1741097265541 657.4157110000001 445
1741097275647 658.5295720000001 446
1741097285702 659.3417730000001 447
1741097295739 661.185457 448
1741097306674 662.230307 449
1741097316729 663.437825 450
1741097326781 664.593637 451
1741097337760 665.3681550000001 452
1741097348753 666.212164 453
1741097358800 667.012675 454
1741097369823 667.908506 455
1741097381782 668.652693 456
1741097392426 670.402292 457
1741097402486 671.903755 458
1741097412579 673.463874 459
1741097422636 674.554918 460
1741097433462 675.972982 461
1741097443590 677.3195740000001 462
1741097453638 678.9425160000001 463
1741097464398 679.956019 464
1741097474473 681.2713900000001 465
1741097484612 683.8926350000002 466
1741097494661 686.096636 467
1741097506538 686.9967000000001 468
1741097516690 687.8444200000001 469
1741097526744 688.583932 470
1741097536787 689.9963400000001 471
1741097546884 691.6912730000001 472
1741097556948 693.6108100000001 473
1741097566991 694.4810440000001 474
1741097577765 695.3692020000001 475
1741097587818 696.1981310000001 476
1741097597851 697.057881 477
1741097607979 699.112286 478
1741097618036 701.037323 479
1741097628085 703.270342 480
1741097638208 704.999294 481
1741097648249 706.094672 482
1741097658297 707.8865170000001 483
1741097668401 710.026942 484
1741097678511 711.494181 485
1741097688563 713.5960790000001 486
1741097698657 715.0169760000001 487
1741097709214 715.9192700000001 488
1741097721684 717.990397 489
