1741092728960 7.100000016180275e-05 0
1741092739005 2.807617000000164 1
1741092749052 4.306409000000031 2
1741092759169 6.528099000000111 3
1741092769230 8.68046100000015 4
1741092779281 11.138830000000098 5
1741092789374 14.174842000000126 6
1741092799413 15.692418000000089 7
1741092809460 20.28420600000004 8
1741092819552 35.76670899999999 9
1741092829591 42.57959400000004 10
1741092839629 52.35124199999996 11
1741092849669 62.71056300000009 12
1741092859764 72.57392100000015 13
1741092869805 82.09529100000009 14
1741092879851 89.80412100000012 15
1741092889897 97.54576500000007 16
1741092900030 100.28396300000009 17
1741092910067 101.44778399999996 18
1741092920120 102.44621400000005 19
1741092930221 103.55509800000004 20
1741092940282 104.53487900000005 21
1741092950318 105.90982000000008 22
1741092960560 106.93780700000002 23
1741092970638 107.92845899999998 24
1741092980694 109.07316700000001 25
1741092990774 109.96925499999998 26
1741093000901 110.69111300000009 27
1741093011197 112.90754500000003 28
1741093021260 114.72437600000012 29
1741093031349 116.36084900000014 30
1741093041398 117.50339000000008 31
1741093051451 118.18529400000011 32
1741093061782 118.80679499999997 33
1741093072082 119.86839299999997 34
1741093082121 120.26510600000006 35
1741093092204 120.63059199999998 36
1741093102244 121.08278700000005 37
1741093112290 121.52412100000015 38
1741093122444 122.21690000000012 39
1741093132565 123.15372300000013 40
1741093142620 126.31192299999998 41
1741093152666 126.968523 42
1741093162755 128.03047100000003 43
1741093172799 128.88035800000011 44
1741093182845 131.76665300000013 45
1741093192951 137.6702170000001 46
1741093203001 147.02732400000014 47
1741093213047 148.80059800000004 48
1741093223147 151.44427199999996 49
1741093233192 153.25361900000007 50
1741093243232 154.10939600000006 51
1741093253344 160.0534 52
1741093263665 163.34463200000005 53
1741093273706 181.56391400000007 54
1741093283788 184.43752600000016 55
1741093293858 187.30415700000003 56
1741093303896 190.006435 57
1741093313945 197.883063 58
1741093323989 207.83980900000006 59
1741093334024 210.14861199999996 60
1741093344067 212.85449900000003 61
1741093354162 213.38927200000012 62
1741093364199 225.22512100000017 63
1741093374263 225.93432300000018 64
1741093384382 230.53349700000012 65
1741093394426 235.68339300000002 66
1741093404473 236.09264299999995 67
1741093414579 236.44625600000018 68
1741093424618 236.80455100000017 69
1741093434667 237.67783099999997 70
1741093444808 238.363658 71
1741093454859 238.98015800000007 72
1741093464904 239.69240400000012 73
1741093475040 240.19996100000003 74
1741093485090 240.68141500000002 75
1741093495138 241.24565400000006 76
1741093505246 241.766979 77
1741093515301 242.16708600000015 78
1741093525352 242.91550300000017 79
1741093535402 243.36200200000007 80
1741093545458 243.99492400000008 81
1741093555706 244.320289 82
1741093565777 244.69773600000008 83
1741093575863 245.10461600000008 84
1741093586112 245.53629300000011 85
1741093596183 245.81302500000015 86
1741093606602 246.08242500000006 87
1741093617063 247.361226 88
1741093627131 254.74233300000014 89
1741093637231 256.3016170000001 90
1741093647553 271.4485810000001 91
1741093657607 284.85938699999997 92
1741093667722 313.8607900000002 93
1741093677773 325.49813800000015 94
1741093688094 350.8131270000001 95
1741093698216 355.931026 96
1741093708276 364.119823 97
1741093718326 368.7157810000001 98
1741093728370 369.2680720000001 99
1741093738480 372.68582400000014 100
1741093748601 373.44280700000013 101
1741093758655 373.9706620000002 102
1741093768760 374.780577 103
1741093778808 375.367338 104
1741093789128 376.203657 105
1741093799434 377.00946 106
1741093809471 377.6976530000002 107
1741093819934 378.25786200000016 108
1741093830018 382.55941099999995 109
1741093840073 389.4935700000001 110
1741093850134 393.5121780000002 111
1741093860240 398.8878080000002 112
1741093870282 406.9798410000001 113
1741093880318 412.57140700000014 114
1741093890420 416.16757600000005 115
1741093900689 422.82446700000014 116
1741093911116 429.50736800000004 117
1741093921408 435.09837100000004 118
1741093931443 440.203853 119
1741093941492 440.632781 120
1741093951531 446.791281 121
1741093961634 447.350954 122
1741093971670 454.47579800000017 123
1741093981869 454.87382100000013 124
1741093991959 461.50713800000017 125
1741094002011 461.88462400000003 126
1741094012230 468.731714 127
1741094022402 469.19366200000013 128
1741094032851 469.825967 129
1741094042893 476.494424 130
1741094052983 477.2968410000001 131
1741094063031 483.791383 132
1741094073184 484.6354060000001 133
1741094083525 491.3128240000001 134
1741094093784 492.017881 135
1741094103815 492.60813900000016 136
1741094114116 499.628117 137
1741094124155 500.17810800000007 138
1741094134195 506.78797699999996 139
1741094144284 507.1503010000001 140
1741094154335 513.0808830000001 141
1741094164767 513.414495 142
1741094174854 520.9888530000001 143
1741094185163 521.6335320000001 144
1741094195224 522.0975450000001 145
1741094205327 528.2308 146
1741094215469 528.7484000000002 147
1741094225515 535.1734880000001 148
1741094236242 535.590336 149
1741094246284 541.795255 150
1741094256330 542.394172 151
1741094266370 543.1229840000001 152
1741094276423 549.738353 153
1741094286892 550.2145110000001 154
1741094297048 555.8708820000002 155
1741094307100 555.9211 156
1741094317184 562.09401 157
1741094327432 562.168453 158
1741094337871 567.7310170000001 159
1741094348634 567.9942120000001 160
1741094358741 572.4540460000001 161
1741094368794 574.9702440000001 162
1741094379081 575.2920630000001 163
1741094389477 581.380975 164
1741094400017 581.6684250000001 165
1741094410074 587.5679850000001 166
1741094420200 587.8919920000001 167
1741094430252 594.2302500000001 168
1741094440675 594.679975 169
1741094451169 598.8272630000001 170
1741094461766 605.671255 171
1741094471837 607.408664 172
1741094481935 613.1386600000001 173
1741094492587 619.637322 174
1741094502653 619.677158 175
1741094512751 619.763044 176
1741094522790 625.442106 177
1741094533259 625.5744730000001 178
1741094543867 630.9897640000002 179
1741094554010 634.87598 180
1741094564283 644.1801480000001 181
1741094574351 644.2877130000002 182
1741094584716 651.2912220000001 183
1741094594771 652.2980710000002 184
1741094604848 652.6667930000001 185
1741094615257 658.5498730000002 186
1741094625327 658.649232 187
1741094635363 663.9140770000001 188
1741094645474 663.974663 189
1741094655510 669.6914490000001 190
1741094665557 669.740166 191
1741094676663 676.0445890000001 192
1741094686725 676.2727400000001 193
1741094696957 677.555703 194
1741094707048 683.7059240000001 195
1741094717095 684.297483 196
1741094727218 691.811175 197
1741094737313 692.4776160000001 198
1741094747372 699.4945210000001 199
1741094757443 699.970879 200
1741094768166 700.3416830000001 201
1741094778214 707.3289670000001 202
1741094788254 707.860651 203
1741094798379 714.3364840000002 204
1741094808445 715.319342 205
1741094818829 722.0830210000001 206
1741094828933 722.3213130000001 207
1741094838986 722.919474 208
1741094849030 729.5318870000001 209
1741094859178 729.828653 210
1741094869223 738.1164470000001 211
1741094879260 745.3473180000001 212
1741094889311 750.120273 213
1741094899351 751.5438670000001 214
1741094909391 752.6340380000001 215
1741094920177 758.0535440000001 216
1741094930275 758.8270810000001 217
1741094940330 777.6253530000001 218
1741094950378 777.8269360000002 219
1741094960509 784.361441 220
1741094970561 784.420431 221
1741094980665 795.8296500000001 222
1741094990764 796.9180800000001 223
1741095000815 796.9433260000001 224
1741095010865 803.4294520000001 225
1741095020963 803.5260250000001 226
1741095031007 809.3890740000002 227
1741095041050 809.428173 228
1741095051152 815.5497830000002 229
1741095061199 815.601977 230
1741095071247 816.3215260000002 231
1741095081393 827.185669 232
1741095091445 832.4524020000001 233
1741095101488 843.718057 234
1741095111612 848.9043690000001 235
1741095121654 857.241902 236
1741095131708 860.1499860000001 237
1741095142259 866.2070190000002 238
1741095152307 875.9579470000001 239
1741095162351 881.641521 240
1741095173133 887.908989 241
1741095183494 893.025676 242
1741095193541 905.844881 243
1741095203669 910.6795200000001 244
1741095213712 917.3199950000001 245
1741095223911 923.1050710000002 246
1741095234021 930.039571 247
1741095244065 940.685242 248
1741095254107 944.4078120000001 249
1741095264205 953.972276 250
1741095274633 961.46469 251
1741095284684 966.627399 252
1741095294912 972.7589210000001 253
1741095304963 976.6834760000002 254
1741095315005 984.2497150000002 255
1741095325046 985.6418720000001 256
1741095335697 992.155583 257
1741095346488 992.7794920000001 258
1741095356525 998.7185669999999 259
1741095366619 999.0004130000002 260
1741095376674 1004.5395859999999 261
1741095386718 1004.9456920000002 262
1741095397310 1011.2929060000001 263
1741095407345 1011.5766670000003 264
1741095417835 1015.0717930000001 265
1741095427975 1019.4445249999999 266
1741095438231 1019.4613770000001 267
1741095448270 1025.8054660000003 268
1741095458382 1025.8427150000002 269
1741095468426 1031.5127190000003 270
1741095478470 1031.591821 271
1741095488571 1037.275497 272
1741095498621 1039.537667 273
1741095508663 1045.603595 274
1741095518760 1054.332786 275
1741095529518 1060.9460950000002 276
1741095539568 1070.056379 277
1741095549842 1072.03098 278
1741095560483 1079.854687 279
1741095570748 1083.2357080000002 280
1741095580800 1095.279161 281
1741095590982 1097.1804080000002 282
1741095601049 1104.6393309999999 283
1741095611108 1104.656954 284
1741095621237 1110.15715 285
1741095631286 1110.189671 286
1741095641346 1110.2094940000002 287
1741095651448 1115.639448 288
1741095661484 1121.044374 289
1741095671548 1121.074536 290
1741095681874 1121.120853 291
1741095692205 1126.318789 292
1741095702581 1126.3621309999999 293
1741095712842 1132.450281 294
1741095722881 1132.4768520000002 295
1741095733405 1136.95912 296
1741095743503 1136.976647 297
1741095753793 1137.0339979999999 298
1741095763843 1137.0482849999999 299
1741095774080 1137.0683280000003 300
1741095784126 1137.1768970000003 301
1741095794850 1137.193232 302
1741095805462 1137.235831 303
1741095815685 1145.009912 304
1741095825735 1148.5778930000001 305
1741095835834 1151.879057 306
1741095846096 1158.680432 307
1741095856143 1164.8419790000003 308
1741095866187 1173.736312 309
1741095876295 1188.7331370000002 310
1741095886334 1198.027431 311
1741095896393 1203.0909900000001 312
1741095906947 1209.958905 313
1741095917000 1214.522034 314
1741095927046 1218.557394 315
1741095937153 1225.2607040000003 316
1741095947867 1225.30033 317
1741095957928 1231.6277490000002 318
1741095968041 1231.7436830000001 319
1741095978195 1237.5415659999999 320
1741095988230 1237.582229 321
1741095998338 1243.5841500000001 322
1741096008386 1244.1861210000002 323
1741096019117 1245.8787120000002 324
1741096029241 1250.520286 325
1741096039308 1252.866889 326
1741096049359 1259.4727910000001 327
1741096060144 1259.53492 328
1741096070202 1265.759302 329
1741096080257 1276.002073 330
1741096090544 1297.9294180000002 331
1741096101483 1305.1998750000002 332
1741096111527 1305.243085 333
1741096121570 1311.3816590000001 334
1741096131641 1311.4310500000001 335
1741096141691 1319.096983 336
1741096151738 1319.143032 337
1741096162220 1325.4609970000001 338
1741096172284 1325.4775 339
1741096182340 1325.5941160000002 340
1741096192971 1331.3776820000003 341
1741096203015 1331.4199509999999 342
1741096213069 1331.4619440000001 343
1741096223934 1331.496896 344
1741096233978 1332.08754 345
1741096244039 1336.2919590000001 346
1741096254137 1344.652415 347
1741096264922 1347.384563 348
1741096274971 1350.3884440000002 349
1741096285073 1352.894569 350
1741096295123 1355.416178 351
1741096305915 1358.2217030000002 352
1741096316009 1359.9818089999999 353
1741096326098 1361.410469 354
1741096336139 1363.7802150000002 355
1741096346429 1365.7111140000002 356
1741096356476 1367.1022870000002 357
1741096367189 1368.9884510000002 358
1741096377267 1370.6012970000002 359
1741096388060 1373.536188 360
1741096398707 1376.686522 361
1741096409624 1377.5621820000001 362
1741096420078 1379.9144139999999 363
1741096430151 1380.8145490000002 364
1741096440214 1381.739947 365
1741096450789 1382.435899 366
1741096460855 1385.168107 367
1741096470916 1386.587066 368
1741096481027 1388.4619440000001 369
1741096491071 1389.605259 370
1741096501131 1392.8386730000002 371
1741096511225 1394.26143 372
1741096521264 1401.4233910000003 373
1741096531303 1406.7700770000001 374
1741096542166 1411.3587430000002 375
1741096552936 1418.3806290000002 376
1741096563000 1419.316057 377
1741096573990 1421.392135 378
1741096585451 1429.273679 379
1741096596765 1431.777344 380
1741096606810 1433.079874 381
1741096617132 1435.8927589999998 382
1741096627210 1437.620144 383
1741096637916 1438.864305 384
1741096647978 1440.529997 385
1741096658108 1442.7151640000002 386
1741096668344 1443.73583 387
1741096678386 1444.1298460000003 388
1741096689409 1446.628338 389
1741096699623 1448.1169720000003 390
1741096709846 1449.4793049999998 391
1741096719963 1449.6493260000002 392
1741096730030 1452.7079910000002 393
1741096740971 1453.9229650000002 394
1741096752566 1453.94585 395
1741096762695 1454.257561 396
1741096772747 1454.621901 397
1741096782783 1462.60111 398
1741096793223 1462.637244 399
1741096803297 1462.68545 400
1741096813387 1462.8581749999998 401
1741096823526 1462.8974510000003 402
1741096833834 1465.7057690000001 403
1741096843894 1465.774344 404
1741096853996 1466.0629760000002 405
1741096864683 1466.194966 406
1741096874761 1466.233201 407
1741096884872 1466.266638 408
1741096895777 1466.3319190000002 409
1741096905865 1466.3704910000001 410
1741096916270 1466.637882 411
1741096926350 1466.686483 412
1741096936394 1466.7111810000001 413
1741096946504 1473.382403 414
1741096956545 1475.680629 415
1741096966587 1479.288516 416
1741096977528 1479.74626 417
1741096987596 1479.9830500000003 418
1741096997646 1480.0214730000002 419
1741097007747 1480.350061 420
1741097018639 1480.583145 421
1741097029219 1481.0142570000003 422
1741097039275 1482.244377 423
1741097049715 1482.955433 424
1741097059884 1483.4795320000003 425
1741097069934 1483.5187449999999 426
1741097080049 1487.646288 427
1741097090107 1487.7987349999999 428
1741097100167 1487.9262010000002 429
1741097110725 1489.7483980000002 430
1741097120789 1493.1234319999999 431
1741097130841 1494.215553 432
1741097141941 1494.9536400000002 433
1741097151980 1496.7500690000002 434
1741097163026 1498.3527830000003 435
1741097173190 1500.646655 436
1741097184229 1503.5640010000002 437
1741097194276 1506.8635749999999 438
1741097204731 1515.355387 439
1741097214855 1517.454533 440
1741097224899 1518.9627140000002 441
1741097235329 1520.756938 442
1741097245445 1529.468077 443
1741097255489 1539.7720010000003 444
1741097265541 1540.4645850000002 445
1741097275647 1541.562903 446
1741097285702 1542.4141 447
1741097295739 1545.8806690000001 448
1741097306674 1546.845327 449
1741097316729 1548.024304 450
1741097326781 1549.153867 451
1741097337760 1549.9147350000003 452
1741097348753 1550.754504 453
1741097358800 1551.5457380000003 454
1741097369823 1552.4194670000002 455
1741097381782 1553.1399500000002 456
1741097392426 1554.8619440000002 457
1741097402486 1556.346532 458
1741097412579 1557.888296 459
1741097422636 1558.9641890000003 460
1741097433462 1560.3489680000002 461
1741097443590 1561.669516 462
1741097453638 1563.2734690000002 463
1741097464398 1564.309206 464
1741097474473 1565.9766950000003 465
1741097484612 1568.6051780000003 466
1741097494661 1570.7842180000002 467
1741097506538 1571.666326 468
1741097516690 1572.486898 469
1741097526744 1573.232215 470
1741097536787 1574.566073 471
1741097546884 1576.3616160000001 472
1741097556948 1578.5127889999999 473
1741097566991 1579.3706190000003 474
1741097577765 1580.2426260000002 475
1741097587818 1581.106402 476
1741097597851 1581.9475419999999 477
1741097607979 1583.986687 478
1741097618036 1586.1917790000002 479
1741097628085 1599.030874 480
1741097638208 1603.017225 481
1741097648249 1606.141935 482
1741097658297 1608.2840740000001 483
1741097668401 1611.6888509999999 484
1741097678511 1613.135048 485
1741097688563 1615.222909 486
1741097698657 1616.6372860000001 487
1741097709214 1617.5188240000002 488
1741097721684 1619.6179550000002 489
