1741092728960 73.2 0
1741092739005 78.1 1
1741092749052 78.8 2
1741092759169 79.7 3
1741092769230 79.4 4
1741092779281 80.2 5
1741092789374 80.6 6
1741092799413 80.5 7
1741092809460 82.8 8
1741092819552 81.5 9
1741092829591 82.2 10
1741092839629 83.8 11
1741092849669 84.9 12
1741092859764 85.4 13
1741092869805 85.8 14
1741092879851 82.1 15
1741092889897 82.5 16
1741092900030 82.1 17
1741092910067 82.5 18
1741092920120 82.5 19
1741092930221 83.3 20
1741092940282 84.0 21
1741092950318 84.4 22
1741092960560 85.1 23
1741092970638 82.1 24
1741092980694 83.4 25
1741092990774 82.8 26
1741093000901 83.4 27
1741093011197 83.4 28
1741093021260 83.6 29
1741093031349 84.3 30
1741093041398 85.5 31
1741093051451 86.2 32
1741093061782 83.8 33
1741093072082 83.4 34
1741093082121 83.5 35
1741093092204 83.5 36
1741093102244 83.4 37
1741093112290 84.2 38
1741093122444 84.7 39
1741093132565 85.3 40
1741093142620 82.2 41
1741093152666 81.9 42
1741093162755 83.8 43
1741093172799 82.5 44
1741093182845 83.1 45
1741093192951 83.7 46
1741093203001 84.4 47
1741093213047 85.3 48
1741093223147 85.9 49
1741093233192 82.4 50
1741093243232 82.4 51
1741093253344 83.2 52
1741093263665 83.6 53
1741093273706 83.8 54
1741093283788 83.7 55
1741093293858 84.4 56
1741093303896 85.0 57
1741093313945 85.6 58
1741093323989 82.5 59
1741093334024 83.5 60
1741093344067 83.4 61
1741093354162 83.9 62
1741093364199 84.4 63
1741093374263 85.0 64
1741093384382 85.5 65
1741093394426 85.0 66
1741093404473 86.8 67
1741093414579 82.5 68
1741093424618 82.3 69
1741093434667 82.7 70
1741093444808 82.6 71
1741093454859 83.2 72
1741093464904 83.7 73
1741093475040 84.2 74
1741093485090 84.9 75
1741093495138 85.2 76
1741093505246 86.5 77
1741093515301 85.0 78
1741093525352 84.9 79
1741093535402 86.9 80
1741093545458 86.3 81
1741093555706 87.2 82
1741093565777 87.5 83
1741093575863 87.5 84
1741093586112 87.0 85
1741093596183 87.6 86
1741093606602 88.8 87
1741093617063 87.4 88
1741093627131 87.6 89
1741093637231 89.2 90
1741093647553 89.8 91
1741093657607 89.3 92
1741093667722 90.0 93
1741093677773 90.0 94
1741093688094 90.5 95
1741093698216 91.2 96
1741093708276 92.1 97
1741093718326 92.6 98
1741093728370 88.5 99
1741093738480 89.5 100
1741093748601 88.5 101
1741093758655 88.8 102
1741093768760 88.9 103
1741093778808 88.3 104
1741093789128 88.0 105
1741093799434 88.3 106
1741093809471 88.9 107
1741093819934 89.8 108
1741093830018 90.7 109
1741093840073 91.4 110
1741093850134 90.5 111
1741093860240 90.6 112
1741093870282 90.8 113
1741093880318 92.4 114
1741093890420 89.4 115
1741093900689 89.2 116
1741093911116 89.2 117
1741093921408 89.2 118
1741093931443 89.5 119
1741093941492 89.3 120
1741093951531 89.4 121
1741093961634 87.7 122
1741093971670 87.7 123
1741093981869 88.4 124
1741093991959 88.1 125
1741094002011 88.5 126
1741094012230 88.6 127
1741094022402 88.2 128
1741094032851 88.3 129
1741094042893 88.1 130
1741094052983 88.5 131
1741094063031 89.5 132
1741094073184 90.1 133
1741094083525 89.3 134
1741094093784 89.2 135
1741094103815 88.9 136
1741094114116 90.5 137
1741094124155 89.2 138
1741094134195 89.7 139
1741094144284 89.8 140
1741094154335 89.7 141
1741094164767 89.8 142
1741094174854 89.7 143
1741094185163 90.1 144
1741094195224 90.9 145
1741094205327 90.8 146
1741094215469 91.4 147
1741094225515 91.9 148
1741094236242 94.5 149
1741094246284 92.2 150
1741094256330 92.2 151
1741094266370 92.2 152
1741094276423 92.1 153
1741094286892 92.3 154
1741094297048 92.2 155
1741094307100 91.0 156
1741094317184 91.8 157
1741094327432 90.0 158
1741094337871 89.6 159
1741094348634 89.4 160
1741094358741 89.5 161
1741094368794 89.5 162
1741094379081 89.6 163
1741094389477 89.4 164
1741094400017 89.5 165
1741094410074 89.5 166
1741094420200 89.4 167
1741094430252 89.4 168
1741094440675 89.3 169
1741094451169 89.1 170
1741094461766 89.4 171
1741094471837 89.1 172
1741094481935 90.7 173
1741094492587 89.5 174
1741094502653 89.6 175
1741094512751 89.6 176
1741094522790 89.6 177
1741094533259 88.9 178
1741094543867 89.1 179
1741094554010 89.2 180
1741094564283 88.7 181
1741094574351 88.8 182
1741094584716 88.9 183
1741094594771 91.4 184
1741094604848 92.6 185
1741094615257 90.6 186
1741094625327 88.9 187
1741094635363 89.5 188
1741094645474 89.3 189
1741094655510 89.1 190
1741094665557 89.1 191
1741094676663 89.3 192
1741094686725 89.3 193
1741094696957 89.4 194
1741094707048 89.4 195
1741094717095 89.3 196
1741094727218 90.9 197
1741094737313 89.5 198
1741094747372 89.5 199
1741094757443 89.6 200
1741094768166 89.6 201
1741094778214 89.6 202
1741094788254 89.6 203
1741094798379 89.6 204
1741094808445 89.1 205
1741094818829 89.1 206
1741094828933 89.2 207
1741094838986 89.2 208
1741094849030 89.8 209
1741094859178 89.5 210
1741094869223 89.5 211
1741094879260 89.5 212
1741094889311 89.6 213
1741094899351 89.3 214
1741094909391 89.4 215
1741094920177 87.8 216
1741094930275 87.8 217
1741094940330 87.8 218
1741094950378 88.1 219
1741094960509 88.7 220
1741094970561 86.6 221
1741094980665 85.4 222
1741094990764 81.5 223
1741095000815 81.6 224
1741095010865 81.1 225
1741095020963 81.2 226
1741095031007 80.8 227
1741095041050 80.8 228
1741095051152 80.7 229
1741095061199 80.8 230
1741095071247 80.7 231
1741095081393 80.7 232
1741095091445 80.7 233
1741095101488 82.0 234
1741095111612 80.7 235
1741095121654 80.7 236
1741095131708 80.7 237
1741095142259 80.7 238
1741095152307 80.7 239
1741095162351 79.5 240
1741095173133 79.6 241
1741095183494 80.0 242
1741095193541 79.9 243
1741095203669 79.9 244
1741095213712 79.9 245
1741095223911 79.7 246
1741095234021 79.6 247
1741095244065 80.8 248
1741095254107 80.5 249
1741095264205 80.5 250
1741095274633 80.0 251
1741095284684 79.4 252
1741095294912 79.4 253
1741095304963 79.4 254
1741095315005 79.3 255
1741095325046 79.4 256
1741095335697 79.3 257
1741095346488 79.3 258
1741095356525 79.6 259
1741095366619 79.7 260
1741095376674 79.6 261
1741095386718 79.6 262
1741095397310 79.7 263
1741095407345 79.6 264
1741095417835 79.8 265
1741095427975 79.9 266
1741095438231 79.7 267
1741095448270 79.9 268
1741095458382 79.9 269
1741095468426 79.8 270
1741095478470 82.0 271
1741095488571 80.1 272
1741095498621 80.1 273
1741095508663 80.2 274
1741095518760 80.1 275
1741095529518 78.8 276
1741095539568 78.8 277
1741095549842 78.9 278
1741095560483 79.2 279
1741095570748 79.2 280
1741095580800 79.1 281
1741095590982 79.1 282
1741095601049 79.3 283
1741095611108 79.4 284
1741095621237 79.2 285
1741095631286 79.2 286
1741095641346 79.1 287
1741095651448 79.1 288
1741095661484 79.1 289
1741095671548 79.4 290
1741095681874 79.3 291
1741095692205 79.1 292
1741095702581 79.2 293
1741095712842 79.2 294
1741095722881 79.2 295
1741095733405 81.0 296
1741095743503 79.5 297
1741095753793 79.5 298
1741095763843 79.5 299
1741095774080 79.4 300
1741095784126 79.6 301
1741095794850 79.4 302
1741095805462 79.8 303
1741095815685 84.6 304
1741095825735 82.9 305
1741095835834 84.1 306
1741095846096 83.1 307
1741095856143 82.6 308
1741095866187 85.2 309
1741095876295 83.7 310
1741095886334 83.2 311
1741095896393 83.3 312
1741095906947 82.7 313
1741095917000 82.0 314
1741095927046 82.5 315
1741095937153 83.0 316
1741095947867 82.8 317
1741095957928 84.1 318
1741095968041 84.2 319
1741095978195 83.9 320
1741095988230 83.7 321
1741095998338 85.1 322
1741096008386 84.7 323
1741096019117 85.2 324
1741096029241 86.1 325
1741096039308 86.8 326
1741096049359 86.7 327
1741096060144 86.4 328
1741096070202 85.8 329
1741096080257 86.5 330
1741096090544 86.4 331
1741096101483 88.0 332
1741096111527 87.5 333
1741096121570 86.1 334
1741096131641 86.0 335
1741096141691 91.2 336
1741096151738 88.5 337
1741096162220 87.8 338
1741096172284 87.0 339
1741096182340 86.2 340
1741096192971 87.8 341
1741096203015 87.5 342
1741096213069 87.6 343
1741096223934 86.3 344
1741096233978 86.8 345
1741096244039 87.7 346
1741096254137 87.9 347
1741096264922 88.7 348
1741096274971 88.3 349
1741096285073 88.1 350
1741096295123 88.8 351
1741096305915 87.4 352
1741096316009 87.3 353
1741096326098 87.4 354
1741096336139 87.5 355
1741096346429 87.0 356
1741096356476 86.9 357
1741096367189 86.9 358
1741096377267 87.0 359
1741096388060 87.8 360
1741096398707 88.1 361
1741096409624 88.3 362
1741096420078 88.9 363
1741096430151 88.3 364
1741096440214 88.0 365
1741096450789 88.2 366
1741096460855 87.7 367
1741096470916 88.1 368
1741096481027 88.0 369
1741096491071 88.1 370
1741096501131 90.4 371
1741096511225 90.4 372
1741096521264 91.7 373
1741096531303 92.6 374
1741096542166 92.5 375
1741096552936 94.2 376
1741096563000 92.1 377
1741096573990 92.8 378
1741096585451 93.8 379
1741096596765 89.4 380
1741096606810 89.4 381
1741096617132 88.9 382
1741096627210 89.1 383
1741096637916 89.0 384
1741096647978 88.7 385
1741096658108 89.7 386
1741096668344 89.7 387
1741096678386 90.2 388
1741096689409 90.9 389
1741096699623 90.9 390
1741096709846 93.3 391
1741096719963 92.3 392
1741096730030 92.6 393
1741096740971 92.3 394
1741096752566 91.8 395
1741096762695 91.3 396
1741096772747 92.3 397
1741096782783 93.4 398
1741096793223 94.2 399
1741096803297 93.6 400
1741096813387 92.9 401
1741096823526 93.0 402
1741096833834 94.1 403
1741096843894 93.6 404
1741096853996 94.6 405
1741096864683 94.0 406
1741096874761 93.8 407
1741096884872 93.1 408
1741096895777 93.4 409
1741096905865 92.6 410
1741096916270 94.1 411
1741096926350 91.0 412
1741096936394 91.2 413
1741096946504 91.8 414
1741096956545 92.1 415
1741096966587 92.0 416
1741096977528 91.6 417
1741096987596 94.7 418
1741096997646 93.6 419
1741097007747 93.7 420
1741097018639 93.8 421
1741097029219 91.2 422
1741097039275 92.1 423
1741097049715 92.6 424
1741097059884 92.7 425
1741097069934 92.0 426
1741097080049 96.9 427
1741097090107 89.0 428
1741097100167 88.7 429
1741097110725 88.6 430
1741097120789 88.4 431
1741097130841 88.2 432
1741097141941 87.5 433
1741097151980 88.1 434
1741097163026 87.2 435
1741097173190 86.9 436
1741097184229 87.1 437
1741097194276 86.3 438
1741097204731 86.5 439
1741097214855 86.8 440
1741097224899 86.8 441
1741097235329 88.5 442
1741097245445 87.7 443
1741097255489 87.5 444
1741097265541 87.6 445
1741097275647 87.7 446
1741097285702 87.1 447
1741097295739 89.2 448
1741097306674 89.0 449
1741097316729 89.0 450
1741097326781 85.4 451
1741097337760 85.4 452
1741097348753 85.8 453
1741097358800 86.0 454
1741097369823 85.9 455
1741097381782 86.7 456
1741097392426 85.7 457
1741097402486 86.2 458
1741097412579 85.9 459
1741097422636 85.9 460
1741097433462 86.9 461
1741097443590 86.7 462
1741097453638 86.7 463
1741097464398 86.1 464
1741097474473 86.4 465
1741097484612 86.2 466
1741097494661 86.6 467
1741097506538 86.9 468
1741097516690 86.5 469
1741097526744 86.6 470
1741097536787 87.8 471
1741097546884 88.6 472
1741097556948 91.8 473
1741097566991 90.7 474
1741097577765 89.5 475
1741097587818 88.3 476
1741097597851 89.1 477
1741097607979 88.4 478
1741097618036 91.4 479
1741097628085 92.1 480
1741097638208 93.6 481
1741097648249 89.9 482
1741097658297 89.7 483
1741097668401 90.5 484
1741097678511 89.5 485
1741097688563 89.3 486
1741097698657 89.4 487
1741097709214 88.7 488
1741097721684 89.1 489
