1741092728960 12348.1 0
1741092739005 13174.7 1
1741092749052 13286.9 2
1741092759169 13446.6 3
1741092769230 13384.3 4
1741092779281 13521.5 5
1741092789374 13594.6 6
1741092799413 13574.2 7
1741092809460 13970.8 8
1741092819552 13754.0 9
1741092829591 13858.8 10
1741092839629 14141.7 11
1741092849669 14319.9 12
1741092859764 14398.9 13
1741092869805 14471.5 14
1741092879851 13846.4 15
1741092889897 13908.9 16
1741092900030 13841.0 17
1741092910067 13914.1 18
1741092920120 13912.6 19
1741092930221 14044.7 20
1741092940282 14164.6 21
1741092950318 14237.7 22
1741092960560 14351.1 23
1741092970638 13842.9 24
1741092980694 14069.7 25
1741092990774 13959.7 26
1741093000901 14072.4 27
1741093011197 14065.5 28
1741093021260 14101.3 29
1741093031349 14216.7 30
1741093041398 14428.2 31
1741093051451 14537.7 32
1741093061782 14128.3 33
1741093072082 14064.6 34
1741093082121 14091.0 35
1741093092204 14084.0 36
1741093102244 14070.5 37
1741093112290 14194.3 38
1741093122444 14294.6 39
1741093132565 14394.1 40
1741093142620 13858.0 41
1741093152666 13812.4 42
1741093162755 14142.2 43
1741093172799 13921.8 44
1741093182845 14013.3 45
1741093192951 14125.1 46
1741093203001 14241.0 47
1741093213047 14384.4 48
1741093223147 14491.5 49
1741093233192 13894.7 50
1741093243232 13906.0 51
1741093253344 14038.3 52
1741093263665 14092.4 53
1741093273706 14136.4 54
1741093283788 14112.4 55
1741093293858 14237.1 56
1741093303896 14337.5 57
1741093313945 14443.4 58
1741093323989 13913.4 59
1741093334024 14080.6 60
1741093344067 14071.2 61
1741093354162 14149.8 62
1741093364199 14234.0 63
1741093374263 14344.7 64
1741093384382 14424.8 65
1741093394426 14338.6 66
1741093404473 14637.4 67
1741093414579 13919.3 68
1741093424618 13879.6 69
1741093434667 13954.9 70
1741093444808 13937.0 71
1741093454859 14026.7 72
1741093464904 14110.6 73
1741093475040 14209.0 74
1741093485090 14321.1 75
1741093495138 14376.9 76
1741093505246 14586.8 77
1741093515301 14332.3 78
1741093525352 14312.3 79
1741093535402 14658.0 80
1741093545458 14562.9 81
1741093555706 14715.5 82
1741093565777 14753.0 83
1741093575863 14762.9 84
1741093586112 14675.8 85
1741093596183 14771.5 86
1741093606602 14980.0 87
1741093617063 14749.4 88
1741093627131 14778.0 89
1741093637231 15040.4 90
1741093647553 15152.7 91
1741093657607 15058.7 92
1741093667722 15181.7 93
1741093677773 15178.7 94
1741093688094 15271.1 95
1741093698216 15387.9 96
1741093708276 15540.4 97
1741093718326 15623.2 98
1741093728370 14930.4 99
1741093738480 15101.0 100
1741093748601 14929.6 101
1741093758655 14976.3 102
1741093768760 14988.9 103
1741093778808 14901.8 104
1741093789128 14850.1 105
1741093799434 14891.1 106
1741093809471 14998.5 107
1741093819934 15154.3 108
1741093830018 15292.8 109
1741093840073 15417.2 110
1741093850134 15258.2 111
1741093860240 15280.7 112
1741093870282 15314.9 113
1741093880318 15591.6 114
1741093890420 15082.0 115
1741093900689 15039.9 116
1741093911116 15045.9 117
1741093921408 15047.4 118
1741093931443 15100.9 119
1741093941492 15062.3 120
1741093951531 15085.3 121
1741093961634 14789.7 122
1741093971670 14792.7 123
1741093981869 14903.3 124
1741093991959 14865.1 125
1741094002011 14923.4 126
1741094012230 14936.3 127
1741094022402 14874.2 128
1741094032851 14888.7 129
1741094042893 14862.0 130
1741094052983 14923.2 131
1741094063031 15094.0 132
1741094073184 15198.9 133
1741094083525 15055.4 134
1741094093784 15052.8 135
1741094103815 14986.9 136
1741094114116 15265.6 137
1741094124155 15050.5 138
1741094134195 15126.7 139
1741094144284 15142.9 140
1741094154335 15133.1 141
1741094164767 15147.2 142
1741094174854 15137.3 143
1741094185163 15205.4 144
1741094195224 15331.2 145
1741094205327 15321.8 146
1741094215469 15413.9 147
1741094225515 15502.4 148
1741094236242 15931.8 149
1741094246284 15554.0 150
1741094256330 15550.1 151
1741094266370 15545.7 152
1741094276423 15540.9 153
1741094286892 15572.1 154
1741094297048 15546.5 155
1741094307100 15342.0 156
1741094317184 15477.1 157
1741094327432 15179.6 158
1741094337871 15107.4 159
1741094348634 15083.4 160
1741094358741 15101.2 161
1741094368794 15094.1 162
1741094379081 15115.5 163
1741094389477 15084.6 164
1741094400017 15099.8 165
1741094410074 15100.7 166
1741094420200 15080.9 167
1741094430252 15077.8 168
1741094440675 15069.0 169
1741094451169 15021.5 170
1741094461766 15073.7 171
1741094471837 15035.3 172
1741094481935 15293.0 173
1741094492587 15090.0 174
1741094502653 15120.0 175
1741094512751 15108.7 176
1741094522790 15107.1 177
1741094533259 14987.0 178
1741094543867 15022.5 179
1741094554010 15037.5 180
1741094564283 14960.9 181
1741094574351 14969.4 182
1741094584716 14993.3 183
1741094594771 15422.1 184
1741094604848 15612.6 185
1741094615257 15276.4 186
1741094625327 14997.9 187
1741094635363 15098.6 188
1741094645474 15060.5 189
1741094655510 15023.0 190
1741094665557 15021.1 191
1741094676663 15058.1 192
1741094686725 15057.5 193
1741094696957 15075.0 194
1741094707048 15071.8 195
1741094717095 15056.5 196
1741094727218 15327.6 197
1741094737313 15098.9 198
1741094747372 15101.5 199
1741094757443 15108.8 200
1741094768166 15108.7 201
1741094778214 15114.6 202
1741094788254 15108.8 203
1741094798379 15120.4 204
1741094808445 15029.8 205
1741094818829 15028.8 206
1741094828933 15045.3 207
1741094838986 15048.1 208
1741094849030 15144.2 209
1741094859178 15099.6 210
1741094869223 15089.4 211
1741094879260 15102.1 212
1741094889311 15110.9 213
1741094899351 15067.5 214
1741094909391 15086.6 215
1741094920177 14808.8 216
1741094930275 14811.5 217
1741094940330 14816.2 218
1741094950378 14853.0 219
1741094960509 14968.3 220
1741094970561 14612.2 221
1741094980665 14399.0 222
1741094990764 13743.5 223
1741095000815 13764.6 224
1741095010865 13683.5 225
1741095020963 13689.7 226
1741095031007 13630.7 227
1741095041050 13630.7 228
1741095051152 13618.8 229
1741095061199 13626.8 230
1741095071247 13606.9 231
1741095081393 13617.0 232
1741095091445 13608.0 233
1741095101488 13823.3 234
1741095111612 13611.0 235
1741095121654 13605.1 236
1741095131708 13606.8 237
1741095142259 13616.4 238
1741095152307 13613.8 239
1741095162351 13416.8 240
1741095173133 13421.5 241
1741095183494 13498.0 242
1741095193541 13469.4 243
1741095203669 13471.0 244
1741095213712 13469.8 245
1741095223911 13446.7 246
1741095234021 13420.9 247
1741095244065 13623.3 248
1741095254107 13581.7 249
1741095264205 13576.5 250
1741095274633 13499.5 251
1741095284684 13391.1 252
1741095294912 13384.1 253
1741095304963 13389.4 254
1741095315005 13373.9 255
1741095325046 13384.0 256
1741095335697 13371.6 257
1741095346488 13373.5 258
1741095356525 13417.8 259
1741095366619 13435.5 260
1741095376674 13433.3 261
1741095386718 13430.6 262
1741095397310 13436.1 263
1741095407345 13432.4 264
1741095417835 13467.2 265
1741095427975 13481.4 266
1741095438231 13445.8 267
1741095448270 13475.9 268
1741095458382 13471.1 269
1741095468426 13458.8 270
1741095478470 13824.9 271
1741095488571 13506.1 272
1741095498621 13516.7 273
1741095508663 13524.5 274
1741095518760 13502.7 275
1741095529518 13288.2 276
1741095539568 13296.3 277
1741095549842 13310.4 278
1741095560483 13353.9 279
1741095570748 13366.9 280
1741095580800 13341.8 281
1741095590982 13343.6 282
1741095601049 13376.1 283
1741095611108 13395.5 284
1741095621237 13363.5 285
1741095631286 13358.8 286
1741095641346 13345.6 287
1741095651448 13337.8 288
1741095661484 13336.7 289
1741095671548 13389.3 290
1741095681874 13374.3 291
1741095692205 13348.6 292
1741095702581 13360.7 293
1741095712842 13352.7 294
1741095722881 13357.3 295
1741095733405 13663.6 296
1741095743503 13404.5 297
1741095753793 13407.4 298
1741095763843 13410.1 299
1741095774080 13397.0 300
1741095784126 13418.0 301
1741095794850 13400.4 302
1741095805462 13456.2 303
1741095815685 14276.1 304
1741095825735 13978.2 305
1741095835834 14183.5 306
1741095846096 14011.1 307
1741095856143 13928.6 308
1741095866187 14374.9 309
1741095876295 14115.2 310
1741095886334 14034.1 311
1741095896393 14046.0 312
1741095906947 13946.1 313
1741095917000 13830.4 314
1741095927046 13916.4 315
1741095937153 13997.3 316
1741095947867 13972.5 317
1741095957928 14177.2 318
1741095968041 14203.4 319
1741095978195 14157.7 320
1741095988230 14119.1 321
1741095998338 14350.1 322
1741096008386 14284.4 323
1741096019117 14375.6 324
1741096029241 14518.0 325
1741096039308 14642.7 326
1741096049359 14620.3 327
1741096060144 14577.1 328
1741096070202 14470.4 329
1741096080257 14597.5 330
1741096090544 14578.9 331
1741096101483 14849.5 332
1741096111527 14753.4 333
1741096121570 14521.4 334
1741096131641 14507.8 335
1741096141691 15374.4 336
1741096151738 14934.3 337
1741096162220 14806.5 338
1741096172284 14678.0 339
1741096182340 14541.2 340
1741096192971 14814.9 341
1741096203015 14753.8 342
1741096213069 14780.0 343
1741096223934 14554.5 344
1741096233978 14643.1 345
1741096244039 14784.1 346
1741096254137 14820.8 347
1741096264922 14965.4 348
1741096274971 14896.9 349
1741096285073 14856.7 350
1741096295123 14981.6 351
1741096305915 14744.1 352
1741096316009 14731.5 353
1741096326098 14746.9 354
1741096336139 14755.7 355
1741096346429 14677.2 356
1741096356476 14665.7 357
1741096367189 14662.2 358
1741096377267 14669.6 359
1741096388060 14805.5 360
1741096398707 14851.8 361
1741096409624 14899.3 362
1741096420078 14999.6 363
1741096430151 14887.5 364
1741096440214 14837.4 365
1741096450789 14876.1 366
1741096460855 14797.6 367
1741096470916 14860.9 368
1741096481027 14836.0 369
1741096491071 14863.0 370
1741096501131 15252.6 371
1741096511225 15249.7 372
1741096521264 15468.7 373
1741096531303 15624.9 374
1741096542166 15602.3 375
1741096552936 15880.4 376
1741096563000 15541.1 377
1741096573990 15656.5 378
1741096585451 15818.8 379
1741096596765 15087.1 380
1741096606810 15075.3 381
1741096617132 14992.9 382
1741096627210 15032.1 383
1741096637916 15016.5 384
1741096647978 14961.4 385
1741096658108 15127.2 386
1741096668344 15134.6 387
1741096678386 15212.6 388
1741096689409 15339.9 389
1741096699623 15328.9 390
1741096709846 15732.2 391
1741096719963 15572.5 392
1741096730030 15611.4 393
1741096740971 15570.5 394
1741096752566 15475.5 395
1741096762695 15394.9 396
1741096772747 15574.9 397
1741096782783 15753.9 398
1741096793223 15895.4 399
1741096803297 15784.0 400
1741096813387 15673.5 401
1741096823526 15692.7 402
1741096833834 15873.3 403
1741096843894 15794.9 404
1741096853996 15956.7 405
1741096864683 15854.6 406
1741096874761 15821.5 407
1741096884872 15704.5 408
1741096895777 15758.8 409
1741096905865 15625.8 410
1741096916270 15879.6 411
1741096926350 15346.2 412
1741096936394 15388.0 413
1741096946504 15492.1 414
1741096956545 15539.0 415
1741096966587 15515.1 416
1741096977528 15455.5 417
1741096987596 15967.8 418
1741096997646 15788.2 419
1741097007747 15810.0 420
1741097018639 15817.1 421
1741097029219 15381.5 422
1741097039275 15542.0 423
1741097049715 15613.7 424
1741097059884 15635.6 425
1741097069934 15521.5 426
1741097080049 16338.8 427
1741097090107 15008.6 428
1741097100167 14955.8 429
1741097110725 14944.2 430
1741097120789 14912.0 431
1741097130841 14873.9 432
1741097141941 14765.4 433
1741097151980 14860.5 434
1741097163026 14714.8 435
1741097173190 14663.5 436
1741097184229 14688.0 437
1741097194276 14561.0 438
1741097204731 14583.5 439
1741097214855 14644.6 440
1741097224899 14648.5 441
1741097235329 14926.4 442
1741097245445 14784.6 443
1741097255489 14759.2 444
1741097265541 14768.6 445
1741097275647 14797.0 446
1741097285702 14688.3 447
1741097295739 15041.9 448
1741097306674 15018.2 449
1741097316729 15018.8 450
1741097326781 14396.2 451
1741097337760 14406.7 452
1741097348753 14465.1 453
1741097358800 14505.3 454
1741097369823 14495.6 455
1741097381782 14617.1 456
1741097392426 14462.7 457
1741097402486 14536.3 458
1741097412579 14489.0 459
1741097422636 14495.9 460
1741097433462 14650.2 461
1741097443590 14626.2 462
1741097453638 14617.8 463
1741097464398 14527.6 464
1741097474473 14567.1 465
1741097484612 14541.6 466
1741097494661 14610.6 467
1741097506538 14662.3 468
1741097516690 14585.8 469
1741097526744 14614.6 470
1741097536787 14811.9 471
1741097546884 14946.9 472
1741097556948 15487.4 473
1741097566991 15299.8 474
1741097577765 15091.1 475
1741097587818 14892.5 476
1741097597851 15026.9 477
1741097607979 14907.3 478
1741097618036 15409.4 479
1741097628085 15540.1 480
1741097638208 15789.2 481
1741097648249 15158.9 482
1741097658297 15134.5 483
1741097668401 15271.1 484
1741097678511 15093.5 485
1741097688563 15058.8 486
1741097698657 15074.4 487
1741097709214 14967.9 488
1741097721684 15027.9 489
