1741129374633 0.2200276292860508 0
1741129524592 0.11889324896037579 1
1741129675388 0.10282048117369413 2
1741129827951 0.09576080646365881 3
1741129981509 0.08970945701003075 4
1741130136358 0.08433470968157053 5
1741130292242 0.08148250635713339 6
1741130449582 0.07529417145997286 7
1741130607795 0.07497693318873644 8
1741130767293 0.07229991722851992 9
1741130928613 0.0677580963820219 10
1741131091191 0.0665282653644681 11
1741131255045 0.06576367653906345 12
1741131420700 0.06601596064865589 13
1741131587319 0.06301361508667469 14
1741131755696 0.06141132488846779 15
1741131924905 0.0603064289316535 16
1741132096343 0.05877962848171592 17
1741132269740 0.057935562916100025 18
1741132443742 0.05818552477285266 19
1741132618716 0.05623523332178593 20
1741132795878 0.0592670775949955 21
1741132973423 0.05377085506916046 22
1741133152818 0.05410554027184844 23
1741133336333 0.05514286505058408 24
1741133519328 0.054627628065645695 25
1741133703197 0.05295258481055498 26
1741133888142 0.05106127867475152 27
1741134074057 0.05164695903658867 28
1741134261835 0.051705211866647005 29
1741134450570 0.05034246854484081 30
1741134640338 0.05056761251762509 31
1741134832848 0.05058800941333175 32
1741135025699 0.05030088126659393 33
1741135220987 0.04829020891338587 34
1741135418416 0.04690243769437075 35
1741135615667 0.04863488860428333 36
1741135814166 0.04790517361834645 37
1741136012920 0.04735425626859069 38
1741136214226 0.046533538959920406 39
