1741129374633 0.0002 0
1741129524576 0.0002 1
1741129675388 0.0002 2
1741129827935 0.0002 3
1741129981493 0.0002 4
1741130136343 0.0002 5
1741130292226 0.0002 6
1741130449566 0.0002 7
1741130607779 0.0002 8
1741130767293 0.0002 9
1741130928581 0.0002 10
1741131091159 0.0002 11
1741131255045 0.0002 12
1741131420687 0.0002 13
1741131587289 0.0002 14
1741131755696 0.0002 15
1741131924891 0.0002 16
1741132096328 0.0002 17
1741132269740 0.0002 18
1741132443742 0.0002 19
1741132618700 0.0002 20
1741132795863 0.0002 21
1741132973407 0.0002 22
1741133152786 0.0002 23
1741133336321 0.0002 24
1741133519312 0.0002 25
1741133703150 0.0002 26
1741133888126 0.0002 27
1741134074041 0.0002 28
1741134261819 0.0002 29
1741134450554 0.0002 30
1741134640322 0.0002 31
1741134832836 0.0002 32
1741135025684 0.0002 33
1741135220987 0.0002 34
1741135418384 0.0002 35
1741135615667 0.0002 36
1741135814150 0.0002 37
1741136012904 0.0002 38
1741136214226 0.0002 39
