1741129374633 0.4530063569545746 0
1741129524576 0.2509952783584595 1
1741129675388 0.2087288647890091 2
1741129827951 0.18962165713310242 3
1741129981493 0.1758430153131485 4
1741130136358 0.16764776408672333 5
1741130292226 0.15848277509212494 6
1741130449582 0.15242016315460205 7
1741130607795 0.14587409794330597 8
1741130767293 0.140128955245018 9
1741130928597 0.13582675158977509 10
1741131091175 0.13155202567577362 11
1741131255045 0.12860141694545746 12
1741131420691 0.12519347667694092 13
1741131587299 0.12255299091339111 14
1741131755696 0.12017720937728882 15
1741131924896 0.11736200749874115 16
1741132096328 0.11526254564523697 17
1741132269740 0.11359076201915741 18
1741132443742 0.11137440800666809 19
1741132618716 0.10973386466503143 20
1741132795863 0.10784374177455902 21
1741132973423 0.10595159977674484 22
1741133152786 0.10444877296686172 23
1741133336325 0.10323365777730942 24
1741133519328 0.10299064218997955 25
1741133703181 0.101537324488163 26
1741133888126 0.10028790682554245 27
1741134074057 0.0985187515616417 28
1741134261835 0.09869926422834396 29
1741134450554 0.09687265008687973 30
1741134640338 0.09612984955310822 31
1741134832840 0.09507478773593903 32
1741135025699 0.09436348080635071 33
1741135220987 0.09372356534004211 34
1741135418401 0.09266039729118347 35
1741135615667 0.09271138161420822 36
1741135814150 0.09106303751468658 37
1741136012904 0.09038658440113068 38
1741136214226 0.08974030613899231 39
