1741136412420 0.10974354296922684 0
1741136607989 0.05338222300633788 1
1741136803423 0.039170369040220976 2
1741137001281 0.03209484205581248 3
1741137199958 0.0297941486351192 4
1741137399928 0.027322727255523205 5
1741137601763 0.02470806776545942 6
1741137809999 0.023661246756091714 7
1741138014687 0.022485047345981002 8
1741138220346 0.023292525205761194 9
1741138427292 0.021143615012988448 10
1741138639731 0.020322637632489204 11
1741138859317 0.020270678214728832 12
1741139075183 0.019873924553394318 13
1741139288852 0.019871699158102274 14
1741139501739 0.01929592154920101 15
1741139730468 0.020987431751564145 16
1741139961420 0.018167070811614394 17
1741140179510 0.01866166153922677 18
1741140397983 0.01851064502261579 19
1741140618137 0.019441517302766442 20
1741140838454 0.018606678349897265 21
1741141059478 0.018276305170729756 22
1741141302145 0.018528144108131528 23
1741141530264 0.018253409769386053 24
1741141757552 0.01790191442705691 25
1741141996224 0.01879681251011789 26
1741142238050 0.01771537959575653 27
1741142470375 0.01839245017617941 28
1741142720444 0.017735029570758343 29
1741142975590 0.01755615812726319 30
1741143221743 0.0181513752322644 31
1741143470946 0.018908408237621188 32
1741143721385 0.017222211230546236 33
1741143975851 0.018861376447603106 34
1741144237196 0.018079258501529694 35
1741144494352 0.017108653439208865 36
1741144740088 0.017350683454424143 37
1741144999923 0.017655038740485907 38
1741145259971 0.01768876821734011 39
