1741136412404 0.0002 0
1741136607973 0.0002 1
1741136803407 0.0002 2
1741137001265 0.0002 3
1741137199942 0.0002 4
1741137399912 0.0002 5
1741137601731 0.0002 6
1741137809999 0.0002 7
1741138014675 0.0002 8
1741138220316 0.0002 9
1741138427260 0.0002 10
1741138639720 0.0002 11
1741138859305 0.0002 12
1741139075172 0.0002 13
1741139288835 0.0002 14
1741139501727 0.0002 15
1741139730436 0.0002 16
1741139961408 0.0002 17
1741140179498 0.0002 18
1741140397971 0.0002 19
1741140618124 0.0002 20
1741140838441 0.0002 21
1741141059466 0.0002 22
1741141302126 0.0002 23
1741141530248 0.0002 24
1741141757536 0.0002 25
1741141996200 0.0002 26
1741142238035 0.0002 27
1741142470359 0.0002 28
1741142720432 0.0002 29
1741142975557 0.0002 30
1741143221727 0.0002 31
1741143470933 0.0002 32
1741143721326 0.0002 33
1741143975836 0.0002 34
1741144237196 0.0002 35
1741144494340 0.0002 36
1741144740072 0.0002 37
1741144999898 0.0002 38
1741145259959 0.0002 39
