1741136412420 0.3262908458709717 0
1741136607989 0.1487533152103424 1
1741136803423 0.10835891962051392 2
1741137001265 0.0944937989115715 3
1741137199958 0.08658251166343689 4
1741137399928 0.08182065188884735 5
1741137601747 0.07818561047315598 6
1741137809999 0.07544418424367905 7
1741138014679 0.07314381003379822 8
1741138220320 0.07125114649534225 9
1741138427260 0.06935054063796997 10
1741138639724 0.0682612881064415 11
1741138859309 0.06690025329589844 12
1741139075176 0.06574028730392456 13
1741139288840 0.06479953229427338 14
1741139501731 0.06327787041664124 15
1741139730449 0.06266672164201736 16
1741139961412 0.061905957758426666 17
1741140179502 0.060806918889284134 18
1741140397975 0.05985747650265694 19
1741140618129 0.05899105966091156 20
1741140838445 0.05827939510345459 21
1741141059470 0.058139339089393616 22
1741141302133 0.05795477330684662 23
1741141530264 0.056524261832237244 24
1741141757536 0.05589379742741585 25
1741141996210 0.05523569509387016 26
1741142238050 0.05541377514600754 27
1741142470359 0.05472051352262497 28
1741142720436 0.054388437420129776 29
1741142975574 0.05404878780245781 30
1741143221743 0.0532270222902298 31
1741143470935 0.053011324256658554 32
1741143721360 0.0529383085668087 33
1741143975842 0.05220239236950874 34
1741144237196 0.05207500606775284 35
1741144494345 0.05121065303683281 36
1741144740072 0.05059420317411423 37
1741144999914 0.0504998080432415 38
1741145259963 0.04965919628739357 39
