1741125236481 0.0 0
1741125246561 20.9 1
1741125256645 21.5 2
1741125266750 21.5 3
1741125276901 20.9 4
1741125286988 20.4 5
1741125297077 23.3 6
1741125307171 26.7 7
1741125317237 14.4 8
1741125327336 24.0 9
1741125337413 30.5 10
1741125347476 23.7 11
1741125357558 25.3 12
1741125367587 31.0 13
1741125377618 28.9 14
1741125387697 29.0 15
1741125397747 23.0 16
1741125407793 21.1 17
1741125417908 24.2 18
1741125427937 25.4 19
1741125437990 27.1 20
1741125448038 28.5 21
1741125458128 26.5 22
1741125468189 21.9 23
1741125478237 33.8 24
1741125488263 33.2 25
1741125498319 28.5 26
1741125508403 28.2 27
1741125518499 20.0 28
1741125528586 31.4 29
1741125538686 30.3 30
1741125548944 22.1 31
1741125558980 27.7 32
1741125569026 32.9 33
1741125579110 21.6 34
1741125589207 22.2 35
1741125599300 25.9 36
1741125609336 19.8 37
1741125619612 30.2 38
1741125629723 24.1 39
1741125639769 22.6 40
1741125649804 28.2 41
1741125659847 22.1 42
1741125669896 20.0 43
1741125679987 23.8 44
1741125690233 20.4 45
1741125700292 22.0 46
1741125710361 24.9 47
1741125720445 19.1 48
1741125730595 24.0 49
1741125740935 27.3 50
1741125751073 16.8 51
1741125761123 22.4 52
1741125771179 22.3 53
1741125781273 23.2 54
1741125791322 20.4 55
1741125801374 22.3 56
1741125811477 21.2 57
1741125821500 23.0 58
1741125831557 20.4 59
1741125841655 22.0 60
1741125851689 19.2 61
1741125861732 22.3 62
1741125871825 22.8 63
1741125881875 18.7 64
1741125891915 23.5 65
1741125902273 22.6 66
1741125912312 22.1 67
1741125922366 18.6 68
1741125932405 22.4 69
1741125942455 26.9 70
1741125952494 27.4 71
1741125962580 24.1 72
1741125972603 20.7 73
1741125982647 25.0 74
1741125992743 24.0 75
1741126002787 22.2 76
1741126012822 17.9 77
1741126022845 24.0 78
1741126032889 19.8 79
1741126042951 21.5 80
1741126053058 23.5 81
1741126063086 19.5 82
1741126073121 22.5 83
1741126083204 25.7 84
1741126093256 21.0 85
1741126103313 18.3 86
1741126113411 22.3 87
1741126123451 18.7 88
1741126133487 23.6 89
1741126143982 23.4 90
1741126154015 19.2 91
1741126164095 21.4 92
1741126174301 30.7 93
1741126184414 26.6 94
1741126194442 18.7 95
1741126204545 23.7 96
1741126214572 19.9 97
1741126224605 21.4 98
1741126234696 22.3 99
1741126245151 18.2 100
1741126255574 22.2 101
1741126265878 23.4 102
1741126276004 22.8 103
1741126286052 16.3 104
1741126296156 24.3 105
1741126306176 19.1 106
1741126316225 21.9 107
1741126326393 22.1 108
1741126336458 18.3 109
1741126346510 21.7 110
1741126356585 22.8 111
1741126366630 20.7 112
1741126376681 17.2 113
1741126386915 22.9 114
1741126397137 19.7 115
1741126407165 21.5 116
1741126417238 21.9 117
1741126427291 22.0 118
1741126437317 20.8 119
1741126447367 21.9 120
1741126457467 24.8 121
1741126467539 14.0 122
1741126477590 24.8 123
1741126487638 21.0 124
1741126497663 19.7 125
1741126507714 22.5 126
1741126517812 21.1 127
1741126527836 18.8 128
1741126538230 21.1 129
1741126548301 23.5 130
1741126558639 20.0 131
1741126568723 19.3 132
1741126578847 22.5 133
1741126588901 19.8 134
1741126598947 21.4 135
1741126608998 22.1 136
1741126619041 18.5 137
1741126629081 20.2 138
1741126639678 23.2 139
1741126649707 20.2 140
1741126659756 18.0 141
1741126669814 22.0 142
1741126679839 19.2 143
1741126689881 21.6 144
1741126699994 21.8 145
1741126710035 19.1 146
1741126720430 21.6 147
1741126730493 19.8 148
1741126740536 23.3 149
1741126750575 19.0 150
1741126760687 20.4 151
1741126770749 19.0 152
1741126780814 21.3 153
1741126790850 22.2 154
1741126800883 19.1 155
1741126810924 21.6 156
1741126821370 21.4 157
1741126831514 19.2 158
1741126841563 22.5 159
1741126851627 17.6 160
1741126861678 18.9 161
1741126871735 22.2 162
1741126881832 20.4 163
1741126891875 18.4 164
1741126901979 22.2 165
1741126912595 20.9 166
1741126922781 17.6 167
1741126932829 25.0 168
1741126942870 21.5 169
1741126952970 13.8 170
1741126963015 22.3 171
1741126973083 20.4 172
1741126983258 19.6 173
1741126993312 21.3 174
1741127003374 25.6 175
1741127013469 24.5 176
1741127023520 20.2 177
1741127033571 25.0 178
1741127043607 24.0 179
1741127053656 13.8 180
1741127063696 24.6 181
1741127073732 20.3 182
1741127083944 17.7 183
1741127094271 21.3 184
1741127104533 20.8 185
1741127114889 19.0 186
1741127125088 21.2 187
1741127135192 22.5 188
1741127145234 17.0 189
1741127155732 19.3 190
1741127165969 20.9 191
1741127176207 18.8 192
1741127186663 20.4 193
1741127197056 22.2 194
1741127207519 18.2 195
1741127217585 22.1 196
1741127227705 21.6 197
1741127237758 20.4 198
1741127247804 16.3 199
1741127257903 20.2 200
1741127267958 18.2 201
1741127278002 22.1 202
1741127288100 21.3 203
1741127298156 18.2 204
1741127308735 20.3 205
1741127318826 21.8 206
1741127329087 19.9 207
1741127339120 21.7 208
1741127349188 18.7 209
1741127359308 19.6 210
1741127369356 18.8 211
1741127379525 20.9 212
1741127390037 19.8 213
1741127400670 18.7 214
1741127411302 20.6 215
1741127421412 20.5 216
1741127431483 17.8 217
1741127441532 21.8 218
1741127451563 19.6 219
1741127461621 16.3 220
1741127471661 21.2 221
1741127482182 20.0 222
1741127492816 17.4 223
1741127502872 21.4 224
1741127512920 21.9 225
1741127522980 18.2 226
1741127533059 19.7 227
1741127543150 21.3 228
1741127553662 17.5 229
1741127564405 17.7 230
1741127575118 20.4 231
1741127585779 21.1 232
1741127596504 18.5 233
1741127607224 20.2 234
1741127617986 20.3 235
1741127628264 20.1 236
1741127638352 21.0 237
1741127648451 22.6 238
1741127658506 15.2 239
1741127669243 19.7 240
1741127680039 19.4 241
1741127690095 20.9 242
1741127701721 18.6 243
1741127711774 20.0 244
1741127721877 21.5 245
1741127731930 17.8 246
1741127741976 18.6 247
1741127752015 23.0 248
1741127762061 18.2 249
1741127772658 16.9 250
1741127783543 19.2 251
1741127793595 17.3 252
1741127803662 21.0 253
1741127813747 20.7 254
1741127824533 17.4 255
1741127834616 19.0 256
1741127844665 18.9 257
1741127854706 19.7 258
1741127866102 21.1 259
1741127876154 16.4 260
1741127886273 21.0 261
1741127896330 17.8 262
1741127906374 20.1 263
1741127916473 20.5 264
1741127926872 18.1 265
1741127936925 21.9 266
1741127947038 20.5 267
1741127957754 16.0 268
1741127967817 21.2 269
1741127977919 20.5 270
1741127987986 12.6 271
1741127998813 22.1 272
1741128008911 19.6 273
1741128018975 18.2 274
1741128029435 22.0 275
1741128040462 18.6 276
1741128050603 20.0 277
1741128060656 16.3 278
1741128070708 22.1 279
1741128080870 21.8 280
1741128091094 12.3 281
1741128101168 19.6 282
1741128111217 20.9 283
1741128121927 18.5 284
1741128131987 19.6 285
1741128142106 20.9 286
1741128152164 17.5 287
1741128162734 19.5 288
1741128172797 16.8 289
1741128183208 20.2 290
1741128193265 20.3 291
1741128204244 16.3 292
1741128214284 16.5 293
1741128224330 20.7 294
1741128235210 20.4 295
1741128245268 16.1 296
1741128255339 20.8 297
1741128265399 20.5 298
1741128277299 16.5 299
1741128287421 17.5 300
1741128297445 22.2 301
1741128307584 21.6 302
1741128318343 12.8 303
1741128328386 19.9 304
1741128338482 20.6 305
1741128348516 17.0 306
1741128358574 20.7 307
1741128369603 19.9 308
1741128379646 15.7 309
1741128389684 21.6 310
1741128399812 18.3 311
1741128409859 18.1 312
1741128419907 19.2 313
1741128430726 16.5 314
1741128440787 16.2 315
1741128450838 19.8 316
1741128460879 19.3 317
1741128470936 17.9 318
1741128480999 19.9 319
1741128491043 20.9 320
1741128501102 16.6 321
1741128511170 18.1 322
1741128521222 21.9 323
1741128531287 19.5 324
1741128541336 15.2 325
1741128551397 20.8 326
1741128561560 20.8 327
1741128571608 17.1 328
1741128581791 20.7 329
1741128591841 18.1 330
1741128602124 18.8 331
1741128612490 18.2 332
1741128622840 23.0 333
1741128633035 18.8 334
1741128644203 19.2 335
1741128654238 16.2 336
1741128664917 19.8 337
1741128674989 19.0 338
1741128685614 21.9 339
1741128695665 15.8 340
1741128706240 20.1 341
1741128716290 19.9 342
1741128726328 17.7 343
1741128736620 17.3 344
1741128747132 19.7 345
1741128757222 19.7 346
1741128767270 13.7 347
1741128777661 20.3 348
1741128787768 18.8 349
1741128798232 17.8 350
1741128808278 17.8 351
1741128818894 20.9 352
1741128828945 16.2 353
1741128839771 20.3 354
1741128850828 18.2 355
1741128861508 15.8 356
1741128871552 19.8 357
1741128882678 19.0 358
1741128892732 16.8 359
1741128903645 18.6 360
1741128913692 17.9 361
1741128924259 21.0 362
1741128934301 15.8 363
1741128945191 20.1 364
1741128955244 18.6 365
1741128965936 17.9 366
1741128976838 17.4 367
1741128986890 20.1 368
1741128997321 16.6 369
1741129007379 15.1 370
1741129018362 23.3 371
1741129028453 17.8 372
1741129039297 17.6 373
1741129049345 18.8 374
1741129060474 20.4 375
1741129070516 16.1 376
1741129080580 21.6 377
1741129091077 17.5 378
1741129101822 17.4 379
1741129113158 18.8 380
1741129123211 16.0 381
1741129133266 21.3 382
1741129143609 16.8 383
1741129153658 17.7 384
1741129164799 20.7 385
1741129174849 15.6 386
1741129185953 20.0 387
1741129197304 19.4 388
1741129208390 15.0 389
1741129219407 20.0 390
1741129229440 19.9 391
1741129239734 16.9 392
1741129249776 17.0 393
1741129259831 24.1 394
1741129269930 21.6 395
1741129279993 18.5 396
1741129290044 20.5 397
1741129300141 20.9 398
1741129310177 18.5 399
1741129321329 20.4 400
1741129332200 20.7 401
1741129342474 16.9 402
1741129352527 22.9 403
1741129362584 22.9 404
1741129372667 19.9 405
1741129382718 22.5 406
1741129392847 17.4 407
1741129402966 16.1 408
1741129413017 21.6 409
1741129423107 20.1 410
1741129433187 21.0 411
1741129444283 19.3 412
1741129454331 18.7 413
1741129464429 21.7 414
1741129474491 17.9 415
1741129484543 20.4 416
1741129494591 19.0 417
1741129505476 19.3 418
1741129515532 19.5 419
1741129525804 22.4 420
1741129536319 16.9 421
1741129546378 16.4 422
1741129556472 21.9 423
1741129566529 17.9 424
1741129576618 20.3 425
1741129587896 19.9 426
1741129597945 16.8 427
1741129607994 21.9 428
1741129618058 21.0 429
1741129629294 17.2 430
1741129639347 17.3 431
1741129649428 21.9 432
1741129659547 22.5 433
1741129670645 18.2 434
1741129680696 19.6 435
1741129690827 21.2 436
1741129700872 13.0 437
1741129710922 21.7 438
1741129721012 20.0 439
1741129731069 17.1 440
1741129741119 20.6 441
1741129751209 19.5 442
1741129761259 17.7 443
1741129772348 19.8 444
1741129782457 18.5 445
1741129792507 16.0 446
1741129802558 22.3 447
1741129813543 20.8 448
1741129823623 16.9 449
1741129833657 21.3 450
1741129843724 18.6 451
1741129853765 14.1 452
1741129863822 21.4 453
1741129873892 20.7 454
1741129884008 18.4 455
1741129894058 19.2 456
1741129905265 20.5 457
1741129915310 19.1 458
1741129925363 18.7 459
1741129935413 21.6 460
1741129945510 17.9 461
1741129956667 18.4 462
1741129966710 20.1 463
1741129976814 20.8 464
1741129986864 18.7 465
1741129996908 19.7 466
1741130007018 16.0 467
1741130017069 18.1 468
1741130027117 19.9 469
1741130037214 21.4 470
1741130047280 17.0 471
1741130057338 20.3 472
1741130067455 19.1 473
1741130077501 17.3 474
1741130088826 19.8 475
1741130098948 17.1 476
1741130109054 18.0 477
1741130119109 19.5 478
1741130129185 22.0 479
1741130139245 18.2 480
1741130149308 20.2 481
1741130159354 15.5 482
1741130169456 17.7 483
1741130179530 19.3 484
1741130189624 20.2 485
1741130199750 18.7 486
1741130209797 18.0 487
1741130219846 21.0 488
1741130231219 19.4 489
1741130241270 16.3 490
1741130251845 19.8 491
1741130261950 17.4 492
1741130272009 18.6 493
1741130282200 21.0 494
1741130293567 19.4 495
1741130304374 16.9 496
1741130314639 16.8 497
1741130324686 22.3 498
1741130334734 19.2 499
1741130344771 20.0 500
1741130354840 20.9 501
1741130364978 18.5 502
1741130375029 18.7 503
1741130385093 19.7 504
1741130395149 18.7 505
1741130406369 18.7 506
1741130416611 17.6 507
1741130426781 20.4 508
1741130437007 18.1 509
1741130447108 20.3 510
1741130457198 20.9 511
1741130468403 14.9 512
1741130478499 18.3 513
1741130488605 19.7 514
1741130498935 17.4 515
1741130509010 19.6 516
1741130519126 20.0 517
1741130529164 17.7 518
1741130539214 20.7 519
1741130549312 19.8 520
1741130559364 17.4 521
1741130569609 18.6 522
1741130579840 19.9 523
1741130590051 18.4 524
1741130600372 20.3 525
1741130610468 20.0 526
1741130620595 19.7 527
1741130630650 13.4 528
1741130640711 22.0 529
1741130650831 18.7 530
1741130660884 16.8 531
1741130670935 19.8 532
1741130681035 19.3 533
1741130691236 17.1 534
1741130701377 20.3 535
1741130711740 19.4 536
1741130721797 17.1 537
1741130731839 18.6 538
1741130741944 20.6 539
1741130751980 17.6 540
1741130762234 20.3 541
1741130772322 19.6 542
1741130783089 16.6 543
1741130793379 14.6 544
1741130803836 20.2 545
1741130814148 17.2 546
1741130824460 19.7 547
1741130834760 20.5 548
1741130844975 16.9 549
1741130855272 19.5 550
1741130865553 20.6 551
1741130875841 18.2 552
1741130886872 19.9 553
1741130897369 18.2 554
1741130907644 19.7 555
1741130918323 17.7 556
1741130928597 20.1 557
1741130940955 20.3 558
1741130951432 12.3 559
1741130961793 20.8 560
1741130972274 19.0 561
1741130982520 19.6 562
1741130992787 16.8 563
1741131003210 19.3 564
1741131013358 19.5 565
1741131023621 17.2 566
1741131034127 19.5 567
1741131044214 20.1 568
1741131054276 15.3 569
1741131064711 19.9 570
1741131075071 19.4 571
1741131085738 17.5 572
1741131095793 19.3 573
1741131107267 20.0 574
1741131117661 15.6 575
1741131127972 16.7 576
1741131138382 18.6 577
1741131148885 19.4 578
1741131159405 16.4 579
1741131169877 19.1 580
1741131180196 19.7 581
1741131190573 17.0 582
1741131201028 19.6 583
1741131212502 20.1 584
1741131223221 16.6 585
1741131233919 19.3 586
1741131244470 21.3 587
1741131256514 19.3 588
1741131267692 16.2 589
1741131278267 14.4 590
1741131288920 20.8 591
1741131299434 20.0 592
1741131309919 16.9 593
1741131320451 19.1 594
1741131330807 18.5 595
1741131341290 16.3 596
1741131351893 19.8 597
1741131362456 19.7 598
1741131372553 19.2 599
1741131382632 15.4 600
1741131393637 18.9 601
1741131404493 20.8 602
1741131415465 17.0 603
1741131425510 19.9 604
1741131436691 20.4 605
1741131447400 11.6 606
1741131457897 19.4 607
1741131468420 18.8 608
1741131479014 20.9 609
1741131489479 16.8 610
1741131500102 19.3 611
1741131510689 19.6 612
1741131521318 17.1 613
1741131532040 18.6 614
1741131543532 20.1 615
1741131554477 16.9 616
1741131565404 17.9 617
1741131576436 19.7 618
1741131587299 19.1 619
1741131599922 18.6 620
1741131610648 12.9 621
1741131621219 21.4 622
1741131631740 18.6 623
1741131642356 17.4 624
1741131653033 19.8 625
1741131663735 19.6 626
1741131674319 19.6 627
1741131685294 16.7 628
1741131696022 18.6 629
1741131706078 19.4 630
1741131716798 16.4 631
1741131728081 17.8 632
1741131739116 19.5 633
1741131750188 19.1 634
1741131760238 16.8 635
1741131770286 19.5 636
1741131780400 16.5 637
1741131790455 16.2 638
1741131800768 19.0 639
1741131811360 18.0 640
1741131822235 17.0 641
1741131833098 18.3 642
1741131843885 20.0 643
1741131854581 18.4 644
1741131865313 16.4 645
1741131875377 19.8 646
1741131886161 17.1 647
1741131897446 16.9 648
1741131908351 19.8 649
1741131919368 19.2 650
1741131929456 19.5 651
1741131939506 16.4 652
1741131949556 15.6 653
1741131959671 19.8 654
1741131970396 15.9 655
1741131981357 19.0 656
1741131992274 17.9 657
1741132003012 16.6 658
1741132013803 19.4 659
1741132024755 19.5 660
1741132035721 19.4 661
1741132045756 16.4 662
1741132056885 16.8 663
1741132068146 19.0 664
1741132079405 17.8 665
1741132090847 18.1 666
1741132100899 18.7 667
1741132111025 19.8 668
1741132121068 11.4 669
1741132131331 21.8 670
1741132142168 19.5 671
1741132153155 17.2 672
1741132164120 18.9 673
1741132175185 18.6 674
1741132186081 19.2 675
1741132197071 16.8 676
1741132208094 18.1 677
1741132218182 19.0 678
1741132229549 13.7 679
1741132239601 17.8 680
1741132249875 20.9 681
1741132261367 18.3 682
1741132271417 17.3 683
1741132282837 18.0 684
1741132293689 15.3 685
1741132304819 16.9 686
1741132316133 17.8 687
1741132327173 18.9 688
1741132338108 18.5 689
1741132349224 16.4 690
1741132360233 19.7 691
1741132371393 18.8 692
1741132382408 19.6 693
1741132392450 16.6 694
1741132404028 15.9 695
1741132415460 19.1 696
1741132426779 18.9 697
1741132438187 17.1 698
1741132448233 18.9 699
1741132458336 18.8 700
1741132468388 11.2 701
1741132478865 21.2 702
1741132490005 17.3 703
1741132501062 19.7 704
1741132511971 17.0 705
1741132523016 18.3 706
1741132533947 19.1 707
1741132545035 16.3 708
1741132556240 18.0 709
1741132566544 19.2 710
1741132578046 17.0 711
1741132588111 16.9 712
1741132598409 21.0 713
1741132610177 17.3 714
1741132620427 19.5 715
1741132632134 15.4 716
1741132643262 15.1 717
1741132654384 19.3 718
1741132665711 17.8 719
1741132677033 17.5 720
1741132688249 20.2 721
1741132699398 18.5 722
1741132710600 17.2 723
1741132721628 17.7 724
1741132732890 17.8 725
1741132743218 18.6 726
1741132753259 13.9 727
1741132763844 20.3 728
1741132775419 18.2 729
1741132785533 18.6 730
1741132795863 17.8 731
1741132809119 18.3 732
1741132820565 14.5 733
1741132831700 20.6 734
1741132842819 16.4 735
1741132854130 18.3 736
1741132865442 18.7 737
1741132876708 18.3 738
1741132887976 15.8 739
1741132899269 19.3 740
1741132910491 18.5 741
1741132920765 19.0 742
1741132930843 13.3 743
1741132941528 20.4 744
1741132953213 18.2 745
1741132964761 16.5 746
1741132975066 18.6 747
1741132986720 18.1 748
1741132997902 15.4 749
1741133009141 16.4 750
1741133020524 17.9 751
1741133031978 18.7 752
1741133043217 20.3 753
1741133054582 16.4 754
1741133066006 18.6 755
1741133077427 18.6 756
1741133088728 18.6 757
1741133099142 16.4 758
1741133109212 16.5 759
1741133120012 20.5 760
1741133131682 15.3 761
1741133141759 18.1 762
1741133152786 20.3 763
1741133166010 17.7 764
1741133177310 15.3 765
1741133188677 16.2 766
1741133198745 18.1 767
1741133208812 20.0 768
1741133219390 16.5 769
1741133230997 16.7 770
1741133242353 18.7 771
1741133254116 18.3 772
1741133264183 19.1 773
1741133274743 25.8 774
1741133285175 18.7 775
1741133295255 14.5 776
1741133306668 24.0 777
1741133318372 15.2 778
1741133328446 16.7 779
1741133338574 17.7 780
1741133349532 14.4 781
1741133361062 10.5 782
1741133373121 16.9 783
1741133383241 22.3 784
1741133393734 21.3 785
1741133405218 17.9 786
1741133416622 18.4 787
1741133427990 18.1 788
1741133439367 16.1 789
1741133450722 18.9 790
1741133462373 18.2 791
1741133472488 16.2 792
1741133483440 18.0 793
1741133493515 17.2 794
1741133504303 20.6 795
1741133514376 15.2 796
1741133524442 20.6 797
1741133534568 17.5 798
1741133544632 11.7 799
1741133555987 18.9 800
1741133567650 18.3 801
1741133579310 19.2 802
1741133591061 16.0 803
1741133602612 18.5 804
1741133614240 19.4 805
1741133625713 18.3 806
1741133637494 16.3 807
1741133648407 19.4 808
1741133658487 15.9 809
1741133669871 20.7 810
1741133679952 15.3 811
1741133691202 19.4 812
1741133703150 17.5 813
1741133716626 18.1 814
1741133728239 11.9 815
1741133739947 19.4 816
1741133751527 18.5 817
1741133763283 18.6 818
1741133774781 18.2 819
1741133786326 16.1 820
1741133798020 18.1 821
1741133809720 18.9 822
1741133821414 18.4 823
1741133832362 16.5 824
1741133842439 16.4 825
1741133854184 19.7 826
1741133864311 18.2 827
1741133875630 17.3 828
1741133885698 17.1 829
1741133895790 20.2 830
1741133905858 13.1 831
1741133917601 16.4 832
1741133929383 18.8 833
1741133941175 18.4 834
1741133952948 17.5 835
1741133964731 18.4 836
1741133976352 17.6 837
1741133987921 18.8 838
1741133999477 18.6 839
1741134011195 16.6 840
1741134021278 18.9 841
1741134031391 15.7 842
1741134043249 17.6 843
1741134053337 17.6 844
1741134064996 20.4 845
1741134075959 17.4 846
1741134087916 14.7 847
1741134099805 14.9 848
1741134111535 19.4 849
1741134123348 17.9 850
1741134135022 17.9 851
1741134146790 15.9 852
1741134158621 18.1 853
1741134168689 18.6 854
1741134178815 19.8 855
1741134190230 16.0 856
1741134202070 17.3 857
1741134212220 15.3 858
1741134222279 17.4 859
1741134233892 18.9 860
1741134243974 16.5 861
1741134255734 20.9 862
1741134265801 14.8 863
1741134275869 19.2 864
1741134287402 14.9 865
1741134297489 16.7 866
1741134307578 19.4 867
1741134319014 18.6 868
1741134330962 16.6 869
1741134342820 15.7 870
1741134352883 18.9 871
1741134362972 20.2 872
1741134374526 16.4 873
1741134384607 17.1 874
1741134394667 19.7 875
1741134406472 15.9 876
1741134416542 15.0 877
1741134426597 19.9 878
1741134437803 19.2 879
1741134447882 14.6 880
1741134457944 18.1 881
1741134468494 17.3 882
1741134480500 14.3 883
1741134492376 18.4 884
1741134502439 17.8 885
1741134516191 18.6 886
1741134528117 18.2 887
1741134538182 15.9 888
1741134548256 19.9 889
1741134560181 17.5 890
1741134572077 17.7 891
1741134583408 16.0 892
1741134593489 15.6 893
1741134603584 21.4 894
1741134615013 17.3 895
1741134625079 15.5 896
1741134635157 20.4 897
1741134645270 18.3 898
1741134655333 14.8 899
1741134666246 15.0 900
1741134676391 17.2 901
1741134686549 17.4 902
1741134696606 16.4 903
1741134706712 20.5 904
1741134718665 15.1 905
1741134728737 18.0 906
1741134738844 20.6 907
1741134750873 15.7 908
1741134760937 16.6 909
1741134771342 20.0 910
1741134781467 14.0 911
1741134791535 17.1 912
1741134801616 19.7 913
1741134813457 18.2 914
1741134823511 14.7 915
1741134834770 20.4 916
1741134847003 16.4 917
1741134859028 16.3 918
1741134869231 16.1 919
1741134879289 18.8 920
1741134889342 16.6 921
1741134899547 20.8 922
1741134909626 15.2 923
1741134919707 19.4 924
1741134931696 17.2 925
1741134941781 16.2 926
1741134952002 19.5 927
1741134964124 17.4 928
1741134974214 13.4 929
1741134984269 18.2 930
1741134994386 20.6 931
1741135004542 17.9 932
1741135016246 16.3 933
1741135027643 17.6 934
1741135039822 16.5 935
1741135049928 14.8 936
1741135060305 17.9 937
1741135070394 17.7 938
1741135081206 23.5 939
1741135091285 14.7 940
1741135101413 19.2 941
1741135113496 17.3 942
1741135123579 15.3 943
1741135134083 19.2 944
1741135144209 17.4 945
1741135154592 17.0 946
1741135165536 17.0 947
1741135175630 15.1 948
1741135185714 20.1 949
1741135195785 16.3 950
1741135205832 18.0 951
1741135217846 18.1 952
1741135227907 15.0 953
1741135239115 16.6 954
1741135249192 15.1 955
1741135260584 18.2 956
1741135270677 21.3 957
1741135282029 24.0 958
1741135292084 17.8 959
1741135302585 17.5 960
1741135312668 17.6 961
1741135322965 20.0 962
1741135333047 14.4 963
1741135343510 20.0 964
1741135356108 16.4 965
1741135366201 15.1 966
1741135376276 16.5 967
1741135386366 18.8 968
1741135396435 18.8 969
1741135406516 16.7 970
1741135418401 18.9 971
1741135428506 16.3 972
1741135438570 13.3 973
1741135449037 17.9 974
1741135459097 15.6 975
1741135469796 17.1 976
1741135479845 17.4 977
1741135490880 19.5 978
1741135500970 17.2 979
1741135511216 17.3 980
1741135521293 16.4 981
1741135531897 21.3 982
1741135541975 14.3 983
1741135552730 19.7 984
1741135562796 14.9 985
1741135572860 16.4 986
1741135582947 19.0 987
1741135593012 19.7 988
1741135603111 16.7 989
1741135613183 17.9 990
1741135623257 18.9 991
1741135634066 13.0 992
1741135644140 15.0 993
1741135654804 19.5 994
1741135664870 14.4 995
1741135675582 20.2 996
1741135685705 17.4 997
1741135696453 18.2 998
1741135706546 14.9 999
1741135717493 20.1 1000
1741135727560 16.2 1001
1741135738490 17.1 1002
1741135751261 19.0 1003
1741135761348 14.9 1004
1741135771421 18.9 1005
1741135781495 16.8 1006
1741135791576 19.3 1007
1741135801642 19.4 1008
1741135811733 15.8 1009
1741135821798 17.5 1010
1741135832633 16.5 1011
1741135842709 11.2 1012
1741135853421 20.7 1013
1741135863502 16.6 1014
1741135874264 17.3 1015
1741135884337 16.5 1016
1741135894896 19.4 1017
1741135904952 13.6 1018
1741135915808 20.2 1019
1741135925868 16.8 1020
1741135936594 17.0 1021
1741135949502 17.2 1022
1741135959685 14.3 1023
1741135969784 18.5 1024
1741135979847 16.1 1025
1741135989923 18.9 1026
1741136000000 20.0 1027
1741136010092 16.2 1028
1741136020166 17.9 1029
1741136031679 17.6 1030
1741136041741 14.9 1031
1741136052516 17.6 1032
1741136062591 16.2 1033
1741136073478 19.6 1034
1741136083560 14.2 1035
1741136094767 18.9 1036
1741136104840 16.9 1037
1741136115543 16.8 1038
1741136125613 15.9 1039
1741136136400 19.6 1040
1741136149284 14.8 1041
1741136159765 15.6 1042
1741136170055 18.9 1043
1741136180272 17.8 1044
1741136190456 15.3 1045
1741136200700 18.5 1046
1741136210787 18.2 1047
1741136220859 16.6 1048
1741136230925 18.5 1049
1741136241871 16.2 1050
1741136251927 16.1 1051
1741136263268 19.1 1052
1741136273325 16.8 1053
1741136284818 22.6 1054
1741136294861 14.5 1055
1741136306259 20.0 1056
1741136316380 17.7 1057
1741136327390 16.9 1058
1741136337429 17.5 1059
1741136348525 20.2 1060
1741136359819 15.7 1061
1741136370649 13.7 1062
1741136380987 19.5 1063
1741136391516 18.4 1064
1741136402069 17.0 1065
1741136412420 19.5 1066
1741136427322 16.9 1067
1741136437477 15.0 1068
1741136448883 20.1 1069
1741136458960 15.6 1070
1741136469973 19.9 1071
1741136480071 16.5 1072
1741136490986 16.6 1073
1741136501066 16.0 1074
1741136512109 20.1 1075
1741136522177 14.1 1076
1741136533300 19.0 1077
1741136543367 16.7 1078
1741136553617 18.8 1079
1741136563801 11.0 1080
1741136573993 17.4 1081
1741136584129 18.1 1082
1741136594288 15.2 1083
1741136604763 18.3 1084
1741136614838 17.0 1085
1741136626827 14.3 1086
1741136636899 14.7 1087
1741136647963 20.3 1088
1741136658044 17.4 1089
1741136669073 17.1 1090
1741136679142 16.3 1091
1741136690210 18.4 1092
1741136700283 14.3 1093
1741136711471 19.7 1094
1741136721608 16.3 1095
1741136732590 16.6 1096
1741136745474 16.8 1097
1741136755785 14.9 1098
1741136765937 18.3 1099
1741136776259 15.8 1100
1741136786539 17.7 1101
1741136796784 18.6 1102
1741136806843 15.4 1103
1741136818205 18.8 1104
1741136828308 13.2 1105
1741136839421 19.6 1106
1741136849502 14.3 1107
1741136860804 19.4 1108
1741136870892 16.4 1109
1741136881996 17.1 1110
1741136892082 16.3 1111
1741136903713 20.0 1112
1741136913789 15.7 1113
1741136925096 17.1 1114
1741136935168 16.5 1115
1741136945710 18.9 1116
1741136956092 11.4 1117
1741136966748 18.3 1118
1741136977263 17.1 1119
1741136987680 15.4 1120
1741136998119 19.2 1121
1741137008197 17.9 1122
1741137020175 15.4 1123
1741137030244 13.5 1124
1741137041846 20.2 1125
1741137051910 15.9 1126
1741137063349 17.4 1127
1741137073416 16.9 1128
1741137085187 19.9 1129
1741137095256 16.2 1130
1741137106518 16.4 1131
1741137116587 15.6 1132
1741137128013 19.8 1133
1741137140911 13.7 1134
1741137151370 14.3 1135
1741137161753 18.2 1136
1741137172318 17.2 1137
1741137182921 15.3 1138
1741137193272 18.5 1139
1741137203367 17.7 1140
1741137214801 16.1 1141
1741137224867 12.9 1142
1741137236700 20.4 1143
1741137246843 16.1 1144
1741137258224 16.6 1145
1741137268288 16.3 1146
1741137279863 19.2 1147
1741137289935 15.9 1148
1741137301575 17.2 1149
1741137311647 15.9 1150
1741137323339 19.9 1151
1741137333382 13.6 1152
1741137344220 19.0 1153
1741137354686 13.8 1154
1741137364982 18.2 1155
1741137375529 15.5 1156
1741137386045 18.2 1157
1741137396592 17.3 1158
1741137406672 15.5 1159
1741137416753 18.2 1160
1741137428030 15.7 1161
1741137438094 13.0 1162
1741137449945 19.3 1163
1741137460024 16.3 1164
1741137471728 18.5 1165
1741137481806 14.7 1166
1741137493448 19.9 1167
1741137503589 15.9 1168
1741137515165 16.2 1169
1741137525231 16.5 1170
1741137536579 19.3 1171
1741137548618 16.7 1172
1741137559315 14.8 1173
1741137570154 18.2 1174
1741137580906 18.4 1175
1741137591442 17.4 1176
1741137601763 15.6 1177
1741137616786 16.4 1178
1741137626849 15.0 1179
1741137638705 19.9 1180
1741137648784 13.7 1181
1741137660816 20.5 1182
1741137670873 16.0 1183
1741137682927 18.8 1184
1741137693026 14.5 1185
1741137703095 26.3 1186
1741137713166 21.3 1187
1741137723233 18.9 1188
1741137735424 22.8 1189
1741137748825 16.8 1190
1741137759346 13.8 1191
1741137770220 15.4 1192
1741137780882 17.6 1193
1741137792600 17.2 1194
1741137803153 21.6 1195
1741137813214 15.4 1196
1741137825280 16.8 1197
1741137835352 13.9 1198
1741137847514 20.1 1199
1741137857566 13.6 1200
1741137869340 19.0 1201
1741137879454 16.2 1202
1741137891261 16.2 1203
1741137901332 15.4 1204
1741137913435 19.9 1205
1741137923580 15.1 1206
1741137935394 16.2 1207
1741137945472 16.3 1208
1741137957103 18.0 1209
1741137967885 13.1 1210
1741137978624 15.2 1211
1741137989462 17.6 1212
1741138000543 18.2 1213
1741138011400 16.5 1214
1741138021478 15.4 1215
1741138031557 17.3 1216
1741138043404 15.1 1217
1741138053470 14.8 1218
1741138065509 18.4 1219
1741138075583 17.5 1220
1741138087912 19.4 1221
1741138097964 13.9 1222
1741138110121 19.0 1223
1741138120231 15.5 1224
1741138132456 17.6 1225
1741138142533 14.9 1226
1741138154645 19.9 1227
1741138166898 14.9 1228
1741138177689 13.9 1229
1741138188464 15.2 1230
1741138199089 17.4 1231
1741138209895 17.1 1232
1741138220320 14.8 1233
1741138230394 17.5 1234
1741138240499 16.9 1235
1741138250579 12.8 1236
1741138262472 17.9 1237
1741138272556 16.1 1238
1741138284799 18.8 1239
1741138294864 13.7 1240
1741138307076 19.2 1241
1741138317143 15.6 1242
1741138329554 19.9 1243
1741138339634 13.2 1244
1741138349692 18.9 1245
1741138360565 18.1 1246
1741138372793 13.0 1247
1741138383691 14.3 1248
1741138394728 17.4 1249
1741138405520 17.2 1250
1741138416511 14.7 1251
1741138427260 16.7 1252
1741138437344 17.1 1253
1741138447485 17.2 1254
1741138457557 14.3 1255
1741138467612 19.3 1256
1741138477655 20.8 1257
1741138490062 20.7 1258
1741138500742 20.7 1259
1741138510864 33.0 1260
1741138523138 16.3 1261
1741138533260 13.7 1262
1741138543384 15.5 1263
1741138555515 14.5 1264
1741138565648 13.4 1265
1741138578204 16.3 1266
1741138589434 10.7 1267
1741138600285 15.4 1268
1741138611110 15.0 1269
1741138621967 15.2 1270
1741138632799 15.2 1271
1741138642919 15.6 1272
1741138654985 14.6 1273
1741138665114 11.7 1274
1741138677448 18.2 1275
1741138687579 13.5 1276
1741138699944 16.9 1277
1741138710112 14.5 1278
1741138720256 17.2 1279
1741138730311 27.3 1280
1741138740440 25.3 1281
1741138750679 23.1 1282
1741138760790 18.5 1283
1741138773984 23.4 1284
1741138785570 18.2 1285
1741138797017 23.7 1286
1741138808122 16.4 1287
1741138818901 15.8 1288
1741138829928 15.2 1289
1741138841039 15.3 1290
1741138852069 14.8 1291
1741138862233 17.2 1292
1741138874598 14.5 1293
1741138884728 9.8 1294
1741138894861 16.8 1295
1741138906503 15.1 1296
1741138916640 13.6 1297
1741138929161 16.1 1298
1741138939291 13.6 1299
1741138949442 16.7 1300
1741138961015 14.6 1301
1741138971078 14.7 1302
1741138981199 16.9 1303
1741138992944 14.7 1304
1741139008138 13.7 1305
1741139020278 16.1 1306
1741139032110 18.9 1307
1741139044026 18.4 1308
1741139055433 17.6 1309
1741139067352 15.8 1310
1741139077657 25.2 1311
1741139091252 19.7 1312
1741139101857 16.4 1313
1741139112007 21.4 1314
1741139124551 16.5 1315
1741139134661 13.3 1316
1741139144768 16.2 1317
1741139156533 14.4 1318
1741139166669 13.3 1319
1741139176785 16.2 1320
1741139188761 14.3 1321
1741139198902 13.1 1322
1741139208971 17.0 1323
1741139220828 15.4 1324
1741139233375 13.3 1325
1741139244530 11.6 1326
1741139255655 14.9 1327
1741139266850 14.4 1328
1741139278245 14.3 1329
1741139291346 14.1 1330
1741139304421 13.0 1331
1741139314541 11.5 1332
1741139324657 16.2 1333
1741139336828 14.3 1334
1741139346965 13.3 1335
1741139357094 17.0 1336
1741139369004 16.0 1337
1741139379141 13.3 1338
1741139389217 15.9 1339
1741139401014 14.7 1340
1741139411124 13.2 1341
1741139421251 16.0 1342
1741139432717 15.0 1343
1741139442836 13.4 1344
1741139453079 13.4 1345
1741139464402 13.4 1346
1741139475666 15.2 1347
1741139487078 14.4 1348
1741139498235 14.6 1349
1741139508301 14.4 1350
1741139518421 13.9 1351
1741139530785 11.3 1352
1741139540909 13.3 1353
1741139551034 16.1 1354
1741139563092 14.7 1355
1741139573161 13.6 1356
1741139583308 16.6 1357
1741139596054 15.1 1358
1741139606519 18.7 1359
1741139616664 18.1 1360
1741139626749 15.6 1361
1741139636844 16.2 1362
1741139647019 16.8 1363
1741139657851 15.6 1364
1741139667942 12.4 1365
1741139680889 15.6 1366
1741139696388 16.4 1367
1741139706531 16.1 1368
1741139717751 22.0 1369
1741139730450 18.4 1370
1741139740516 15.7 1371
1741139750597 15.6 1372
1741139760683 11.9 1373
1741139770756 17.4 1374
1741139780890 16.7 1375
1741139790968 14.2 1376
1741139801046 16.3 1377
1741139811134 17.3 1378
1741139821232 14.5 1379
1741139831306 16.3 1380
1741139841443 17.7 1381
1741139851567 17.2 1382
1741139861725 17.3 1383
1741139871806 20.4 1384
1741139881978 17.7 1385
1741139894613 17.2 1386
1741139906027 10.6 1387
1741139918178 14.9 1388
1741139930197 16.8 1389
1741139942089 16.8 1390
1741139953959 16.3 1391
1741139964091 17.6 1392
1741139977321 13.2 1393
1741139987403 12.2 1394
1741139997527 16.6 1395
1741140009960 14.3 1396
1741140020084 13.7 1397
1741140030202 15.6 1398
1741140040337 14.6 1399
1741140052473 14.9 1400
1741140062609 14.5 1401
1741140072759 16.1 1402
1741140082887 14.0 1403
1741140095243 14.1 1404
1741140105410 14.0 1405
1741140115495 15.4 1406
1741140126045 11.1 1407
1741140137969 13.3 1408
1741140149441 15.1 1409
1741140160834 14.1 1410
1741140172206 14.9 1411
1741140182392 15.2 1412
1741140195454 13.6 1413
1741140205601 10.9 1414
1741140215750 16.0 1415
1741140228314 15.3 1416
1741140238451 13.3 1417
1741140248584 16.5 1418
1741140258707 14.6 1419
1741140270655 15.6 1420
1741140280770 13.3 1421
1741140290847 17.4 1422
1741140300987 14.6 1423
1741140313330 14.8 1424
1741140323453 13.7 1425
1741140333594 15.3 1426
1741140344240 11.5 1427
1741140356018 13.1 1428
1741140367637 14.7 1429
1741140379340 14.4 1430
1741140390699 13.9 1431
1741140400846 14.8 1432
1741140413829 13.9 1433
1741140423947 10.5 1434
1741140434062 16.1 1435
1741140444187 14.4 1436
1741140456836 14.6 1437
1741140466928 12.6 1438
1741140477057 16.0 1439
1741140487173 14.8 1440
1741140499344 14.1 1441
1741140509488 14.1 1442
1741140519628 16.2 1443
1741140529698 16.5 1444
1741140542060 14.9 1445
1741140552203 13.5 1446
1741140563768 11.0 1447
1741140575815 14.9 1448
1741140587272 14.0 1449
1741140599015 14.4 1450
1741140610567 15.1 1451
1741140620807 14.7 1452
1741140634232 12.4 1453
1741140644367 12.0 1454
1741140654450 16.2 1455
1741140664586 14.8 1456
1741140676872 14.1 1457
1741140687019 12.8 1458
1741140697171 15.5 1459
1741140709796 14.1 1460
1741140719937 12.9 1461
1741140730083 16.1 1462
1741140740235 14.4 1463
1741140752533 15.4 1464
1741140762691 13.3 1465
1741140772755 15.8 1466
1741140783551 12.5 1467
1741140795571 13.0 1468
1741140807342 14.3 1469
1741140819076 14.5 1470
1741140830928 14.6 1471
1741140841184 14.5 1472
1741140854627 12.3 1473
1741140864775 12.2 1474
1741140874947 15.4 1475
1741140885110 15.2 1476
1741140897319 13.8 1477
1741140907477 13.4 1478
1741140917629 15.9 1479
1741140927804 14.1 1480
1741140939915 14.3 1481
1741140949978 14.1 1482
1741140960122 16.0 1483
1741140970292 14.4 1484
1741140982744 14.7 1485
1741140992921 13.6 1486
1741141004620 10.9 1487
1741141016344 16.0 1488
1741141028224 15.0 1489
1741141040078 14.4 1490
1741141051912 13.8 1491
1741141062233 14.6 1492
1741141077063 13.3 1493
1741141087240 11.1 1494
1741141097400 16.3 1495
1741141107573 14.4 1496
1741141117721 14.5 1497
1741141130792 14.3 1498
1741141143083 18.6 1499
1741141155183 22.6 1500
1741141167152 14.1 1501
1741141178279 16.1 1502
1741141189014 20.0 1503
1741141199930 24.6 1504
1741141210111 25.7 1505
1741141220229 18.9 1506
1741141230656 16.1 1507
1741141243277 17.2 1508
1741141256362 22.9 1509
1741141266511 23.9 1510
1741141277915 27.3 1511
1741141290518 15.9 1512
1741141305152 20.9 1513
1741141320272 13.5 1514
1741141330787 20.9 1515
1741141340894 23.2 1516
1741141351051 18.8 1517
1741141361107 14.5 1518
1741141371168 17.2 1519
1741141381315 17.4 1520
1741141393642 14.8 1521
1741141403740 15.0 1522
1741141413856 18.6 1523
1741141423946 14.7 1524
1741141434036 17.1 1525
1741141444165 18.2 1526
1741141456762 14.3 1527
1741141466849 14.6 1528
1741141478523 15.4 1529
1741141490751 15.4 1530
1741141502580 16.1 1531
1741141514457 14.5 1532
1741141526366 17.0 1533
1741141536454 16.0 1534
1741141546896 18.4 1535
1741141557144 9.3 1536
1741141567231 18.2 1537
1741141577365 18.8 1538
1741141587444 15.9 1539
1741141597527 18.8 1540
1741141607674 17.0 1541
1741141620202 14.0 1542
1741141630290 15.1 1543
1741141640374 19.2 1544
1741141650457 14.6 1545
1741141660532 16.4 1546
1741141670665 17.3 1547
1741141683297 16.7 1548
1741141693378 13.1 1549
1741141705331 14.3 1550
1741141717418 15.8 1551
1741141729508 15.8 1552
1741141741473 14.4 1553
1741141753778 16.8 1554
1741141763870 16.1 1555
1741141774019 18.1 1556
1741141784085 8.9 1557
1741141794178 18.3 1558
1741141804318 18.9 1559
1741141814379 14.0 1560
1741141824467 16.4 1561
1741141834592 17.5 1562
1741141844652 14.8 1563
1741141854719 21.7 1564
1741141864803 20.9 1565
1741141875049 20.6 1566
1741141885136 18.1 1567
1741141895282 16.3 1568
1741141905603 16.7 1569
1741141916136 23.3 1570
1741141927035 29.3 1571
1741141937110 15.7 1572
1741141949492 22.8 1573
1741141962477 31.7 1574
1741141972593 23.3 1575
1741141984397 27.6 1576
1741141999041 15.8 1577
1741142015039 14.6 1578
1741142025844 25.0 1579
1741142036291 22.3 1580
1741142047116 18.4 1581
1741142058342 19.5 1582
1741142070019 27.4 1583
1741142081576 31.9 1584
1741142093131 26.3 1585
1741142103307 26.9 1586
1741142113383 17.2 1587
1741142123447 19.4 1588
1741142133597 18.8 1589
1741142143652 17.3 1590
1741142153723 16.4 1591
1741142168581 17.3 1592
1741142180807 12.1 1593
1741142192925 14.7 1594
1741142205150 17.2 1595
1741142217797 16.5 1596
1741142230037 17.1 1597
1741142240842 17.1 1598
1741142255766 12.7 1599
1741142265847 12.9 1600
1741142275937 18.9 1601
1741142286080 18.4 1602
1741142296175 15.0 1603
1741142306265 17.6 1604
1741142316318 16.3 1605
1741142326374 14.5 1606
1741142336445 16.9 1607
1741142346540 17.7 1608
1741142356672 15.0 1609
1741142366739 15.3 1610
1741142376841 16.5 1611
1741142386900 16.4 1612
1741142400546 15.9 1613
1741142413296 12.3 1614
1741142425777 15.1 1615
1741142437917 16.6 1616
1741142450034 15.9 1617
1741142462242 14.3 1618
1741142473165 16.4 1619
1741142487244 14.1 1620
1741142497331 15.1 1621
1741142507417 16.3 1622
1741142517505 15.1 1623
1741142527593 17.0 1624
1741142537765 17.7 1625
1741142548373 15.4 1626
1741142559871 21.9 1627
1741142571379 22.5 1628
1741142582594 23.4 1629
1741142593525 19.2 1630
1741142604798 21.8 1631
1741142616554 26.2 1632
1741142627923 27.1 1633
1741142638200 26.6 1634
1741142649376 19.6 1635
1741142659582 25.2 1636
1741142671956 29.3 1637
1741142682092 22.4 1638
1741142694212 27.7 1639
1741142704340 15.5 1640
1741142716451 21.6 1641
1741142726576 14.9 1642
1741142738754 16.6 1643
1741142749515 18.6 1644
1741142760319 16.8 1645
1741142771840 19.4 1646
1741142782557 25.4 1647
1741142793800 19.1 1648
1741142805077 19.6 1649
1741142816011 20.7 1650
1741142827256 20.7 1651
1741142838383 23.2 1652
1741142849232 23.1 1653
1741142859695 20.4 1654
1741142870976 17.9 1655
1741142882247 21.6 1656
1741142893079 24.8 1657
1741142904265 21.2 1658
1741142914383 18.2 1659
1741142927423 24.7 1660
1741142937499 20.2 1661
1741142949625 20.3 1662
1741142962561 16.2 1663
1741142975576 17.1 1664
1741142985665 19.4 1665
1741142998641 18.7 1666
1741143008830 15.9 1667
1741143019154 14.2 1668
1741143030388 17.0 1669
1741143041000 25.7 1670
1741143051547 19.8 1671
1741143061867 17.8 1672
1741143072300 17.9 1673
1741143082748 18.3 1674
1741143093534 16.5 1675
1741143104125 19.2 1676
1741143114453 18.9 1677
1741143125265 16.6 1678
1741143136022 18.5 1679
1741143148075 19.9 1680
1741143161120 19.7 1681
1741143173918 17.2 1682
1741143186794 17.0 1683
1741143199768 17.0 1684
1741143212705 18.4 1685
1741143224895 17.2 1686
1741143240837 20.2 1687
1741143251475 15.8 1688
1741143261813 17.0 1689
1741143272285 14.8 1690
1741143282561 18.3 1691
1741143292958 16.6 1692
1741143303220 15.3 1693
1741143313686 17.5 1694
1741143324092 16.9 1695
1741143335765 15.3 1696
1741143346746 20.4 1697
1741143357252 22.0 1698
1741143367631 17.2 1699
1741143378377 14.7 1700
1741143389267 18.1 1701
1741143400077 19.1 1702
1741143412957 13.8 1703
1741143423063 17.7 1704
1741143435511 21.7 1705
1741143448595 18.1 1706
1741143462016 17.1 1707
1741143474144 19.2 1708
1741143490380 18.3 1709
1741143501229 16.8 1710
1741143512028 20.1 1711
1741143522982 17.9 1712
1741143533774 18.2 1713
1741143544190 15.6 1714
1741143555297 17.3 1715
1741143565965 21.6 1716
1741143576731 15.0 1717
1741143587135 16.9 1718
1741143597629 17.5 1719
1741143608508 16.4 1720
1741143619074 16.9 1721
1741143629982 17.0 1722
1741143640938 17.8 1723
1741143651758 19.6 1724
1741143661854 15.5 1725
1741143673714 20.9 1726
1741143686496 15.5 1727
1741143699347 15.0 1728
1741143709428 14.4 1729
1741143721360 21.0 1730
1741143731470 16.1 1731
1741143741697 16.3 1732
1741143751786 20.8 1733
1741143761866 21.5 1734
1741143772428 16.7 1735
1741143782838 16.0 1736
1741143793623 17.4 1737
1741143804186 17.9 1738
1741143815247 16.2 1739
1741143825663 20.7 1740
1741143836720 16.7 1741
1741143847640 22.4 1742
1741143858942 18.5 1743
1741143870353 27.3 1744
1741143881508 24.9 1745
1741143892313 19.3 1746
1741143903478 20.0 1747
1741143913570 17.8 1748
1741143925874 19.3 1749
1741143935959 16.0 1750
1741143948875 22.9 1751
1741143958958 17.2 1752
1741143971526 22.8 1753
1741143981633 14.5 1754
1741143996374 22.3 1755
1741144007223 15.6 1756
1741144018162 17.8 1757
1741144029271 18.6 1758
1741144040287 17.9 1759
1741144052400 18.8 1760
1741144064066 25.6 1761
1741144075018 25.2 1762
1741144085676 16.4 1763
1741144096878 18.2 1764
1741144107769 19.4 1765
1741144119053 19.3 1766
1741144130084 18.0 1767
1741144141327 19.0 1768
1741144152225 17.1 1769
1741144163807 18.6 1770
1741144173899 15.9 1771
1741144183988 22.0 1772
1741144197285 29.5 1773
1741144207455 19.1 1774
1741144219893 16.9 1775
1741144230005 17.6 1776
1741144240416 18.1 1777
1741144256045 11.3 1778
1741144266829 16.8 1779
1741144277778 17.9 1780
1741144288592 17.9 1781
1741144299325 19.2 1782
1741144310482 17.0 1783
1741144321733 19.0 1784
1741144332957 22.9 1785
1741144344202 21.8 1786
1741144356033 19.2 1787
1741144368182 25.5 1788
1741144379117 24.1 1789
1741144389935 18.4 1790
1741144400598 15.8 1791
1741144411260 18.4 1792
1741144422593 16.8 1793
1741144432690 13.7 1794
1741144445153 18.3 1795
1741144455259 15.9 1796
1741144467743 20.4 1797
1741144477908 15.8 1798
1741144490068 17.4 1799
1741144500131 15.5 1800
1741144511759 18.6 1801
1741144522353 9.3 1802
1741144532938 17.1 1803
1741144543554 16.3 1804
1741144553883 16.5 1805
1741144564323 15.0 1806
1741144575018 16.3 1807
1741144585395 15.9 1808
1741144595868 14.2 1809
1741144606412 15.8 1810
1741144616897 18.9 1811
1741144627395 14.6 1812
1741144638021 16.2 1813
1741144648436 16.2 1814
1741144658806 16.4 1815
1741144669551 13.8 1816
1741144679646 12.6 1817
1741144691794 18.4 1818
1741144701872 12.9 1819
1741144713739 17.3 1820
1741144723833 14.0 1821
1741144735823 18.0 1822
1741144745906 13.4 1823
1741144759116 16.9 1824
1741144770164 11.7 1825
1741144780730 16.4 1826
1741144791389 17.6 1827
1741144802541 16.7 1828
1741144813532 17.7 1829
1741144824768 17.9 1830
1741144836237 18.1 1831
1741144847801 19.3 1832
1741144858740 19.4 1833
1741144870026 18.6 1834
1741144881352 16.8 1835
1741144892647 20.0 1836
1741144904108 18.9 1837
1741144914782 18.8 1838
1741144927366 16.7 1839
1741144937475 19.4 1840
1741144950729 20.3 1841
1741144960865 17.3 1842
1741144974071 16.3 1843
1741144986464 18.4 1844
1741144996543 15.2 1845
1741145006753 17.1 1846
1741145020496 27.3 1847
1741145031526 16.4 1848
1741145042378 17.7 1849
1741145053078 18.2 1850
1741145064081 15.3 1851
1741145074888 16.1 1852
1741145085668 17.2 1853
1741145096626 18.1 1854
1741145108241 15.8 1855
1741145119233 20.2 1856
1741145130085 17.6 1857
1741145140941 17.8 1858
1741145151938 16.0 1859
1741145163312 18.6 1860
1741145174004 19.7 1861
1741145185384 17.4 1862
1741145195464 12.9 1863
1741145208934 20.1 1864
1741145219046 18.4 1865
1741145229203 20.8 1866
1741145242149 22.6 1867
1741145252241 15.4 1868
1741145263355 18.0 1869
1741145278725 12.8 1870
1741145290419 16.9 1871
1741145301469 16.5 1872
1741145312673 17.7 1873
1741145323775 17.5 1874
1741145334753 14.5 1875
1741145345780 15.7 1876
1741145356920 16.5 1877
1741145368346 20.1 1878
1741145379916 16.4 1879
1741145390873 18.4 1880
1741145402104 18.0 1881
1741145413840 19.4 1882
1741145425493 20.3 1883
1741145436886 19.2 1884
1741145448583 19.1 1885
1741145459811 18.5 1886
1741145471287 15.9 1887
1741145483914 15.8 1888
1741145493985 14.3 1889
1741145504054 19.3 1890
1741145517146 17.2 1891
1741145527212 16.9 1892
1741145537278 19.1 1893
1741145550357 17.7 1894
1741145560517 15.5 1895
1741145573294 17.7 1896
1741145584439 13.3 1897
1741145595732 17.8 1898
1741145606607 16.1 1899
1741145617511 15.5 1900
1741145629672 16.9 1901
1741145641062 22.0 1902
1741145652418 20.5 1903
1741145663622 17.7 1904
1741145675647 18.5 1905
1741145687063 25.2 1906
1741145698119 21.5 1907
1741145708894 16.4 1908
1741145720093 17.5 1909
1741145730669 17.5 1910
1741145741530 16.4 1911
1741145752158 13.9 1912
1741145763033 16.5 1913
1741145775274 16.0 1914
1741145785432 12.5 1915
1741145798130 18.8 1916
1741145808222 15.5 1917
1741145820547 18.7 1918
1741145830678 14.2 1919
1741145843304 19.3 1920
1741145853400 17.0 1921
1741145863551 17.4 1922
1741145874901 15.7 1923
1741145885992 21.2 1924
1741145896865 19.5 1925
1741145907895 17.7 1926
1741145919032 17.4 1927
1741145930101 18.6 1928
1741145940793 20.3 1929
1741145952008 16.6 1930
1741145963277 16.7 1931
1741145974332 19.8 1932
1741145985729 17.3 1933
1741145996792 20.1 1934
1741146007908 16.7 1935
1741146018817 17.7 1936
1741146029565 16.6 1937
1741146040487 15.3 1938
1741146051952 18.2 1939
1741146064377 19.6 1940
1741146074525 14.3 1941
1741146086694 17.0 1942
1741146096792 14.2 1943
1741146109918 20.9 1944
1741146120040 15.8 1945
1741146132888 19.3 1946
1741146142991 16.6 1947
1741146153060 15.9 1948
1741146163210 18.4 1949
1741146174192 15.0 1950
1741146186023 20.3 1951
1741146197026 22.9 1952
1741146207788 18.2 1953
1741146218768 14.7 1954
1741146229518 18.0 1955
1741146240238 17.4 1956
1741146251011 14.4 1957
1741146261849 16.5 1958
1741146272643 16.7 1959
1741146283290 16.4 1960
1741146294240 14.2 1961
1741146305059 16.5 1962
1741146315766 16.5 1963
1741146326662 15.9 1964
1741146337435 14.7 1965
1741146349684 15.8 1966
1741146359842 13.1 1967
1741146372164 15.8 1968
1741146382252 14.4 1969
1741146394676 18.7 1970
1741146404825 14.3 1971
1741146417071 16.0 1972
1741146435259 13.4 1973
1741146446357 15.0 1974
1741146457220 18.2 1975
1741146468253 16.5 1976
1741146479134 19.1 1977
1741146490033 15.2 1978
1741146501471 17.8 1979
1741146512346 19.0 1980
1741146523301 16.8 1981
1741146534241 14.7 1982
1741146545110 17.4 1983
1741146555798 16.6 1984
1741146566667 15.0 1985
1741146577719 18.0 1986
1741146588975 18.3 1987
1741146599655 15.4 1988
1741146610512 14.7 1989
1741146621226 16.8 1990
1741146633538 15.2 1991
1741146643686 12.6 1992
1741146656522 16.2 1993
1741146666611 14.7 1994
1741146679065 17.0 1995
1741146689197 14.6 1996
1741146701631 15.1 1997
1741146711718 13.4 1998
1741146721813 17.9 1999
1741146731966 15.0 2000
1741146742057 14.6 2001
1741146752880 15.0 2002
1741146763795 15.8 2003
1741146774578 14.5 2004
1741146785401 17.5 2005
1741146796269 15.9 2006
1741146807222 13.8 2007
1741146818221 15.5 2008
1741146829198 16.3 2009
1741146840113 15.6 2010
1741146851110 14.4 2011
1741146861909 17.0 2012
1741146872693 15.7 2013
1741146883401 15.7 2014
1741146894326 14.7 2015
1741146905170 17.0 2016
1741146917446 15.9 2017
1741146927625 13.4 2018
1741146940158 15.9 2019
1741146950228 13.8 2020
1741146963065 19.1 2021
1741146973247 14.3 2022
1741146985600 15.4 2023
1741146995687 13.5 2024
1741147005784 16.1 2025
1741147015867 12.9 2026
1741147025952 16.6 2027
1741147036465 16.4 2028
1741147047267 13.5 2029
1741147058226 15.6 2030
1741147069213 16.9 2031
1741147080154 16.1 2032
1741147091116 14.8 2033
1741147101993 16.6 2034
1741147112924 15.6 2035
1741147123890 15.6 2036
1741147134755 14.7 2037
1741147145550 16.8 2038
1741147156356 15.3 2039
1741147167381 14.0 2040
1741147178283 16.1 2041
1741147189326 15.3 2042
1741147201910 16.2 2043
1741147211993 11.5 2044
1741147224731 16.7 2045
1741147234822 14.1 2046
1741147247622 17.7 2047
1741147257790 14.1 2048
1741147270364 15.9 2049
1741147280452 15.0 2050
1741147290608 15.7 2051
1741147300685 11.2 2052
1741147310750 17.2 2053
1741147324445 17.2 2054
1741147341605 28.2 2055
1741147353397 57.9 2056
1741147364832 23.1 2057
1741147376112 20.3 2058
1741147387448 22.1 2059
1741147398718 22.3 2060
1741147409919 21.7 2061
1741147421196 20.4 2062
1741147432570 21.6 2063
1741147444006 22.4 2064
1741147455265 21.2 2065
1741147466297 16.2 2066
1741147477256 15.6 2067
1741147488596 14.9 2068
1741147501206 16.1 2069
1741147511280 10.9 2070
1741147524318 16.7 2071
1741147534413 13.7 2072
1741147547185 17.3 2073
1741147557264 12.9 2074
1741147570038 17.2 2075
1741147580132 14.3 2076
1741147590292 14.5 2077
1741147600807 10.4 2078
1741147611841 15.2 2079
1741147622740 17.8 2080
1741147633813 13.4 2081
1741147644841 15.8 2082
1741147655822 15.6 2083
1741147667027 16.2 2084
1741147678043 13.7 2085
1741147689084 15.1 2086
1741147700336 15.9 2087
1741147711938 14.4 2088
1741147722949 13.9 2089
1741147734489 15.2 2090
1741147745478 15.7 2091
1741147756654 15.0 2092
1741147767640 13.6 2093
1741147778868 16.8 2094
1741147791673 14.4 2095
1741147801845 12.2 2096
1741147814754 15.5 2097
1741147824847 13.2 2098
1741147837981 16.5 2099
1741147848086 13.7 2100
1741147860636 15.3 2101
1741147870731 13.2 2102
1741147880799 15.5 2103
1741147890939 14.8 2104
1741147901024 13.9 2105
1741147911911 14.2 2106
1741147922853 15.7 2107
1741147933797 14.0 2108
1741147944771 16.0 2109
1741147956019 15.0 2110
1741147966995 14.5 2111
1741147978172 13.6 2112
1741147989207 15.7 2113
1741148000187 14.8 2114
1741148011238 14.7 2115
1741148022339 14.1 2116
1741148033367 15.9 2117
1741148044606 15.4 2118
1741148055646 15.3 2119
1741148066716 13.2 2120
1741148079119 15.0 2121
1741148089209 12.5 2122
1741148102341 17.6 2123
1741148112428 13.0 2124
1741148125421 16.5 2125
1741148135519 14.2 2126
1741148148318 16.3 2127
1741148166809 13.2 2128
1741148177914 13.6 2129
1741148188892 13.4 2130
1741148199964 15.2 2131
1741148211135 15.0 2132
1741148222391 15.9 2133
1741148233553 13.8 2134
1741148244720 14.8 2135
1741148256002 15.3 2136
1741148266909 15.1 2137
1741148278217 14.0 2138
1741148289389 15.6 2139
1741148300360 15.0 2140
1741148311304 15.8 2141
1741148322307 13.7 2142
1741148333595 15.7 2143
1741148344942 16.1 2144
1741148355931 15.7 2145
1741148368656 13.5 2146
1741148378737 11.9 2147
1741148392026 17.5 2148
1741148402167 13.8 2149
1741148414998 15.1 2150
1741148425088 13.6 2151
1741148437791 17.0 2152
1741148447884 13.1 2153
1741148457992 13.4 2154
1741148468072 14.9 2155
1741148478568 15.3 2156
1741148489741 12.1 2157
1741148500887 15.8 2158
1741148512028 15.2 2159
1741148523129 17.8 2160
1741148534190 14.0 2161
1741148545210 15.0 2162
1741148556537 15.0 2163
1741148567712 15.6 2164
1741148578745 14.0 2165
1741148589825 15.2 2166
1741148600966 15.8 2167
1741148611859 14.7 2168
1741148623225 13.6 2169
1741148634452 15.5 2170
1741148645523 15.5 2171
1741148658093 15.4 2172
1741148668175 10.6 2173
1741148678264 17.3 2174
1741148691172 14.5 2175
1741148701350 14.1 2176
1741148714538 14.8 2177
1741148724633 13.6 2178
