1741125236481 252605.0 0
1741125246561 252605.0 1
1741125256645 252605.0 2
1741125266750 252605.0 3
1741125276901 252605.0 4
1741125286988 252605.0 5
1741125297077 252605.0 6
1741125307171 252605.0 7
1741125317237 252605.7 8
1741125327336 252616.8 9
1741125337413 252616.8 10
1741125347476 252616.8 11
1741125357558 252616.8 12
1741125367587 252616.8 13
1741125377618 252616.8 14
1741125387697 252616.8 15
1741125397747 252617.4 16
1741125407793 252617.4 17
1741125417908 252617.4 18
1741125427937 252617.4 19
1741125437990 252617.4 20
1741125448038 252617.4 21
1741125458128 252617.4 22
1741125468189 252617.4 23
1741125478237 252617.4 24
1741125488263 252617.9 25
1741125498319 252618.0 26
1741125508403 252618.0 27
1741125518499 252618.0 28
1741125528586 252617.9 29
1741125538686 252617.9 30
1741125548944 252617.9 31
1741125558980 252617.9 32
1741125569026 252617.9 33
1741125579110 252618.4 34
1741125589207 252618.4 35
1741125599300 252618.4 36
1741125609336 252618.4 37
1741125619612 252618.4 38
1741125629723 252618.4 39
1741125639769 252618.4 40
1741125649804 252618.4 41
1741125659847 252618.8 42
1741125669896 252618.8 43
1741125679987 252618.8 44
1741125690233 252618.8 45
1741125700292 252618.8 46
1741125710361 252618.8 47
1741125720445 252618.8 48
1741125730595 252618.8 49
1741125740935 252618.8 50
1741125751073 252619.3 51
1741125761123 252619.3 52
1741125771179 252619.3 53
1741125781273 252619.3 54
1741125791322 252619.3 55
1741125801374 252619.3 56
1741125811477 252619.8 57
1741125821500 252619.8 58
1741125831557 252620.2 59
1741125841655 252620.2 60
1741125851689 252620.2 61
1741125861732 252620.2 62
1741125871825 252620.2 63
1741125881875 252620.2 64
1741125891915 252620.2 65
1741125902273 252620.2 66
1741125912312 252620.2 67
1741125922366 252620.7 68
1741125932405 252620.7 69
1741125942455 252620.7 70
1741125952494 252620.7 71
1741125962580 252620.7 72
1741125972603 252620.7 73
1741125982647 252620.7 74
1741125992743 252620.7 75
1741126002787 252620.7 76
1741126012822 252621.1 77
1741126022845 252621.1 78
1741126032889 252621.1 79
1741126042951 252621.1 80
1741126053058 252621.1 81
1741126063086 252621.1 82
1741126073121 252621.1 83
1741126083204 252621.1 84
1741126093256 252621.5 85
1741126103313 252621.5 86
1741126113411 252621.5 87
1741126123451 252621.5 88
1741126133487 252621.5 89
1741126143982 252621.5 90
1741126154015 252621.5 91
1741126164095 252621.5 92
1741126174301 252621.5 93
1741126184414 252621.9 94
1741126194442 252622.0 95
1741126204545 252622.0 96
1741126214572 252622.0 97
1741126224605 252622.0 98
1741126234696 252622.0 99
1741126245151 252622.0 100
1741126255574 252622.0 101
1741126265878 252622.0 102
1741126276004 252622.3 103
1741126286052 252622.4 104
1741126296156 252622.4 105
1741126306176 252622.4 106
1741126316225 252622.4 107
1741126326393 252622.4 108
1741126336458 252622.4 109
1741126346510 252622.4 110
1741126356585 252622.4 111
1741126366630 252622.4 112
1741126376681 252622.8 113
1741126386915 252622.8 114
1741126397137 252622.8 115
1741126407165 252622.8 116
1741126417238 252622.8 117
1741126427291 252622.8 118
1741126437317 252622.8 119
1741126447367 252622.8 120
1741126457467 252622.8 121
1741126467539 252623.2 122
1741126477590 252623.2 123
1741126487638 252623.2 124
1741126497663 252623.2 125
1741126507714 252623.2 126
1741126517812 252623.2 127
1741126527836 252623.2 128
1741126538230 252623.2 129
1741126548301 252623.2 130
1741126558639 252623.7 131
1741126568723 252623.7 132
1741126578847 252623.7 133
1741126588901 252623.7 134
1741126598947 252623.7 135
1741126608998 252623.7 136
1741126619041 252623.7 137
1741126629081 252623.7 138
1741126639678 252623.7 139
1741126649707 252623.7 140
1741126659756 252624.1 141
1741126669814 252624.1 142
1741126679839 252624.1 143
1741126689881 252624.1 144
1741126699994 252624.1 145
1741126710035 252624.1 146
1741126720430 252624.1 147
1741126730493 252624.1 148
1741126740536 252624.1 149
1741126750575 252624.5 150
1741126760687 252624.5 151
1741126770749 252624.5 152
1741126780814 252624.5 153
1741126790850 252624.5 154
1741126800883 252624.5 155
1741126810924 252624.5 156
1741126821370 252624.5 157
1741126831514 252624.5 158
1741126841563 252624.5 159
1741126851627 252624.9 160
1741126861678 252624.9 161
1741126871735 252624.9 162
1741126881832 252624.9 163
1741126891875 252624.9 164
1741126901979 252624.9 165
1741126912595 252624.9 166
1741126922781 252624.9 167
1741126932829 252624.9 168
1741126942870 252625.3 169
1741126952970 252625.3 170
1741126963015 252625.3 171
1741126973083 252625.3 172
1741126983258 252625.3 173
1741126993312 252625.3 174
1741127003374 252625.3 175
1741127013469 252625.3 176
1741127023520 252625.3 177
1741127033571 252625.3 178
1741127043607 252625.7 179
1741127053656 252625.7 180
1741127063696 252626.3 181
1741127073732 252626.3 182
1741127083944 252626.3 183
1741127094271 252626.3 184
1741127104533 252626.3 185
1741127114889 252626.3 186
1741127125088 252626.3 187
1741127135192 252626.3 188
1741127145234 252626.6 189
1741127155732 252626.6 190
1741127165969 252626.6 191
1741127176207 252626.6 192
1741127186663 252626.6 193
1741127197056 252626.6 194
1741127207519 252626.6 195
1741127217585 252626.6 196
1741127227705 252626.6 197
1741127237758 252626.6 198
1741127247804 252627.0 199
1741127257903 252627.0 200
1741127267958 252627.0 201
1741127278002 252627.0 202
1741127288100 252627.0 203
1741127298156 252627.0 204
1741127308735 252627.0 205
1741127318826 252627.0 206
1741127329087 252627.0 207
1741127339120 252627.0 208
1741127349188 252627.4 209
1741127359308 252627.4 210
1741127369356 252627.4 211
1741127379525 252627.4 212
1741127390037 252627.4 213
1741127400670 252627.4 214
1741127411302 252627.4 215
1741127421412 252627.4 216
1741127431483 252627.4 217
1741127441532 252627.4 218
1741127451563 252627.8 219
1741127461621 252627.8 220
1741127471661 252627.8 221
1741127482182 252627.8 222
1741127492816 252627.8 223
1741127502872 252627.8 224
1741127512920 252627.8 225
1741127522980 252627.8 226
1741127533059 252627.8 227
1741127543150 252627.8 228
1741127553662 252628.2 229
1741127564405 252628.2 230
1741127575118 252628.2 231
1741127585779 252628.2 232
1741127596504 252628.2 233
1741127607224 252628.2 234
1741127617986 252628.2 235
1741127628264 252628.2 236
1741127638352 252628.2 237
1741127648451 252628.2 238
1741127658506 252628.6 239
1741127669243 252628.6 240
1741127680039 252628.6 241
1741127690095 252628.6 242
1741127701721 252628.6 243
1741127711774 252628.6 244
1741127721877 252628.6 245
1741127731930 252628.6 246
1741127741976 252628.6 247
1741127752015 252628.6 248
1741127762061 252629.0 249
1741127772658 252629.0 250
1741127783543 252629.0 251
1741127793595 252629.0 252
1741127803662 252629.0 253
1741127813747 252629.0 254
1741127824533 252629.0 255
1741127834616 252629.0 256
1741127844665 252629.0 257
1741127854706 252629.0 258
1741127866102 252629.0 259
1741127876154 252629.4 260
1741127886273 252629.4 261
1741127896330 252629.4 262
1741127906374 252629.4 263
1741127916473 252629.4 264
1741127926872 252629.4 265
1741127936925 252629.4 266
1741127947038 252629.4 267
1741127957754 252629.4 268
1741127967817 252629.4 269
1741127977919 252629.8 270
1741127987986 252629.8 271
1741127998813 252629.8 272
1741128008911 252629.8 273
1741128018975 252629.8 274
1741128029435 252629.8 275
1741128040462 252629.8 276
1741128050603 252629.8 277
1741128060656 252629.8 278
1741128070708 252629.8 279
1741128080870 252629.8 280
1741128091094 252630.1 281
1741128101168 252630.1 282
1741128111217 252630.1 283
1741128121927 252630.1 284
1741128131987 252630.1 285
1741128142106 252630.1 286
1741128152164 252630.1 287
1741128162734 252630.1 288
1741128172797 252630.1 289
1741128183208 252630.1 290
1741128193265 252630.1 291
1741128204244 252630.5 292
1741128214284 252630.5 293
1741128224330 252630.5 294
1741128235210 252630.5 295
1741128245268 252630.5 296
1741128255339 252630.5 297
1741128265399 252630.5 298
1741128277299 252630.5 299
1741128287421 252630.5 300
1741128297445 252630.5 301
1741128307584 252630.9 302
1741128318343 252630.9 303
1741128328386 252630.9 304
1741128338482 252630.9 305
1741128348516 252630.9 306
1741128358574 252630.9 307
1741128369603 252631.4 308
1741128379646 252631.4 309
1741128389684 252631.4 310
1741128399812 252631.4 311
1741128409859 252631.4 312
1741128419907 252631.8 313
1741128430726 252631.8 314
1741128440787 252631.8 315
1741128450838 252631.8 316
1741128460879 252631.8 317
1741128470936 252631.8 318
1741128480999 252631.8 319
1741128491043 252631.8 320
1741128501102 252631.8 321
1741128511170 252631.8 322
1741128521222 252631.8 323
1741128531287 252632.1 324
1741128541336 252632.2 325
1741128551397 252632.2 326
1741128561560 252632.2 327
1741128571608 252632.2 328
1741128581791 252632.2 329
1741128591841 252632.2 330
1741128602124 252632.2 331
1741128612490 252632.2 332
1741128622840 252632.2 333
1741128633035 252632.2 334
1741128644203 252632.2 335
1741128654238 252632.6 336
1741128664917 252632.6 337
1741128674989 252632.6 338
1741128685614 252632.6 339
1741128695665 252632.6 340
1741128706240 252632.6 341
1741128716290 252632.6 342
1741128726328 252632.6 343
1741128736620 252632.6 344
1741128747132 252632.6 345
1741128757222 252632.6 346
1741128767270 252633.0 347
1741128777661 252633.0 348
1741128787768 252633.0 349
1741128798232 252633.0 350
1741128808278 252633.0 351
1741128818894 252633.0 352
1741128828945 252633.0 353
1741128839771 252633.0 354
1741128850828 252633.0 355
1741128861508 252633.0 356
1741128871552 252633.0 357
1741128882678 252633.4 358
1741128892732 252633.4 359
1741128903645 252633.4 360
1741128913692 252633.4 361
1741128924259 252633.4 362
1741128934301 252633.4 363
1741128945191 252633.4 364
1741128955244 252633.4 365
1741128965936 252633.4 366
1741128976838 252633.4 367
1741128986890 252633.4 368
1741128997321 252633.7 369
1741129007379 252633.7 370
1741129018362 252633.7 371
1741129028453 252633.7 372
1741129039297 252633.7 373
1741129049345 252633.7 374
1741129060474 252633.7 375
1741129070516 252633.7 376
1741129080580 252633.7 377
1741129091077 252633.7 378
1741129101822 252633.7 379
1741129113158 252633.7 380
1741129123211 252634.1 381
1741129133266 252634.1 382
1741129143609 252634.1 383
1741129153658 252634.1 384
1741129164799 252634.1 385
1741129174849 252634.1 386
1741129185953 252634.1 387
1741129197304 252634.1 388
1741129208390 252634.1 389
1741129219407 252634.1 390
1741129229440 252634.1 391
1741129239734 252634.5 392
1741129249776 252634.5 393
1741129259831 252634.5 394
1741129269930 252634.5 395
1741129279993 252634.5 396
1741129290044 252634.5 397
1741129300141 252634.5 398
1741129310177 252634.5 399
1741129321329 252634.5 400
1741129332200 252634.5 401
1741129342474 252634.5 402
1741129352527 252634.5 403
1741129362584 252634.5 404
1741129372667 252634.5 405
1741129382718 252634.5 406
1741129392847 252635.2 407
1741129402966 252646.4 408
1741129413017 252646.4 409
1741129423107 252646.4 410
1741129433187 252646.4 411
1741129444283 252646.4 412
1741129454331 252646.4 413
1741129464429 252646.4 414
1741129474491 252646.4 415
1741129484543 252646.4 416
1741129494591 252646.4 417
1741129505476 252646.4 418
1741129515532 252646.5 419
1741129525804 252646.5 420
1741129536319 252646.5 421
1741129546378 252647.1 422
1741129556472 252647.1 423
1741129566529 252647.1 424
1741129576618 252647.1 425
1741129587896 252647.1 426
1741129597945 252647.1 427
1741129607994 252647.1 428
1741129618058 252647.6 429
1741129629294 252647.6 430
1741129639347 252647.6 431
1741129649428 252647.6 432
1741129659547 252647.6 433
1741129670645 252647.6 434
1741129680696 252647.6 435
1741129690827 252648.2 436
1741129700872 252648.2 437
1741129710922 252648.2 438
1741129721012 252648.2 439
1741129731069 252648.2 440
1741129741119 252648.2 441
1741129751209 252648.2 442
1741129761259 252648.2 443
1741129772348 252648.2 444
1741129782457 252648.2 445
1741129792507 252648.2 446
1741129802558 252648.2 447
1741129813543 252648.2 448
1741129823623 252648.2 449
1741129833657 252648.2 450
1741129843724 252648.8 451
1741129853765 252648.8 452
1741129863822 252648.8 453
1741129873892 252648.8 454
1741129884008 252648.8 455
1741129894058 252648.8 456
1741129905265 252648.8 457
1741129915310 252648.8 458
1741129925363 252648.8 459
1741129935413 252648.8 460
1741129945510 252648.8 461
1741129956667 252648.8 462
1741129966710 252648.8 463
1741129976814 252648.8 464
1741129986864 252648.8 465
1741129996908 252649.3 466
1741130007018 252649.3 467
1741130017069 252649.3 468
1741130027117 252649.3 469
1741130037214 252649.3 470
1741130047280 252649.3 471
1741130057338 252649.3 472
1741130067455 252649.3 473
1741130077501 252649.3 474
1741130088826 252649.3 475
1741130098948 252649.3 476
1741130109054 252649.3 477
1741130119109 252649.3 478
1741130129185 252649.3 479
1741130139245 252649.3 480
1741130149308 252649.8 481
1741130159354 252649.9 482
1741130169456 252649.9 483
1741130179530 252649.9 484
1741130189624 252649.9 485
1741130199750 252649.9 486
1741130209797 252649.9 487
1741130219846 252649.9 488
1741130231219 252649.9 489
1741130241270 252649.9 490
1741130251845 252649.9 491
1741130261950 252649.9 492
1741130272009 252649.9 493
1741130282200 252649.9 494
1741130293567 252649.9 495
1741130304374 252649.9 496
1741130314639 252650.4 497
1741130324686 252650.4 498
1741130334734 252650.4 499
1741130344771 252650.4 500
1741130354840 252650.4 501
1741130364978 252650.4 502
1741130375029 252650.4 503
1741130385093 252650.4 504
1741130395149 252650.4 505
1741130406369 252650.5 506
1741130416611 252650.5 507
1741130426781 252650.5 508
1741130437007 252650.5 509
1741130447108 252650.5 510
1741130457198 252650.5 511
1741130468403 252651.0 512
1741130478499 252651.0 513
1741130488605 252651.0 514
1741130498935 252651.0 515
1741130509010 252651.0 516
1741130519126 252651.0 517
1741130529164 252651.0 518
1741130539214 252651.0 519
1741130549312 252651.0 520
1741130559364 252651.0 521
1741130569609 252651.0 522
1741130579840 252651.0 523
1741130590051 252651.0 524
1741130600372 252651.0 525
1741130610468 252651.0 526
1741130620595 252651.5 527
1741130630650 252651.5 528
1741130640711 252651.5 529
1741130650831 252651.5 530
1741130660884 252651.5 531
1741130670935 252651.5 532
1741130681035 252651.5 533
1741130691236 252651.5 534
1741130701377 252651.5 535
1741130711740 252651.5 536
1741130721797 252651.5 537
1741130731839 252651.5 538
1741130741944 252651.5 539
1741130751980 252651.5 540
1741130762234 252651.5 541
1741130772322 252651.5 542
1741130783089 252652.1 543
1741130793379 252652.1 544
1741130803836 252652.1 545
1741130814148 252652.1 546
1741130824460 252652.1 547
1741130834760 252652.1 548
1741130844975 252652.1 549
1741130855272 252652.1 550
1741130865553 252652.1 551
1741130875841 252652.1 552
1741130886872 252652.1 553
1741130897369 252652.1 554
1741130907644 252652.1 555
1741130918323 252652.1 556
1741130928597 252652.1 557
1741130940955 252652.1 558
1741130951432 252652.6 559
1741130961793 252653.1 560
1741130972274 252653.1 561
1741130982520 252653.1 562
1741130992787 252653.1 563
1741131003210 252653.1 564
1741131013358 252653.1 565
1741131023621 252653.1 566
1741131034127 252653.1 567
1741131044214 252653.1 568
1741131054276 252653.1 569
1741131064711 252653.1 570
1741131075071 252653.1 571
1741131085738 252653.1 572
1741131095793 252653.1 573
1741131107267 252653.6 574
1741131117661 252653.6 575
1741131127972 252653.6 576
1741131138382 252653.7 577
1741131148885 252653.7 578
1741131159405 252653.7 579
1741131169877 252653.7 580
1741131180196 252653.7 581
1741131190573 252653.7 582
1741131201028 252653.7 583
1741131212502 252653.7 584
1741131223221 252653.7 585
1741131233919 252653.7 586
1741131244470 252653.7 587
1741131256514 252653.7 588
1741131267692 252653.7 589
1741131278267 252654.2 590
1741131288920 252654.2 591
1741131299434 252654.2 592
1741131309919 252654.2 593
1741131320451 252654.2 594
1741131330807 252654.2 595
1741131341290 252654.2 596
1741131351893 252654.2 597
1741131362456 252654.2 598
1741131372553 252654.2 599
1741131382632 252654.2 600
1741131393637 252654.2 601
1741131404493 252654.2 602
1741131415465 252654.2 603
1741131425510 252654.2 604
1741131436691 252654.7 605
1741131447400 252654.7 606
1741131457897 252654.7 607
1741131468420 252654.7 608
1741131479014 252654.7 609
1741131489479 252654.7 610
1741131500102 252654.7 611
1741131510689 252654.7 612
1741131521318 252654.7 613
1741131532040 252654.7 614
1741131543532 252654.7 615
1741131554477 252654.7 616
1741131565404 252654.7 617
1741131576436 252654.7 618
1741131587299 252654.7 619
1741131599922 252654.7 620
1741131610648 252655.2 621
1741131621219 252655.2 622
1741131631740 252655.2 623
1741131642356 252655.2 624
1741131653033 252655.2 625
1741131663735 252655.2 626
1741131674319 252655.2 627
1741131685294 252655.2 628
1741131696022 252655.2 629
1741131706078 252655.2 630
1741131716798 252655.2 631
1741131728081 252655.2 632
1741131739116 252655.2 633
1741131750188 252655.2 634
1741131760238 252655.2 635
1741131770286 252655.7 636
1741131780400 252655.7 637
1741131790455 252655.7 638
1741131800768 252655.7 639
1741131811360 252655.7 640
1741131822235 252655.7 641
1741131833098 252655.7 642
1741131843885 252655.7 643
1741131854581 252655.7 644
1741131865313 252655.7 645
1741131875377 252655.7 646
1741131886161 252655.7 647
1741131897446 252655.7 648
1741131908351 252655.7 649
1741131919368 252655.7 650
1741131929456 252655.7 651
1741131939506 252656.2 652
1741131949556 252656.2 653
1741131959671 252656.2 654
1741131970396 252656.2 655
1741131981357 252656.2 656
1741131992274 252656.2 657
1741132003012 252656.2 658
1741132013803 252656.2 659
1741132024755 252656.2 660
1741132035721 252656.2 661
1741132045756 252656.2 662
1741132056885 252656.2 663
1741132068146 252656.2 664
1741132079405 252656.2 665
1741132090847 252656.2 666
1741132100899 252656.2 667
1741132111025 252656.7 668
1741132121068 252656.7 669
1741132131331 252656.7 670
1741132142168 252656.7 671
1741132153155 252656.7 672
1741132164120 252656.7 673
1741132175185 252656.7 674
1741132186081 252656.7 675
1741132197071 252656.7 676
1741132208094 252656.7 677
1741132218182 252656.7 678
1741132229549 252656.7 679
1741132239601 252656.7 680
1741132249875 252656.7 681
1741132261367 252656.7 682
1741132271417 252656.7 683
1741132282837 252656.7 684
1741132293689 252657.2 685
1741132304819 252657.2 686
1741132316133 252657.2 687
1741132327173 252657.2 688
1741132338108 252657.2 689
1741132349224 252657.2 690
1741132360233 252657.2 691
1741132371393 252657.8 692
1741132382408 252657.8 693
1741132392450 252657.8 694
1741132404028 252657.8 695
1741132415460 252657.8 696
1741132426779 252657.8 697
1741132438187 252657.8 698
1741132448233 252657.8 699
1741132458336 252658.3 700
1741132468388 252658.3 701
1741132478865 252658.3 702
1741132490005 252658.3 703
1741132501062 252658.3 704
1741132511971 252658.3 705
1741132523016 252658.3 706
1741132533947 252658.3 707
1741132545035 252658.3 708
1741132556240 252658.3 709
1741132566544 252658.3 710
1741132578046 252658.3 711
1741132588111 252658.3 712
1741132598409 252658.3 713
1741132610177 252658.3 714
1741132620427 252658.3 715
1741132632134 252658.3 716
1741132643262 252658.7 717
1741132654384 252658.7 718
1741132665711 252658.7 719
1741132677033 252658.7 720
1741132688249 252658.7 721
1741132699398 252658.7 722
1741132710600 252658.7 723
1741132721628 252658.7 724
1741132732890 252658.8 725
1741132743218 252658.8 726
1741132753259 252658.8 727
1741132763844 252658.8 728
1741132775419 252658.8 729
1741132785533 252658.8 730
1741132795863 252658.8 731
1741132809119 252658.8 732
1741132820565 252659.2 733
1741132831700 252659.2 734
1741132842819 252659.2 735
1741132854130 252659.3 736
1741132865442 252659.3 737
1741132876708 252659.3 738
1741132887976 252659.3 739
1741132899269 252659.3 740
1741132910491 252659.3 741
1741132920765 252659.3 742
1741132930843 252659.3 743
1741132941528 252659.3 744
1741132953213 252659.3 745
1741132964761 252659.3 746
1741132975066 252659.3 747
1741132986720 252659.3 748
1741132997902 252659.8 749
1741133009141 252659.8 750
1741133020524 252659.8 751
1741133031978 252659.8 752
1741133043217 252659.8 753
1741133054582 252659.8 754
1741133066006 252659.8 755
1741133077427 252659.8 756
1741133088728 252659.8 757
1741133099142 252659.8 758
1741133109212 252659.8 759
1741133120012 252659.8 760
1741133131682 252659.8 761
1741133141759 252659.8 762
1741133152786 252659.8 763
1741133166010 252659.8 764
1741133177310 252660.3 765
1741133188677 252660.3 766
1741133198745 252660.3 767
1741133208812 252660.3 768
1741133219390 252660.3 769
1741133230997 252660.3 770
1741133242353 252660.3 771
1741133254116 252660.3 772
1741133264183 252660.3 773
1741133274743 252660.3 774
1741133285175 252660.3 775
1741133295255 252660.3 776
1741133306668 252660.3 777
1741133318372 252660.3 778
1741133328446 252660.3 779
1741133338574 252660.3 780
1741133349532 252660.3 781
1741133361062 252660.7 782
1741133373121 252660.7 783
1741133383241 252660.7 784
1741133393734 252660.7 785
1741133405218 252660.7 786
1741133416622 252660.7 787
1741133427990 252660.7 788
1741133439367 252660.7 789
1741133450722 252660.7 790
1741133462373 252660.7 791
1741133472488 252660.7 792
1741133483440 252660.7 793
1741133493515 252660.7 794
1741133504303 252660.7 795
1741133514376 252660.7 796
1741133524442 252660.7 797
1741133534568 252661.2 798
1741133544632 252661.2 799
1741133555987 252661.2 800
1741133567650 252661.2 801
1741133579310 252661.2 802
1741133591061 252661.2 803
1741133602612 252661.2 804
1741133614240 252661.2 805
1741133625713 252661.2 806
1741133637494 252661.2 807
1741133648407 252661.2 808
1741133658487 252661.2 809
1741133669871 252661.2 810
1741133679952 252661.2 811
1741133691202 252661.2 812
1741133703150 252661.2 813
1741133716626 252661.2 814
1741133728239 252661.7 815
1741133739947 252661.7 816
1741133751527 252661.7 817
1741133763283 252661.7 818
1741133774781 252661.7 819
1741133786326 252661.7 820
1741133798020 252661.7 821
1741133809720 252661.7 822
1741133821414 252661.7 823
1741133832362 252662.3 824
1741133842439 252662.3 825
1741133854184 252662.3 826
1741133864311 252662.3 827
1741133875630 252662.3 828
1741133885698 252662.3 829
1741133895790 252662.3 830
1741133905858 252662.8 831
1741133917601 252662.8 832
1741133929383 252662.8 833
1741133941175 252662.8 834
1741133952948 252662.8 835
1741133964731 252662.8 836
1741133976352 252662.8 837
1741133987921 252662.8 838
1741133999477 252662.8 839
1741134011195 252662.8 840
1741134021278 252662.8 841
1741134031391 252662.8 842
1741134043249 252662.8 843
1741134053337 252662.8 844
1741134064996 252662.8 845
1741134075959 252662.8 846
1741134087916 252662.8 847
1741134099805 252663.3 848
1741134111535 252663.3 849
1741134123348 252663.3 850
1741134135022 252663.3 851
1741134146790 252663.3 852
1741134158621 252663.3 853
1741134168689 252663.3 854
1741134178815 252663.3 855
1741134190230 252663.3 856
1741134202070 252663.3 857
1741134212220 252663.3 858
1741134222279 252663.3 859
1741134233892 252663.3 860
1741134243974 252663.3 861
1741134255734 252663.3 862
1741134265801 252663.3 863
1741134275869 252663.8 864
1741134287402 252663.8 865
1741134297489 252663.8 866
1741134307578 252663.8 867
1741134319014 252663.8 868
1741134330962 252663.8 869
1741134342820 252663.8 870
1741134352883 252663.8 871
1741134362972 252663.8 872
1741134374526 252663.8 873
1741134384607 252663.8 874
1741134394667 252663.8 875
1741134406472 252663.8 876
1741134416542 252663.8 877
1741134426597 252663.8 878
1741134437803 252663.8 879
1741134447882 252663.8 880
1741134457944 252663.8 881
1741134468494 252664.3 882
1741134480500 252664.3 883
1741134492376 252664.3 884
1741134502439 252664.3 885
1741134516191 252664.3 886
1741134528117 252664.3 887
1741134538182 252664.3 888
1741134548256 252664.3 889
1741134560181 252664.3 890
1741134572077 252664.3 891
1741134583408 252664.3 892
1741134593489 252664.3 893
1741134603584 252664.3 894
1741134615013 252664.3 895
1741134625079 252664.3 896
1741134635157 252664.3 897
1741134645270 252664.3 898
1741134655333 252664.8 899
1741134666246 252664.8 900
1741134676391 252664.8 901
1741134686549 252664.8 902
1741134696606 252664.8 903
1741134706712 252664.8 904
1741134718665 252664.8 905
1741134728737 252664.8 906
1741134738844 252664.8 907
1741134750873 252664.8 908
1741134760937 252664.8 909
1741134771342 252664.8 910
1741134781467 252664.8 911
1741134791535 252664.8 912
1741134801616 252664.8 913
1741134813457 252664.8 914
1741134823511 252664.8 915
1741134834770 252664.8 916
1741134847003 252664.8 917
1741134859028 252665.3 918
1741134869231 252665.3 919
1741134879289 252665.3 920
1741134889342 252665.3 921
1741134899547 252665.3 922
1741134909626 252665.3 923
1741134919707 252665.3 924
1741134931696 252665.3 925
1741134941781 252665.3 926
1741134952002 252665.3 927
1741134964124 252665.3 928
1741134974214 252665.3 929
1741134984269 252665.3 930
1741134994386 252665.3 931
1741135004542 252665.3 932
1741135016246 252665.3 933
1741135027643 252665.3 934
1741135039822 252665.3 935
1741135049928 252665.8 936
1741135060305 252665.8 937
1741135070394 252665.8 938
1741135081206 252665.8 939
1741135091285 252665.8 940
1741135101413 252665.8 941
1741135113496 252665.8 942
1741135123579 252665.8 943
1741135134083 252665.8 944
1741135144209 252665.8 945
1741135154592 252665.8 946
1741135165536 252665.8 947
1741135175630 252665.8 948
1741135185714 252665.8 949
1741135195785 252665.8 950
1741135205832 252665.8 951
1741135217846 252665.8 952
1741135227907 252665.8 953
1741135239115 252666.3 954
1741135249192 252666.8 955
1741135260584 252666.8 956
1741135270677 252666.8 957
1741135282029 252666.8 958
1741135292084 252666.8 959
1741135302585 252666.8 960
1741135312668 252666.8 961
1741135322965 252666.8 962
1741135333047 252666.8 963
1741135343510 252666.8 964
1741135356108 252666.8 965
1741135366201 252666.8 966
1741135376276 252666.8 967
1741135386366 252666.8 968
1741135396435 252666.8 969
1741135406516 252666.8 970
1741135418401 252666.8 971
1741135428506 252666.8 972
1741135438570 252656.1 973
1741135449037 252667.3 974
1741135459097 252667.3 975
1741135469796 252667.3 976
1741135479845 252667.3 977
1741135490880 252667.3 978
1741135500970 252667.3 979
1741135511216 252667.3 980
1741135521293 252667.3 981
1741135531897 252667.3 982
1741135541975 252667.3 983
1741135552730 252667.3 984
1741135562796 252667.3 985
1741135572860 252667.3 986
1741135582947 252667.3 987
1741135593012 252667.3 988
1741135603111 252667.3 989
1741135613183 252667.3 990
1741135623257 252667.3 991
1741135634066 252667.8 992
1741135644140 252667.8 993
1741135654804 252667.8 994
1741135664870 252667.8 995
1741135675582 252667.8 996
1741135685705 252667.8 997
1741135696453 252667.8 998
1741135706546 252667.8 999
1741135717493 252667.8 1000
1741135727560 252667.8 1001
1741135738490 252667.8 1002
1741135751261 252667.8 1003
1741135761348 252667.8 1004
1741135771421 252667.8 1005
1741135781495 252667.8 1006
1741135791576 252667.8 1007
1741135801642 252667.8 1008
1741135811733 252667.8 1009
1741135821798 252667.8 1010
1741135832633 252668.2 1011
1741135842709 252668.2 1012
1741135853421 252668.2 1013
1741135863502 252668.2 1014
1741135874264 252668.2 1015
1741135884337 252668.2 1016
1741135894896 252668.2 1017
1741135904952 252668.2 1018
1741135915808 252668.2 1019
1741135925868 252668.2 1020
1741135936594 252668.2 1021
1741135949502 252668.2 1022
1741135959685 252664.1 1023
1741135969784 252664.1 1024
1741135979847 252664.1 1025
1741135989923 252664.1 1026
1741136000000 252664.1 1027
1741136010092 252664.1 1028
1741136020166 252664.1 1029
1741136031679 252664.6 1030
1741136041741 252664.6 1031
1741136052516 252664.6 1032
1741136062591 252664.6 1033
1741136073478 252664.6 1034
1741136083560 252664.6 1035
1741136094767 252664.6 1036
1741136104840 252664.6 1037
1741136115543 252664.6 1038
1741136125613 252664.6 1039
1741136136400 252664.6 1040
1741136149284 252664.6 1041
1741136159765 252664.6 1042
1741136170055 252664.6 1043
1741136180272 252664.6 1044
1741136190456 252664.6 1045
1741136200700 252664.6 1046
1741136210787 252664.6 1047
1741136220859 252664.6 1048
1741136230925 252665.1 1049
1741136241871 252665.1 1050
1741136251927 252665.1 1051
1741136263268 252665.1 1052
1741136273325 252665.1 1053
1741136284818 252665.1 1054
1741136294861 252665.1 1055
1741136306259 252665.1 1056
1741136316380 252665.1 1057
1741136327390 252665.1 1058
1741136337429 252665.1 1059
1741136348525 252665.1 1060
1741136359819 252665.1 1061
1741136370649 252665.1 1062
1741136380987 252665.1 1063
1741136391516 252665.1 1064
1741136402069 252665.1 1065
1741136412420 252665.1 1066
1741136427322 252665.1 1067
1741136437477 252676.9 1068
1741136448883 252676.9 1069
1741136458960 252676.9 1070
1741136469973 252676.9 1071
1741136480071 252676.9 1072
1741136490986 252676.9 1073
1741136501066 252676.9 1074
1741136512109 252676.9 1075
1741136522177 252676.9 1076
1741136533300 252676.9 1077
1741136543367 252676.9 1078
1741136553617 252676.9 1079
1741136563801 252676.9 1080
1741136573993 252676.9 1081
1741136584129 252676.9 1082
1741136594288 252676.9 1083
1741136604763 252676.9 1084
1741136614838 252676.9 1085
1741136626827 252677.3 1086
1741136636899 252677.9 1087
1741136647963 252677.9 1088
1741136658044 252677.9 1089
1741136669073 252677.9 1090
1741136679142 252677.9 1091
1741136690210 252677.9 1092
1741136700283 252677.9 1093
1741136711471 252677.9 1094
1741136721608 252677.9 1095
1741136732590 252677.9 1096
1741136745474 252677.9 1097
1741136755785 252677.9 1098
1741136765937 252677.9 1099
1741136776259 252677.9 1100
1741136786539 252677.9 1101
1741136796784 252677.9 1102
1741136806843 252677.9 1103
1741136818205 252678.2 1104
1741136828308 252678.3 1105
1741136839421 252678.3 1106
1741136849502 252678.3 1107
1741136860804 252678.3 1108
1741136870892 252678.3 1109
1741136881996 252678.3 1110
1741136892082 252678.3 1111
1741136903713 252678.3 1112
1741136913789 252678.3 1113
1741136925096 252678.3 1114
1741136935168 252678.3 1115
1741136945710 252678.3 1116
1741136956092 252678.3 1117
1741136966748 252678.3 1118
1741136977263 252678.3 1119
1741136987680 252678.3 1120
1741136998119 252678.3 1121
1741137008197 252678.3 1122
1741137020175 252678.7 1123
1741137030244 252678.7 1124
1741137041846 252678.7 1125
1741137051910 252678.7 1126
1741137063349 252678.7 1127
1741137073416 252678.7 1128
1741137085187 252678.7 1129
1741137095256 252678.7 1130
1741137106518 252678.7 1131
1741137116587 252678.7 1132
1741137128013 252678.7 1133
1741137140911 252678.7 1134
1741137151370 252678.7 1135
1741137161753 252678.7 1136
1741137172318 252678.7 1137
1741137182921 252678.7 1138
1741137193272 252678.7 1139
1741137203367 252678.7 1140
1741137214801 252679.0 1141
1741137224867 252679.1 1142
1741137236700 252679.1 1143
1741137246843 252679.1 1144
1741137258224 252679.1 1145
1741137268288 252679.1 1146
1741137279863 252679.1 1147
1741137289935 252679.1 1148
1741137301575 252679.1 1149
1741137311647 252679.1 1150
1741137323339 252679.1 1151
1741137333382 252679.1 1152
1741137344220 252679.1 1153
1741137354686 252679.1 1154
1741137364982 252679.1 1155
1741137375529 252679.1 1156
1741137386045 252679.1 1157
1741137396592 252679.1 1158
1741137406672 252679.1 1159
1741137416753 252679.5 1160
1741137428030 252679.5 1161
1741137438094 252679.5 1162
1741137449945 252679.5 1163
1741137460024 252679.5 1164
1741137471728 252679.5 1165
1741137481806 252679.5 1166
1741137493448 252679.5 1167
1741137503589 252679.5 1168
1741137515165 252679.5 1169
1741137525231 252679.5 1170
1741137536579 252679.5 1171
1741137548618 252679.5 1172
1741137559315 252679.5 1173
1741137570154 252679.5 1174
1741137580906 252679.5 1175
1741137591442 252679.5 1176
1741137601763 252679.5 1177
1741137616786 252679.5 1178
1741137626849 252679.8 1179
1741137638705 252679.8 1180
1741137648784 252679.8 1181
1741137660816 252679.8 1182
1741137670873 252679.8 1183
1741137682927 252679.8 1184
1741137693026 252679.8 1185
1741137703095 252679.8 1186
1741137713166 252679.8 1187
1741137723233 252679.8 1188
1741137735424 252679.8 1189
1741137748825 252679.8 1190
1741137759346 252679.8 1191
1741137770220 252679.9 1192
1741137780882 252679.9 1193
1741137792600 252679.9 1194
1741137803153 252679.9 1195
1741137813214 252679.9 1196
1741137825280 252680.2 1197
1741137835352 252680.2 1198
1741137847514 252680.2 1199
1741137857566 252680.2 1200
1741137869340 252680.2 1201
1741137879454 252680.2 1202
1741137891261 252680.2 1203
1741137901332 252680.2 1204
1741137913435 252680.2 1205
1741137923580 252680.2 1206
1741137935394 252680.2 1207
1741137945472 252680.2 1208
1741137957103 252680.2 1209
1741137967885 252680.2 1210
1741137978624 252680.2 1211
1741137989462 252680.2 1212
1741138000543 252680.2 1213
1741138011400 252680.2 1214
1741138021478 252680.2 1215
1741138031557 252680.6 1216
1741138043404 252680.6 1217
1741138053470 252680.6 1218
1741138065509 252680.6 1219
1741138075583 252680.6 1220
1741138087912 252681.1 1221
1741138097964 252681.1 1222
1741138110121 252681.1 1223
1741138120231 252681.1 1224
1741138132456 252681.1 1225
1741138142533 252681.1 1226
1741138154645 252681.1 1227
1741138166898 252681.1 1228
1741138177689 252681.1 1229
1741138188464 252681.1 1230
1741138199089 252681.1 1231
1741138209895 252681.1 1232
1741138220320 252681.1 1233
1741138230394 252681.1 1234
1741138240499 252681.5 1235
1741138250579 252681.5 1236
1741138262472 252681.5 1237
1741138272556 252681.5 1238
1741138284799 252681.5 1239
1741138294864 252681.5 1240
1741138307076 252681.5 1241
1741138317143 252681.5 1242
1741138329554 252681.5 1243
1741138339634 252681.5 1244
1741138349692 252681.5 1245
1741138360565 252681.5 1246
1741138372793 252681.5 1247
1741138383691 252681.5 1248
1741138394728 252681.5 1249
1741138405520 252681.5 1250
1741138416511 252681.5 1251
1741138427260 252681.5 1252
1741138437344 252681.5 1253
1741138447485 252681.8 1254
1741138457557 252681.8 1255
1741138467612 252681.8 1256
1741138477655 252681.8 1257
1741138490062 252681.8 1258
1741138500742 252681.8 1259
1741138510864 252681.8 1260
1741138523138 252681.8 1261
1741138533260 252681.8 1262
1741138543384 252681.8 1263
1741138555515 252681.8 1264
1741138565648 252681.8 1265
1741138578204 252681.8 1266
1741138589434 252681.8 1267
1741138600285 252681.8 1268
1741138611110 252681.8 1269
1741138621967 252681.8 1270
1741138632799 252681.8 1271
1741138642919 252681.8 1272
1741138654985 252681.8 1273
1741138665114 252682.2 1274
1741138677448 252682.2 1275
1741138687579 252682.2 1276
1741138699944 252682.2 1277
1741138710112 252682.2 1278
1741138720256 252682.2 1279
1741138730311 252682.2 1280
1741138740440 252682.2 1281
1741138750679 252682.2 1282
1741138760790 252682.2 1283
1741138773984 252682.2 1284
1741138785570 252682.2 1285
1741138797017 252682.2 1286
1741138808122 252682.2 1287
1741138818901 252682.2 1288
1741138829928 252682.2 1289
1741138841039 252682.2 1290
1741138852069 252682.2 1291
1741138862233 252682.2 1292
1741138874598 252682.2 1293
1741138884728 252682.5 1294
1741138894861 252682.5 1295
1741138906503 252682.5 1296
1741138916640 252682.5 1297
1741138929161 252682.5 1298
1741138939291 252682.5 1299
1741138949442 252682.5 1300
1741138961015 252682.5 1301
1741138971078 252682.5 1302
1741138981199 252682.5 1303
1741138992944 252682.5 1304
1741139008138 252682.5 1305
1741139020278 252682.5 1306
1741139032110 252682.5 1307
1741139044026 252682.5 1308
1741139055433 252682.5 1309
1741139067352 252682.5 1310
1741139077657 252682.5 1311
1741139091252 252682.5 1312
1741139101857 252682.9 1313
1741139112007 252682.9 1314
1741139124551 252682.9 1315
1741139134661 252682.9 1316
1741139144768 252682.9 1317
1741139156533 252682.9 1318
1741139166669 252682.9 1319
1741139176785 252682.9 1320
1741139188761 252682.9 1321
1741139198902 252682.9 1322
1741139208971 252682.9 1323
1741139220828 252682.9 1324
1741139233375 252682.9 1325
1741139244530 252682.9 1326
1741139255655 252682.9 1327
1741139266850 252682.9 1328
1741139278245 252682.9 1329
1741139291346 252682.9 1330
1741139304421 252682.9 1331
1741139314541 252683.2 1332
1741139324657 252683.2 1333
1741139336828 252683.2 1334
1741139346965 252683.2 1335
1741139357094 252683.2 1336
1741139369004 252683.2 1337
1741139379141 252683.2 1338
1741139389217 252683.2 1339
1741139401014 252683.2 1340
1741139411124 252683.2 1341
1741139421251 252683.2 1342
1741139432717 252683.2 1343
1741139442836 252683.2 1344
1741139453079 252683.2 1345
1741139464402 252683.2 1346
1741139475666 252683.2 1347
1741139487078 252683.2 1348
1741139498235 252683.2 1349
1741139508301 252683.2 1350
1741139518421 252683.6 1351
1741139530785 252684.1 1352
1741139540909 252684.1 1353
1741139551034 252684.1 1354
1741139563092 252684.1 1355
1741139573161 252684.1 1356
1741139583308 252684.1 1357
1741139596054 252684.1 1358
1741139606519 252684.1 1359
1741139616664 252684.1 1360
1741139626749 252684.1 1361
1741139636844 252684.1 1362
1741139647019 252684.1 1363
1741139657851 252684.1 1364
1741139667942 252684.1 1365
1741139680889 252684.1 1366
1741139696388 252684.1 1367
1741139706531 252684.1 1368
1741139717751 252684.1 1369
1741139730450 252684.1 1370
1741139740516 252684.1 1371
1741139750597 252684.5 1372
1741139760683 252684.5 1373
1741139770756 252684.5 1374
1741139780890 252684.5 1375
1741139790968 252684.5 1376
1741139801046 252684.5 1377
1741139811134 252684.5 1378
1741139821232 252684.5 1379
1741139831306 252684.5 1380
1741139841443 252684.5 1381
1741139851567 252684.5 1382
1741139861725 252684.5 1383
1741139871806 252684.5 1384
1741139881978 252684.5 1385
1741139894613 252684.5 1386
1741139906027 252684.5 1387
1741139918178 252684.5 1388
1741139930197 252684.5 1389
1741139942089 252684.5 1390
1741139953959 252684.5 1391
1741139964091 252684.5 1392
1741139977321 252684.5 1393
1741139987403 252684.8 1394
1741139997527 252684.8 1395
1741140009960 252684.8 1396
1741140020084 252684.8 1397
1741140030202 252684.8 1398
1741140040337 252684.8 1399
1741140052473 252684.8 1400
1741140062609 252684.8 1401
1741140072759 252684.8 1402
1741140082887 252684.8 1403
1741140095243 252684.8 1404
1741140105410 252684.8 1405
1741140115495 252684.8 1406
1741140126045 252684.8 1407
1741140137969 252684.8 1408
1741140149441 252684.8 1409
1741140160834 252684.8 1410
1741140172206 252684.8 1411
1741140182392 252684.8 1412
1741140195454 252684.8 1413
1741140205601 252685.2 1414
1741140215750 252685.2 1415
1741140228314 252685.2 1416
1741140238451 252685.2 1417
1741140248584 252685.2 1418
1741140258707 252685.2 1419
1741140270655 252685.2 1420
1741140280770 252685.2 1421
1741140290847 252685.2 1422
1741140300987 252685.2 1423
1741140313330 252685.2 1424
1741140323453 252685.2 1425
1741140333594 252685.2 1426
1741140344240 252685.2 1427
1741140356018 252685.2 1428
1741140367637 252685.2 1429
1741140379340 252685.2 1430
1741140390699 252685.2 1431
1741140400846 252685.2 1432
1741140413829 252685.2 1433
1741140423947 252685.5 1434
1741140434062 252685.5 1435
1741140444187 252685.5 1436
1741140456836 252685.5 1437
1741140466928 252685.5 1438
1741140477057 252685.5 1439
1741140487173 252685.5 1440
1741140499344 252685.5 1441
1741140509488 252685.5 1442
1741140519628 252685.5 1443
1741140529698 252685.5 1444
1741140542060 252685.5 1445
1741140552203 252685.5 1446
1741140563768 252685.5 1447
1741140575815 252685.5 1448
1741140587272 252685.5 1449
1741140599015 252685.5 1450
1741140610567 252685.5 1451
1741140620807 252685.5 1452
1741140634232 252685.5 1453
1741140644367 252685.9 1454
1741140654450 252685.9 1455
1741140664586 252685.9 1456
1741140676872 252685.9 1457
1741140687019 252685.9 1458
1741140697171 252685.9 1459
1741140709796 252685.9 1460
1741140719937 252685.9 1461
1741140730083 252685.9 1462
1741140740235 252685.9 1463
1741140752533 252685.9 1464
1741140762691 252685.9 1465
1741140772755 252685.9 1466
1741140783551 252685.9 1467
1741140795571 252685.9 1468
1741140807342 252685.9 1469
1741140819076 252685.9 1470
1741140830928 252685.9 1471
1741140841184 252685.9 1472
1741140854627 252685.9 1473
1741140864775 252686.2 1474
1741140874947 252686.2 1475
1741140885110 252686.2 1476
1741140897319 252686.2 1477
1741140907477 252686.2 1478
1741140917629 252686.2 1479
1741140927804 252686.2 1480
1741140939915 252686.2 1481
1741140949978 252686.2 1482
1741140960122 252686.2 1483
1741140970292 252686.2 1484
1741140982744 252686.2 1485
1741140992921 252686.2 1486
1741141004620 252686.7 1487
1741141016344 252686.7 1488
1741141028224 252686.7 1489
1741141040078 252686.7 1490
1741141051912 252686.7 1491
1741141062233 252686.7 1492
1741141077063 252686.7 1493
1741141087240 252687.1 1494
1741141097400 252687.1 1495
1741141107573 252687.1 1496
1741141117721 252687.1 1497
1741141130792 252687.1 1498
1741141143083 252687.1 1499
1741141155183 252687.1 1500
1741141167152 252687.1 1501
1741141178279 252687.1 1502
1741141189014 252687.1 1503
1741141199930 252687.1 1504
1741141210111 252687.1 1505
1741141220229 252687.1 1506
1741141230656 252687.1 1507
1741141243277 252687.1 1508
1741141256362 252687.1 1509
1741141266511 252687.1 1510
1741141277915 252687.1 1511
1741141290518 252687.1 1512
1741141305152 252687.1 1513
1741141320272 252687.1 1514
1741141330787 252687.4 1515
1741141340894 252687.4 1516
1741141351051 252687.4 1517
1741141361107 252687.4 1518
1741141371168 252687.5 1519
1741141381315 252687.5 1520
1741141393642 252687.5 1521
1741141403740 252687.5 1522
1741141413856 252687.5 1523
1741141423946 252687.5 1524
1741141434036 252687.5 1525
1741141444165 252687.5 1526
1741141456762 252687.5 1527
1741141466849 252687.5 1528
1741141478523 252687.5 1529
1741141490751 252687.5 1530
1741141502580 252687.5 1531
1741141514457 252687.5 1532
1741141526366 252687.5 1533
1741141536454 252687.5 1534
1741141546896 252687.8 1535
1741141557144 252687.8 1536
1741141567231 252687.8 1537
1741141577365 252687.8 1538
1741141587444 252687.8 1539
1741141597527 252687.8 1540
1741141607674 252687.8 1541
1741141620202 252687.8 1542
1741141630290 252687.8 1543
1741141640374 252687.8 1544
1741141650457 252687.8 1545
1741141660532 252687.8 1546
1741141670665 252687.8 1547
1741141683297 252687.8 1548
1741141693378 252687.8 1549
1741141705331 252687.8 1550
1741141717418 252687.8 1551
1741141729508 252687.8 1552
1741141741473 252687.8 1553
1741141753778 252687.8 1554
1741141763870 252687.8 1555
1741141774019 252688.1 1556
1741141784085 252688.1 1557
1741141794178 252688.1 1558
1741141804318 252688.1 1559
1741141814379 252688.1 1560
1741141824467 252688.1 1561
1741141834592 252688.1 1562
1741141844652 252688.1 1563
1741141854719 252688.1 1564
1741141864803 252688.1 1565
1741141875049 252688.1 1566
1741141885136 252688.1 1567
1741141895282 252688.1 1568
1741141905603 252688.1 1569
1741141916136 252688.1 1570
1741141927035 252688.1 1571
1741141937110 252688.1 1572
1741141949492 252688.1 1573
1741141962477 252688.1 1574
1741141972593 252688.1 1575
1741141984397 252688.1 1576
1741141999041 252688.1 1577
1741142015039 252688.1 1578
1741142025844 252688.5 1579
1741142036291 252688.5 1580
1741142047116 252688.5 1581
1741142058342 252688.5 1582
1741142070019 252688.5 1583
1741142081576 252688.5 1584
1741142093131 252688.5 1585
1741142103307 252688.5 1586
1741142113383 252688.5 1587
1741142123447 252688.5 1588
1741142133597 252688.5 1589
1741142143652 252688.5 1590
1741142153723 252688.5 1591
1741142168581 252688.5 1592
1741142180807 252688.5 1593
1741142192925 252688.5 1594
1741142205150 252688.5 1595
1741142217797 252688.5 1596
1741142230037 252688.5 1597
1741142240842 252688.5 1598
1741142255766 252688.5 1599
1741142265847 252688.8 1600
1741142275937 252688.8 1601
1741142286080 252688.8 1602
1741142296175 252688.8 1603
1741142306265 252688.8 1604
1741142316318 252688.8 1605
1741142326374 252688.8 1606
1741142336445 252688.8 1607
1741142346540 252688.8 1608
1741142356672 252688.8 1609
1741142366739 252688.8 1610
1741142376841 252688.8 1611
1741142386900 252688.8 1612
1741142400546 252688.8 1613
1741142413296 252688.8 1614
1741142425777 252688.8 1615
1741142437917 252688.8 1616
1741142450034 252688.8 1617
1741142462242 252688.8 1618
1741142473165 252688.8 1619
1741142487244 252688.8 1620
1741142497331 252689.7 1621
1741142507417 252689.7 1622
1741142517505 252689.7 1623
1741142527593 252689.7 1624
1741142537765 252689.7 1625
1741142548373 252689.7 1626
1741142559871 252689.7 1627
1741142571379 252689.7 1628
1741142582594 252689.7 1629
1741142593525 252689.7 1630
1741142604798 252689.7 1631
1741142616554 252689.7 1632
1741142627923 252689.7 1633
1741142638200 252689.7 1634
1741142649376 252689.7 1635
1741142659582 252689.7 1636
1741142671956 252689.7 1637
1741142682092 252689.7 1638
1741142694212 252689.7 1639
1741142704340 252689.7 1640
1741142716451 252689.7 1641
1741142726576 252689.7 1642
1741142738754 252690.1 1643
1741142749515 252690.1 1644
1741142760319 252690.1 1645
1741142771840 252690.1 1646
1741142782557 252690.1 1647
1741142793800 252690.1 1648
1741142805077 252690.1 1649
1741142816011 252690.1 1650
1741142827256 252690.1 1651
1741142838383 252690.1 1652
1741142849232 252690.1 1653
1741142859695 252690.1 1654
1741142870976 252690.1 1655
1741142882247 252690.1 1656
1741142893079 252690.1 1657
1741142904265 252690.1 1658
1741142914383 252690.1 1659
1741142927423 252690.1 1660
1741142937499 252690.1 1661
1741142949625 252690.1 1662
1741142962561 252690.1 1663
1741142975576 252690.1 1664
1741142985665 252690.1 1665
1741142998641 252690.4 1666
1741143008830 252690.4 1667
1741143019154 252690.4 1668
1741143030388 252690.4 1669
1741143041000 252690.4 1670
1741143051547 252690.4 1671
1741143061867 252690.4 1672
1741143072300 252690.4 1673
1741143082748 252690.4 1674
1741143093534 252690.4 1675
1741143104125 252690.4 1676
1741143114453 252690.4 1677
1741143125265 252690.4 1678
1741143136022 252690.4 1679
1741143148075 252690.4 1680
1741143161120 252690.4 1681
1741143173918 252690.4 1682
1741143186794 252690.4 1683
1741143199768 252690.4 1684
1741143212705 252690.4 1685
1741143224895 252690.4 1686
1741143240837 252690.4 1687
1741143251475 252690.8 1688
1741143261813 252690.8 1689
1741143272285 252690.8 1690
1741143282561 252690.8 1691
1741143292958 252690.8 1692
1741143303220 252690.8 1693
1741143313686 252690.8 1694
1741143324092 252690.8 1695
1741143335765 252690.8 1696
1741143346746 252690.8 1697
1741143357252 252690.8 1698
1741143367631 252690.8 1699
1741143378377 252690.8 1700
1741143389267 252690.8 1701
1741143400077 252690.8 1702
1741143412957 252690.8 1703
1741143423063 252690.8 1704
1741143435511 252690.8 1705
1741143448595 252690.8 1706
1741143462016 252690.8 1707
1741143474144 252690.8 1708
1741143490380 252690.8 1709
1741143501229 252691.1 1710
1741143512028 252691.1 1711
1741143522982 252691.1 1712
1741143533774 252691.1 1713
1741143544190 252691.1 1714
1741143555297 252691.1 1715
1741143565965 252691.1 1716
1741143576731 252691.1 1717
1741143587135 252691.1 1718
1741143597629 252691.1 1719
1741143608508 252691.1 1720
1741143619074 252691.1 1721
1741143629982 252691.1 1722
1741143640938 252691.1 1723
1741143651758 252691.1 1724
1741143661854 252691.1 1725
1741143673714 252691.1 1726
1741143686496 252691.1 1727
1741143699347 252691.1 1728
1741143709428 252691.1 1729
1741143721360 252691.2 1730
1741143731470 252691.2 1731
1741143741697 252691.5 1732
1741143751786 260777.5 1733
1741143761866 260777.5 1734
1741143772428 260777.5 1735
1741143782838 260777.5 1736
1741143793623 260777.5 1737
1741143804186 260777.5 1738
1741143815247 260777.5 1739
1741143825663 260777.5 1740
1741143836720 260777.5 1741
1741143847640 260777.5 1742
1741143858942 260777.5 1743
1741143870353 260777.5 1744
1741143881508 260777.5 1745
1741143892313 260777.5 1746
1741143903478 260777.5 1747
1741143913570 260777.5 1748
1741143925874 260777.5 1749
1741143935959 260777.5 1750
1741143948875 260777.5 1751
1741143958958 260777.5 1752
1741143971526 260777.5 1753
1741143981633 260777.5 1754
1741143996374 260778.4 1755
1741144007223 260778.4 1756
1741144018162 260778.4 1757
1741144029271 260778.4 1758
1741144040287 260778.4 1759
1741144052400 260778.4 1760
1741144064066 260778.4 1761
1741144075018 260778.4 1762
1741144085676 260778.4 1763
1741144096878 260778.4 1764
1741144107769 260778.4 1765
1741144119053 260778.4 1766
1741144130084 260778.4 1767
1741144141327 260778.4 1768
1741144152225 260778.4 1769
1741144163807 260778.4 1770
1741144173899 260778.4 1771
1741144183988 260778.4 1772
1741144197285 260778.4 1773
1741144207455 260778.4 1774
1741144219893 260778.4 1775
1741144230005 260778.4 1776
1741144240416 260778.4 1777
1741144256045 260778.4 1778
1741144266829 260778.7 1779
1741144277778 260778.7 1780
1741144288592 260778.7 1781
1741144299325 260778.7 1782
1741144310482 260778.7 1783
1741144321733 260778.7 1784
1741144332957 260778.7 1785
1741144344202 260778.7 1786
1741144356033 260778.7 1787
1741144368182 260778.7 1788
1741144379117 260778.7 1789
1741144389935 260778.7 1790
1741144400598 260778.7 1791
1741144411260 260778.7 1792
1741144422593 260778.7 1793
1741144432690 260778.7 1794
1741144445153 260778.7 1795
1741144455259 260778.8 1796
1741144467743 260778.8 1797
1741144477908 260778.8 1798
1741144490068 260778.8 1799
1741144500131 260778.8 1800
1741144511759 260779.1 1801
1741144522353 260779.1 1802
1741144532938 260779.1 1803
1741144543554 260779.1 1804
1741144553883 260779.1 1805
1741144564323 260779.1 1806
1741144575018 260779.1 1807
1741144585395 260779.1 1808
1741144595868 260779.1 1809
1741144606412 260779.1 1810
1741144616897 260779.1 1811
1741144627395 260779.1 1812
1741144638021 260779.1 1813
1741144648436 260779.1 1814
1741144658806 260779.1 1815
1741144669551 260779.1 1816
1741144679646 260779.1 1817
1741144691794 260779.1 1818
1741144701872 260779.1 1819
1741144713739 260779.1 1820
1741144723833 260779.1 1821
1741144735823 260779.1 1822
1741144745906 260779.1 1823
1741144759116 260779.5 1824
1741144770164 260779.5 1825
1741144780730 260779.5 1826
1741144791389 260779.5 1827
1741144802541 260779.5 1828
1741144813532 260779.5 1829
1741144824768 260779.5 1830
1741144836237 260779.5 1831
1741144847801 260779.5 1832
1741144858740 260779.5 1833
1741144870026 260779.5 1834
1741144881352 260779.5 1835
1741144892647 260779.5 1836
1741144904108 260779.5 1837
1741144914782 260779.5 1838
1741144927366 260779.5 1839
1741144937475 260779.5 1840
1741144950729 260779.5 1841
1741144960865 260779.5 1842
1741144974071 260779.5 1843
1741144986464 260779.5 1844
1741144996543 260779.5 1845
1741145006753 260779.5 1846
1741145020496 260779.9 1847
1741145031526 260779.9 1848
1741145042378 260779.9 1849
1741145053078 260779.9 1850
1741145064081 260779.9 1851
1741145074888 260779.9 1852
1741145085668 260779.9 1853
1741145096626 260779.9 1854
1741145108241 260779.9 1855
1741145119233 260779.9 1856
1741145130085 260779.9 1857
1741145140941 260779.9 1858
1741145151938 260779.9 1859
1741145163312 260779.9 1860
1741145174004 260779.9 1861
1741145185384 260779.9 1862
1741145195464 260779.9 1863
1741145208934 260779.9 1864
1741145219046 260779.9 1865
1741145229203 260779.9 1866
1741145242149 260779.9 1867
1741145252241 260779.9 1868
1741145263355 260779.9 1869
1741145278725 260779.9 1870
1741145290419 260780.2 1871
1741145301469 260780.2 1872
1741145312673 260780.2 1873
1741145323775 260780.2 1874
1741145334753 260780.2 1875
1741145345780 260780.2 1876
1741145356920 260780.2 1877
1741145368346 260780.2 1878
1741145379916 260780.2 1879
1741145390873 260780.2 1880
1741145402104 260780.2 1881
1741145413840 260780.2 1882
1741145425493 260780.2 1883
1741145436886 260780.2 1884
1741145448583 260780.2 1885
1741145459811 260780.2 1886
1741145471287 260780.2 1887
1741145483914 260780.3 1888
1741145493985 260780.8 1889
1741145504054 260780.8 1890
1741145517146 260780.8 1891
1741145527212 260780.8 1892
1741145537278 260780.8 1893
1741145550357 260780.8 1894
1741145560517 260780.8 1895
1741145573294 260781.6 1896
1741145584439 260792.8 1897
1741145595732 260792.8 1898
1741145606607 260792.8 1899
1741145617511 260792.8 1900
1741145629672 260792.8 1901
1741145641062 260792.8 1902
1741145652418 260792.8 1903
1741145663622 260792.8 1904
1741145675647 260792.8 1905
1741145687063 260792.8 1906
1741145698119 260792.8 1907
1741145708894 260792.8 1908
1741145720093 260792.8 1909
1741145730669 260792.8 1910
1741145741530 260792.8 1911
1741145752158 260792.8 1912
1741145763033 260792.8 1913
1741145775274 260792.8 1914
1741145785432 260792.8 1915
1741145798130 260792.8 1916
1741145808222 260792.8 1917
1741145820547 260792.8 1918
1741145830678 260792.8 1919
1741145843304 260792.8 1920
1741145853400 260792.8 1921
1741145863551 260793.6 1922
1741145874901 260793.6 1923
1741145885992 260793.6 1924
1741145896865 260793.6 1925
1741145907895 260793.6 1926
1741145919032 260793.6 1927
1741145930101 260793.6 1928
1741145940793 260793.6 1929
1741145952008 260793.6 1930
1741145963277 260793.6 1931
1741145974332 260793.6 1932
1741145985729 260793.6 1933
1741145996792 260793.6 1934
1741146007908 260793.6 1935
1741146018817 260793.6 1936
1741146029565 260793.6 1937
1741146040487 260793.6 1938
1741146051952 260793.6 1939
1741146064377 260793.6 1940
1741146074525 260793.6 1941
1741146086694 260793.6 1942
1741146096792 260793.6 1943
1741146109918 260793.6 1944
1741146120040 260793.6 1945
1741146132888 260793.6 1946
1741146142991 260793.6 1947
1741146153060 260794.4 1948
1741146163210 260794.4 1949
1741146174192 260794.4 1950
1741146186023 260794.4 1951
1741146197026 260794.4 1952
1741146207788 260794.4 1953
1741146218768 260794.4 1954
1741146229518 260794.4 1955
1741146240238 260794.4 1956
1741146251011 260794.4 1957
1741146261849 260794.4 1958
1741146272643 260794.4 1959
1741146283290 260794.4 1960
1741146294240 260794.4 1961
1741146305059 260794.4 1962
1741146315766 260794.4 1963
1741146326662 260794.4 1964
1741146337435 260794.4 1965
1741146349684 260794.4 1966
1741146359842 260794.4 1967
1741146372164 260794.4 1968
1741146382252 260794.4 1969
1741146394676 260794.4 1970
1741146404825 260794.4 1971
1741146417071 260794.4 1972
1741146435259 260794.4 1973
1741146446357 260795.2 1974
1741146457220 260795.2 1975
1741146468253 260795.2 1976
1741146479134 260795.2 1977
1741146490033 260795.2 1978
1741146501471 260795.2 1979
1741146512346 260795.2 1980
1741146523301 260795.2 1981
1741146534241 260795.2 1982
1741146545110 260795.2 1983
1741146555798 260795.2 1984
1741146566667 260795.2 1985
1741146577719 260795.2 1986
1741146588975 260795.2 1987
1741146599655 260795.2 1988
1741146610512 260795.2 1989
1741146621226 260795.2 1990
1741146633538 260795.2 1991
1741146643686 260795.2 1992
1741146656522 260795.2 1993
1741146666611 260795.2 1994
1741146679065 260795.2 1995
1741146689197 260795.2 1996
1741146701631 260795.2 1997
1741146711718 260795.2 1998
1741146721813 260796.0 1999
1741146731966 260796.0 2000
1741146742057 260796.0 2001
1741146752880 260796.0 2002
1741146763795 260796.0 2003
1741146774578 260796.0 2004
1741146785401 260796.0 2005
1741146796269 260796.0 2006
1741146807222 260796.0 2007
1741146818221 260796.0 2008
1741146829198 260796.0 2009
1741146840113 260796.0 2010
1741146851110 260796.0 2011
1741146861909 260796.0 2012
1741146872693 260796.0 2013
1741146883401 260796.0 2014
1741146894326 260796.0 2015
1741146905170 260796.0 2016
1741146917446 260796.0 2017
1741146927625 260796.0 2018
1741146940158 260796.0 2019
1741146950228 260796.0 2020
1741146963065 260796.0 2021
1741146973247 260796.5 2022
1741146985600 260796.5 2023
1741146995687 260796.5 2024
1741147005784 260797.3 2025
1741147015867 260797.3 2026
1741147025952 260797.3 2027
1741147036465 260797.3 2028
1741147047267 260797.3 2029
1741147058226 260797.3 2030
1741147069213 260797.3 2031
1741147080154 260797.3 2032
1741147091116 260797.3 2033
1741147101993 260797.3 2034
1741147112924 260797.3 2035
1741147123890 260797.3 2036
1741147134755 260797.3 2037
1741147145550 260797.3 2038
1741147156356 260797.3 2039
1741147167381 260797.3 2040
1741147178283 260797.3 2041
1741147189326 260797.3 2042
1741147201910 260797.3 2043
1741147211993 260797.3 2044
1741147224731 260797.3 2045
1741147234822 260797.3 2046
1741147247622 260797.3 2047
1741147257790 260797.3 2048
1741147270364 260797.3 2049
1741147280452 260797.3 2050
1741147290608 260798.1 2051
1741147300685 260798.1 2052
1741147310750 260798.1 2053
1741147324445 260798.1 2054
1741147341605 260798.1 2055
1741147353397 260798.1 2056
1741147364832 260798.1 2057
1741147376112 260798.1 2058
1741147387448 260798.1 2059
1741147398718 260798.1 2060
1741147409919 260798.1 2061
1741147421196 260798.1 2062
1741147432570 260798.1 2063
1741147444006 260798.1 2064
1741147455265 260798.1 2065
1741147466297 260798.1 2066
1741147477256 260798.1 2067
1741147488596 260798.1 2068
1741147501206 260798.1 2069
1741147511280 260798.1 2070
1741147524318 260798.1 2071
1741147534413 260798.1 2072
1741147547185 260798.1 2073
1741147557264 260798.1 2074
1741147570038 260798.1 2075
1741147580132 260798.1 2076
1741147590292 260798.8 2077
1741147600807 260798.8 2078
1741147611841 260798.8 2079
1741147622740 260798.8 2080
1741147633813 260798.8 2081
1741147644841 260798.8 2082
1741147655822 260798.8 2083
1741147667027 260798.8 2084
1741147678043 260798.8 2085
1741147689084 260798.8 2086
1741147700336 260798.8 2087
1741147711938 260798.8 2088
1741147722949 260798.8 2089
1741147734489 260798.8 2090
1741147745478 260798.8 2091
1741147756654 260798.8 2092
1741147767640 260798.8 2093
1741147778868 260798.8 2094
1741147791673 260798.8 2095
1741147801845 260798.8 2096
1741147814754 260798.8 2097
1741147824847 260798.8 2098
1741147837981 260798.8 2099
1741147848086 260798.8 2100
1741147860636 260798.8 2101
1741147870731 260798.8 2102
1741147880799 260799.6 2103
1741147890939 260799.6 2104
1741147901024 260799.6 2105
1741147911911 260799.6 2106
1741147922853 260799.6 2107
1741147933797 260799.6 2108
1741147944771 260799.6 2109
1741147956019 260799.6 2110
1741147966995 260799.6 2111
1741147978172 260799.6 2112
1741147989207 260799.6 2113
1741148000187 260799.6 2114
1741148011238 260799.6 2115
1741148022339 260799.6 2116
1741148033367 260799.6 2117
1741148044606 260799.6 2118
1741148055646 260799.6 2119
1741148066716 260799.6 2120
1741148079119 260799.6 2121
1741148089209 260799.6 2122
1741148102341 260799.6 2123
1741148112428 260799.6 2124
1741148125421 260799.6 2125
1741148135519 260799.6 2126
1741148148318 260799.6 2127
1741148166809 260799.6 2128
1741148177914 260800.3 2129
1741148188892 260800.3 2130
1741148199964 260800.3 2131
1741148211135 260800.3 2132
1741148222391 260800.3 2133
1741148233553 260800.3 2134
1741148244720 260800.3 2135
1741148256002 260800.3 2136
1741148266909 260800.3 2137
1741148278217 260800.3 2138
1741148289389 260800.3 2139
1741148300360 260800.3 2140
1741148311304 260800.3 2141
1741148322307 260800.3 2142
1741148333595 260800.3 2143
1741148344942 260800.3 2144
1741148355931 260800.3 2145
1741148368656 260800.3 2146
1741148378737 260800.3 2147
1741148392026 260800.3 2148
1741148402167 260800.3 2149
1741148414998 260800.3 2150
1741148425088 260800.3 2151
1741148437791 260800.3 2152
1741148447884 260800.3 2153
1741148457992 260801.1 2154
1741148468072 260801.1 2155
1741148478568 260801.6 2156
1741148489741 260801.6 2157
1741148500887 260801.6 2158
1741148512028 260801.6 2159
1741148523129 260801.6 2160
1741148534190 260801.6 2161
1741148545210 260801.6 2162
1741148556537 260801.6 2163
1741148567712 260801.6 2164
1741148578745 260801.6 2165
1741148589825 260801.6 2166
1741148600966 260801.6 2167
1741148611859 260801.6 2168
1741148623225 260801.6 2169
1741148634452 260801.6 2170
1741148645523 260801.6 2171
1741148658093 260801.6 2172
1741148668175 260801.6 2173
1741148678264 260801.6 2174
1741148691172 260801.6 2175
1741148701350 260801.6 2176
1741148714538 260801.6 2177
1741148724633 260801.6 2178
