1741125236481 295754.1 0
1741125246561 295754.1 1
1741125256645 295754.1 2
1741125266750 295754.1 3
1741125276901 295754.1 4
1741125286988 295754.1 5
1741125297077 295754.1 6
1741125307171 295754.1 7
1741125317237 295753.4 8
1741125327336 295742.3 9
1741125337413 295742.3 10
1741125347476 295742.3 11
1741125357558 295742.3 12
1741125367587 295742.3 13
1741125377618 295742.3 14
1741125387697 295742.3 15
1741125397747 295741.7 16
1741125407793 295741.7 17
1741125417908 295741.7 18
1741125427937 295741.7 19
1741125437990 295741.7 20
1741125448038 295741.7 21
1741125458128 295741.7 22
1741125468189 295741.7 23
1741125478237 295741.7 24
1741125488263 295741.2 25
1741125498319 295741.1 26
1741125508403 295741.1 27
1741125518499 295741.1 28
1741125528586 295741.2 29
1741125538686 295741.2 30
1741125548944 295741.2 31
1741125558980 295741.2 32
1741125569026 295741.2 33
1741125579110 295740.7 34
1741125589207 295740.7 35
1741125599300 295740.8 36
1741125609336 295740.8 37
1741125619612 295740.8 38
1741125629723 295740.8 39
1741125639769 295740.8 40
1741125649804 295740.8 41
1741125659847 295740.3 42
1741125669896 295740.3 43
1741125679987 295740.3 44
1741125690233 295740.3 45
1741125700292 295740.3 46
1741125710361 295740.3 47
1741125720445 295740.3 48
1741125730595 295740.3 49
1741125740935 295740.3 50
1741125751073 295739.8 51
1741125761123 295739.8 52
1741125771179 295739.8 53
1741125781273 295739.8 54
1741125791322 295739.8 55
1741125801374 295739.8 56
1741125811477 295739.3 57
1741125821500 295739.3 58
1741125831557 295738.9 59
1741125841655 295738.9 60
1741125851689 295738.9 61
1741125861732 295738.9 62
1741125871825 295738.9 63
1741125881875 295738.9 64
1741125891915 295738.9 65
1741125902273 295738.9 66
1741125912312 295738.9 67
1741125922366 295738.4 68
1741125932405 295738.4 69
1741125942455 295738.4 70
1741125952494 295738.4 71
1741125962580 295738.4 72
1741125972603 295738.4 73
1741125982647 295738.4 74
1741125992743 295738.4 75
1741126002787 295738.4 76
1741126012822 295738.0 77
1741126022845 295738.0 78
1741126032889 295738.0 79
1741126042951 295738.0 80
1741126053058 295738.0 81
1741126063086 295738.0 82
1741126073121 295738.0 83
1741126083204 295738.0 84
1741126093256 295737.6 85
1741126103313 295737.6 86
1741126113411 295737.6 87
1741126123451 295737.6 88
1741126133487 295737.6 89
1741126143982 295737.6 90
1741126154015 295737.6 91
1741126164095 295737.6 92
1741126174301 295737.6 93
1741126184414 295737.2 94
1741126194442 295737.1 95
1741126204545 295737.1 96
1741126214572 295737.1 97
1741126224605 295737.1 98
1741126234696 295737.1 99
1741126245151 295737.1 100
1741126255574 295737.1 101
1741126265878 295737.1 102
1741126276004 295736.8 103
1741126286052 295736.7 104
1741126296156 295736.7 105
1741126306176 295736.7 106
1741126316225 295736.7 107
1741126326393 295736.7 108
1741126336458 295736.7 109
1741126346510 295736.7 110
1741126356585 295736.7 111
1741126366630 295736.7 112
1741126376681 295736.3 113
1741126386915 295736.3 114
1741126397137 295736.3 115
1741126407165 295736.3 116
1741126417238 295736.3 117
1741126427291 295736.3 118
1741126437317 295736.3 119
1741126447367 295736.3 120
1741126457467 295736.3 121
1741126467539 295735.9 122
1741126477590 295735.9 123
1741126487638 295735.9 124
1741126497663 295735.9 125
1741126507714 295735.9 126
1741126517812 295735.9 127
1741126527836 295735.9 128
1741126538230 295735.9 129
1741126548301 295735.9 130
1741126558639 295735.4 131
1741126568723 295735.4 132
1741126578847 295735.4 133
1741126588901 295735.4 134
1741126598947 295735.4 135
1741126608998 295735.4 136
1741126619041 295735.4 137
1741126629081 295735.4 138
1741126639678 295735.4 139
1741126649707 295735.4 140
1741126659756 295735.0 141
1741126669814 295735.0 142
1741126679839 295735.0 143
1741126689881 295735.0 144
1741126699994 295735.0 145
1741126710035 295735.0 146
1741126720430 295735.0 147
1741126730493 295735.0 148
1741126740536 295735.0 149
1741126750575 295734.6 150
1741126760687 295734.6 151
1741126770749 295734.6 152
1741126780814 295734.6 153
1741126790850 295734.6 154
1741126800883 295734.6 155
1741126810924 295734.6 156
1741126821370 295734.6 157
1741126831514 295734.6 158
1741126841563 295734.6 159
1741126851627 295734.2 160
1741126861678 295734.2 161
1741126871735 295734.2 162
1741126881832 295734.2 163
1741126891875 295734.2 164
1741126901979 295734.2 165
1741126912595 295734.2 166
1741126922781 295734.2 167
1741126932829 295734.2 168
1741126942870 295733.8 169
1741126952970 295733.8 170
1741126963015 295733.8 171
1741126973083 295733.8 172
1741126983258 295733.8 173
1741126993312 295733.8 174
1741127003374 295733.8 175
1741127013469 295733.8 176
1741127023520 295733.8 177
1741127033571 295733.8 178
1741127043607 295733.4 179
1741127053656 295733.4 180
1741127063696 295732.9 181
1741127073732 295732.9 182
1741127083944 295732.9 183
1741127094271 295732.9 184
1741127104533 295732.9 185
1741127114889 295732.9 186
1741127125088 295732.9 187
1741127135192 295732.9 188
1741127145234 295732.5 189
1741127155732 295732.5 190
1741127165969 295732.5 191
1741127176207 295732.5 192
1741127186663 295732.5 193
1741127197056 295732.5 194
1741127207519 295732.5 195
1741127217585 295732.5 196
1741127227705 295732.5 197
1741127237758 295732.5 198
1741127247804 295732.1 199
1741127257903 295732.1 200
1741127267958 295732.1 201
1741127278002 295732.1 202
1741127288100 295732.1 203
1741127298156 295732.1 204
1741127308735 295732.1 205
1741127318826 295732.1 206
1741127329087 295732.1 207
1741127339120 295732.1 208
1741127349188 295731.7 209
1741127359308 295731.7 210
1741127369356 295731.7 211
1741127379525 295731.7 212
1741127390037 295731.7 213
1741127400670 295731.7 214
1741127411302 295731.7 215
1741127421412 295731.7 216
1741127431483 295731.7 217
1741127441532 295731.7 218
1741127451563 295731.3 219
1741127461621 295731.3 220
1741127471661 295731.3 221
1741127482182 295731.3 222
1741127492816 295731.3 223
1741127502872 295731.3 224
1741127512920 295731.3 225
1741127522980 295731.3 226
1741127533059 295731.3 227
1741127543150 295731.3 228
1741127553662 295730.9 229
1741127564405 295730.9 230
1741127575118 295730.9 231
1741127585779 295730.9 232
1741127596504 295730.9 233
1741127607224 295730.9 234
1741127617986 295730.9 235
1741127628264 295730.9 236
1741127638352 295730.9 237
1741127648451 295730.9 238
1741127658506 295730.5 239
1741127669243 295730.5 240
1741127680039 295730.5 241
1741127690095 295730.5 242
1741127701721 295730.5 243
1741127711774 295730.5 244
1741127721877 295730.5 245
1741127731930 295730.5 246
1741127741976 295730.5 247
1741127752015 295730.5 248
1741127762061 295730.1 249
1741127772658 295730.1 250
1741127783543 295730.1 251
1741127793595 295730.1 252
1741127803662 295730.1 253
1741127813747 295730.1 254
1741127824533 295730.1 255
1741127834616 295730.1 256
1741127844665 295730.1 257
1741127854706 295730.1 258
1741127866102 295730.1 259
1741127876154 295729.7 260
1741127886273 295729.7 261
1741127896330 295729.7 262
1741127906374 295729.7 263
1741127916473 295729.7 264
1741127926872 295729.7 265
1741127936925 295729.7 266
1741127947038 295729.7 267
1741127957754 295729.7 268
1741127967817 295729.7 269
1741127977919 295729.3 270
1741127987986 295729.3 271
1741127998813 295729.3 272
1741128008911 295729.3 273
1741128018975 295729.3 274
1741128029435 295729.3 275
1741128040462 295729.3 276
1741128050603 295729.3 277
1741128060656 295729.3 278
1741128070708 295729.3 279
1741128080870 295729.3 280
1741128091094 295729.0 281
1741128101168 295729.0 282
1741128111217 295729.0 283
1741128121927 295729.0 284
1741128131987 295729.0 285
1741128142106 295729.0 286
1741128152164 295729.0 287
1741128162734 295729.0 288
1741128172797 295729.0 289
1741128183208 295729.0 290
1741128193265 295729.0 291
1741128204244 295728.6 292
1741128214284 295728.6 293
1741128224330 295728.6 294
1741128235210 295728.6 295
1741128245268 295728.6 296
1741128255339 295728.6 297
1741128265399 295728.6 298
1741128277299 295728.6 299
1741128287421 295728.6 300
1741128297445 295728.6 301
1741128307584 295728.2 302
1741128318343 295728.2 303
1741128328386 295728.2 304
1741128338482 295728.2 305
1741128348516 295728.2 306
1741128358574 295728.2 307
1741128369603 295727.7 308
1741128379646 295727.7 309
1741128389684 295727.7 310
1741128399812 295727.7 311
1741128409859 295727.7 312
1741128419907 295727.3 313
1741128430726 295727.3 314
1741128440787 295727.3 315
1741128450838 295727.3 316
1741128460879 295727.3 317
1741128470936 295727.3 318
1741128480999 295727.3 319
1741128491043 295727.3 320
1741128501102 295727.3 321
1741128511170 295727.3 322
1741128521222 295727.3 323
1741128531287 295727.0 324
1741128541336 295726.9 325
1741128551397 295726.9 326
1741128561560 295726.9 327
1741128571608 295726.9 328
1741128581791 295726.9 329
1741128591841 295726.9 330
1741128602124 295726.9 331
1741128612490 295726.9 332
1741128622840 295726.9 333
1741128633035 295726.9 334
1741128644203 295726.9 335
1741128654238 295726.5 336
1741128664917 295726.5 337
1741128674989 295726.5 338
1741128685614 295726.5 339
1741128695665 295726.5 340
1741128706240 295726.5 341
1741128716290 295726.5 342
1741128726328 295726.5 343
1741128736620 295726.5 344
1741128747132 295726.5 345
1741128757222 295726.5 346
1741128767270 295726.1 347
1741128777661 295726.1 348
1741128787768 295726.1 349
1741128798232 295726.1 350
1741128808278 295726.1 351
1741128818894 295726.1 352
1741128828945 295726.1 353
1741128839771 295726.1 354
1741128850828 295726.1 355
1741128861508 295726.1 356
1741128871552 295726.1 357
1741128882678 295725.7 358
1741128892732 295725.7 359
1741128903645 295725.7 360
1741128913692 295725.7 361
1741128924259 295725.7 362
1741128934301 295725.7 363
1741128945191 295725.7 364
1741128955244 295725.7 365
1741128965936 295725.7 366
1741128976838 295725.7 367
1741128986890 295725.7 368
1741128997321 295725.4 369
1741129007379 295725.4 370
1741129018362 295725.4 371
1741129028453 295725.4 372
1741129039297 295725.4 373
1741129049345 295725.4 374
1741129060474 295725.4 375
1741129070516 295725.4 376
1741129080580 295725.4 377
1741129091077 295725.4 378
1741129101822 295725.4 379
1741129113158 295725.4 380
1741129123211 295725.0 381
1741129133266 295725.0 382
1741129143609 295725.0 383
1741129153658 295725.0 384
1741129164799 295725.0 385
1741129174849 295725.0 386
1741129185953 295725.0 387
1741129197304 295725.0 388
1741129208390 295725.0 389
1741129219407 295725.0 390
1741129229440 295725.0 391
1741129239734 295724.6 392
1741129249776 295724.6 393
1741129259831 295724.6 394
1741129269930 295724.6 395
1741129279993 295724.6 396
1741129290044 295724.6 397
1741129300141 295724.6 398
1741129310177 295724.6 399
1741129321329 295724.6 400
1741129332200 295724.6 401
1741129342474 295724.6 402
1741129352527 295724.6 403
1741129362584 295724.6 404
1741129372667 295724.6 405
1741129382718 295724.6 406
1741129392847 295723.9 407
1741129402966 295712.7 408
1741129413017 295712.7 409
1741129423107 295712.7 410
1741129433187 295712.7 411
1741129444283 295712.7 412
1741129454331 295712.7 413
1741129464429 295712.7 414
1741129474491 295712.7 415
1741129484543 295712.7 416
1741129494591 295712.7 417
1741129505476 295712.7 418
1741129515532 295712.7 419
1741129525804 295712.7 420
1741129536319 295712.7 421
1741129546378 295712.0 422
1741129556472 295712.0 423
1741129566529 295712.0 424
1741129576618 295712.0 425
1741129587896 295712.0 426
1741129597945 295712.0 427
1741129607994 295712.0 428
1741129618058 295711.5 429
1741129629294 295711.5 430
1741129639347 295711.5 431
1741129649428 295711.5 432
1741129659547 295711.5 433
1741129670645 295711.5 434
1741129680696 295711.5 435
1741129690827 295710.9 436
1741129700872 295710.9 437
1741129710922 295710.9 438
1741129721012 295710.9 439
1741129731069 295710.9 440
1741129741119 295710.9 441
1741129751209 295710.9 442
1741129761259 295710.9 443
1741129772348 295710.9 444
1741129782457 295710.9 445
1741129792507 295710.9 446
1741129802558 295710.9 447
1741129813543 295710.9 448
1741129823623 295710.9 449
1741129833657 295710.9 450
1741129843724 295710.4 451
1741129853765 295710.4 452
1741129863822 295710.4 453
1741129873892 295710.4 454
1741129884008 295710.4 455
1741129894058 295710.4 456
1741129905265 295710.4 457
1741129915310 295710.3 458
1741129925363 295710.3 459
1741129935413 295710.3 460
1741129945510 295710.3 461
1741129956667 295710.3 462
1741129966710 295710.3 463
1741129976814 295710.3 464
1741129986864 295710.3 465
1741129996908 295709.8 466
1741130007018 295709.8 467
1741130017069 295709.8 468
1741130027117 295709.8 469
1741130037214 295709.8 470
1741130047280 295709.8 471
1741130057338 295709.8 472
1741130067455 295709.8 473
1741130077501 295709.8 474
1741130088826 295709.8 475
1741130098948 295709.8 476
1741130109054 295709.8 477
1741130119109 295709.8 478
1741130129185 295709.8 479
1741130139245 295709.8 480
1741130149308 295709.3 481
1741130159354 295709.2 482
1741130169456 295709.2 483
1741130179530 295709.2 484
1741130189624 295709.2 485
1741130199750 295709.2 486
1741130209797 295709.2 487
1741130219846 295709.2 488
1741130231219 295709.2 489
1741130241270 295709.2 490
1741130251845 295709.2 491
1741130261950 295709.2 492
1741130272009 295709.2 493
1741130282200 295709.2 494
1741130293567 295709.2 495
1741130304374 295709.2 496
1741130314639 295708.7 497
1741130324686 295708.7 498
1741130334734 295708.7 499
1741130344771 295708.7 500
1741130354840 295708.7 501
1741130364978 295708.7 502
1741130375029 295708.7 503
1741130385093 295708.7 504
1741130395149 295708.7 505
1741130406369 295708.7 506
1741130416611 295708.7 507
1741130426781 295708.7 508
1741130437007 295708.7 509
1741130447108 295708.7 510
1741130457198 295708.7 511
1741130468403 295708.1 512
1741130478499 295708.1 513
1741130488605 295708.1 514
1741130498935 295708.1 515
1741130509010 295708.1 516
1741130519126 295708.1 517
1741130529164 295708.1 518
1741130539214 295708.1 519
1741130549312 295708.1 520
1741130559364 295708.1 521
1741130569609 295708.1 522
1741130579840 295708.1 523
1741130590051 295708.1 524
1741130600372 295708.1 525
1741130610468 295708.1 526
1741130620595 295707.6 527
1741130630650 295707.6 528
1741130640711 295707.6 529
1741130650831 295707.6 530
1741130660884 295707.6 531
1741130670935 295707.6 532
1741130681035 295707.6 533
1741130691236 295707.6 534
1741130701377 295707.6 535
1741130711740 295707.6 536
1741130721797 295707.6 537
1741130731839 295707.6 538
1741130741944 295707.6 539
1741130751980 295707.6 540
1741130762234 295707.6 541
1741130772322 295707.6 542
1741130783089 295707.0 543
1741130793379 295707.0 544
1741130803836 295707.0 545
1741130814148 295707.0 546
1741130824460 295707.0 547
1741130834760 295707.0 548
1741130844975 295707.0 549
1741130855272 295707.0 550
1741130865553 295707.0 551
1741130875841 295707.0 552
1741130886872 295707.0 553
1741130897369 295707.0 554
1741130907644 295707.0 555
1741130918323 295707.0 556
1741130928597 295707.0 557
1741130940955 295707.0 558
1741130951432 295706.5 559
1741130961793 295706.0 560
1741130972274 295706.0 561
1741130982520 295706.0 562
1741130992787 295706.0 563
1741131003210 295706.0 564
1741131013358 295706.0 565
1741131023621 295706.0 566
1741131034127 295706.0 567
1741131044214 295706.0 568
1741131054276 295706.0 569
1741131064711 295706.0 570
1741131075071 295706.0 571
1741131085738 295706.0 572
1741131095793 295706.0 573
1741131107267 295705.5 574
1741131117661 295705.5 575
1741131127972 295705.5 576
1741131138382 295705.5 577
1741131148885 295705.5 578
1741131159405 295705.5 579
1741131169877 295705.5 580
1741131180196 295705.5 581
1741131190573 295705.5 582
1741131201028 295705.5 583
1741131212502 295705.5 584
1741131223221 295705.5 585
1741131233919 295705.5 586
1741131244470 295705.5 587
1741131256514 295705.5 588
1741131267692 295705.5 589
1741131278267 295704.9 590
1741131288920 295704.9 591
1741131299434 295704.9 592
1741131309919 295704.9 593
1741131320451 295704.9 594
1741131330807 295704.9 595
1741131341290 295704.9 596
1741131351893 295704.9 597
1741131362456 295704.9 598
1741131372553 295704.9 599
1741131382632 295704.9 600
1741131393637 295704.9 601
1741131404493 295704.9 602
1741131415465 295704.9 603
1741131425510 295704.9 604
1741131436691 295704.4 605
1741131447400 295704.4 606
1741131457897 295704.4 607
1741131468420 295704.4 608
1741131479014 295704.4 609
1741131489479 295704.4 610
1741131500102 295704.4 611
1741131510689 295704.4 612
1741131521318 295704.4 613
1741131532040 295704.4 614
1741131543532 295704.4 615
1741131554477 295704.4 616
1741131565404 295704.4 617
1741131576436 295704.4 618
1741131587299 295704.4 619
1741131599922 295704.4 620
1741131610648 295703.9 621
1741131621219 295703.9 622
1741131631740 295703.9 623
1741131642356 295703.9 624
1741131653033 295703.9 625
1741131663735 295703.9 626
1741131674319 295703.9 627
1741131685294 295703.9 628
1741131696022 295703.9 629
1741131706078 295703.9 630
1741131716798 295703.9 631
1741131728081 295703.9 632
1741131739116 295703.9 633
1741131750188 295703.9 634
1741131760238 295703.9 635
1741131770286 295703.4 636
1741131780400 295703.4 637
1741131790455 295703.4 638
1741131800768 295703.4 639
1741131811360 295703.4 640
1741131822235 295703.4 641
1741131833098 295703.4 642
1741131843885 295703.4 643
1741131854581 295703.4 644
1741131865313 295703.4 645
1741131875377 295703.4 646
1741131886161 295703.4 647
1741131897446 295703.4 648
1741131908351 295703.4 649
1741131919368 295703.4 650
1741131929456 295703.4 651
1741131939506 295702.9 652
1741131949556 295702.9 653
1741131959671 295702.9 654
1741131970396 295702.9 655
1741131981357 295702.9 656
1741131992274 295702.9 657
1741132003012 295702.9 658
1741132013803 295702.9 659
1741132024755 295702.9 660
1741132035721 295702.9 661
1741132045756 295702.9 662
1741132056885 295702.9 663
1741132068146 295702.9 664
1741132079405 295702.9 665
1741132090847 295702.9 666
1741132100899 295702.9 667
1741132111025 295702.4 668
1741132121068 295702.4 669
1741132131331 295702.4 670
1741132142168 295702.4 671
1741132153155 295702.4 672
1741132164120 295702.4 673
1741132175185 295702.4 674
1741132186081 295702.4 675
1741132197071 295702.4 676
1741132208094 295702.4 677
1741132218182 295702.4 678
1741132229549 295702.4 679
1741132239601 295702.4 680
1741132249875 295702.4 681
1741132261367 295702.4 682
1741132271417 295702.4 683
1741132282837 295702.4 684
1741132293689 295701.9 685
1741132304819 295701.9 686
1741132316133 295701.9 687
1741132327173 295701.9 688
1741132338108 295701.9 689
1741132349224 295701.9 690
1741132360233 295701.9 691
1741132371393 295701.4 692
1741132382408 295701.3 693
1741132392450 295701.3 694
1741132404028 295701.3 695
1741132415460 295701.3 696
1741132426779 295701.3 697
1741132438187 295701.3 698
1741132448233 295701.3 699
1741132458336 295700.8 700
1741132468388 295700.8 701
1741132478865 295700.8 702
1741132490005 295700.8 703
1741132501062 295700.8 704
1741132511971 295700.8 705
1741132523016 295700.8 706
1741132533947 295700.8 707
1741132545035 295700.8 708
1741132556240 295700.8 709
1741132566544 295700.8 710
1741132578046 295700.8 711
1741132588111 295700.8 712
1741132598409 295700.8 713
1741132610177 295700.8 714
1741132620427 295700.8 715
1741132632134 295700.8 716
1741132643262 295700.4 717
1741132654384 295700.4 718
1741132665711 295700.4 719
1741132677033 295700.4 720
1741132688249 295700.4 721
1741132699398 295700.4 722
1741132710600 295700.4 723
1741132721628 295700.4 724
1741132732890 295700.4 725
1741132743218 295700.4 726
1741132753259 295700.3 727
1741132763844 295700.3 728
1741132775419 295700.3 729
1741132785533 295700.3 730
1741132795863 295700.3 731
1741132809119 295700.3 732
1741132820565 295699.9 733
1741132831700 295699.9 734
1741132842819 295699.9 735
1741132854130 295699.8 736
1741132865442 295699.8 737
1741132876708 295699.8 738
1741132887976 295699.8 739
1741132899269 295699.8 740
1741132910491 295699.8 741
1741132920765 295699.8 742
1741132930843 295699.8 743
1741132941528 295699.8 744
1741132953213 295699.8 745
1741132964761 295699.8 746
1741132975066 295699.8 747
1741132986720 295699.8 748
1741132997902 295699.3 749
1741133009141 295699.3 750
1741133020524 295699.3 751
1741133031978 295699.3 752
1741133043217 295699.3 753
1741133054582 295699.3 754
1741133066006 295699.3 755
1741133077427 295699.3 756
1741133088728 295699.3 757
1741133099142 295699.3 758
1741133109212 295699.3 759
1741133120012 295699.3 760
1741133131682 295699.3 761
1741133141759 295699.3 762
1741133152786 295699.3 763
1741133166010 295699.3 764
1741133177310 295698.8 765
1741133188677 295698.8 766
1741133198745 295698.8 767
1741133208812 295698.8 768
1741133219390 295698.8 769
1741133230997 295698.8 770
1741133242353 295698.8 771
1741133254116 295698.8 772
1741133264183 295698.8 773
1741133274743 295698.8 774
1741133285175 295698.8 775
1741133295255 295698.8 776
1741133306668 295698.8 777
1741133318372 295698.8 778
1741133328446 295698.8 779
1741133338574 295698.8 780
1741133349532 295698.8 781
1741133361062 295698.4 782
1741133373121 295698.4 783
1741133383241 295698.4 784
1741133393734 295698.4 785
1741133405218 295698.4 786
1741133416622 295698.4 787
1741133427990 295698.4 788
1741133439367 295698.4 789
1741133450722 295698.4 790
1741133462373 295698.4 791
1741133472488 295698.4 792
1741133483440 295698.4 793
1741133493515 295698.4 794
1741133504303 295698.4 795
1741133514376 295698.4 796
1741133524442 295698.4 797
1741133534568 295697.9 798
1741133544632 295697.9 799
1741133555987 295697.9 800
1741133567650 295697.9 801
1741133579310 295697.9 802
1741133591061 295697.9 803
1741133602612 295697.9 804
1741133614240 295697.9 805
1741133625713 295697.9 806
1741133637494 295697.9 807
1741133648407 295697.9 808
1741133658487 295697.9 809
1741133669871 295697.9 810
1741133679952 295697.9 811
1741133691202 295697.9 812
1741133703150 295697.9 813
1741133716626 295697.9 814
1741133728239 295697.4 815
1741133739947 295697.4 816
1741133751527 295697.4 817
1741133763283 295697.4 818
1741133774781 295697.4 819
1741133786326 295697.4 820
1741133798020 295697.4 821
1741133809720 295697.4 822
1741133821414 295697.4 823
1741133832362 295696.8 824
1741133842439 295696.8 825
1741133854184 295696.8 826
1741133864311 295696.8 827
1741133875630 295696.8 828
1741133885698 295696.8 829
1741133895790 295696.8 830
1741133905858 295696.3 831
1741133917601 295696.3 832
1741133929383 295696.3 833
1741133941175 295696.3 834
1741133952948 295696.3 835
1741133964731 295696.3 836
1741133976352 295696.3 837
1741133987921 295696.3 838
1741133999477 295696.3 839
1741134011195 295696.3 840
1741134021278 295696.3 841
1741134031391 295696.3 842
1741134043249 295696.3 843
1741134053337 295696.3 844
1741134064996 295696.3 845
1741134075959 295696.3 846
1741134087916 295696.3 847
1741134099805 295695.8 848
1741134111535 295695.8 849
1741134123348 295695.8 850
1741134135022 295695.8 851
1741134146790 295695.8 852
1741134158621 295695.8 853
1741134168689 295695.8 854
1741134178815 295695.8 855
1741134190230 295695.8 856
1741134202070 295695.8 857
1741134212220 295695.8 858
1741134222279 295695.8 859
1741134233892 295695.8 860
1741134243974 295695.8 861
1741134255734 295695.8 862
1741134265801 295695.8 863
1741134275869 295695.3 864
1741134287402 295695.3 865
1741134297489 295695.3 866
1741134307578 295695.3 867
1741134319014 295695.3 868
1741134330962 295695.3 869
1741134342820 295695.3 870
1741134352883 295695.3 871
1741134362972 295695.3 872
1741134374526 295695.3 873
1741134384607 295695.3 874
1741134394667 295695.3 875
1741134406472 295695.3 876
1741134416542 295695.3 877
1741134426597 295695.3 878
1741134437803 295695.3 879
1741134447882 295695.3 880
1741134457944 295695.3 881
1741134468494 295694.8 882
1741134480500 295694.8 883
1741134492376 295694.8 884
1741134502439 295694.8 885
1741134516191 295694.8 886
1741134528117 295694.8 887
1741134538182 295694.8 888
1741134548256 295694.8 889
1741134560181 295694.8 890
1741134572077 295694.8 891
1741134583408 295694.8 892
1741134593489 295694.8 893
1741134603584 295694.8 894
1741134615013 295694.8 895
1741134625079 295694.8 896
1741134635157 295694.8 897
1741134645270 295694.8 898
1741134655333 295694.3 899
1741134666246 295694.3 900
1741134676391 295694.3 901
1741134686549 295694.3 902
1741134696606 295694.3 903
1741134706712 295694.3 904
1741134718665 295694.3 905
1741134728737 295694.3 906
1741134738844 295694.3 907
1741134750873 295694.3 908
1741134760937 295694.3 909
1741134771342 295694.3 910
1741134781467 295694.3 911
1741134791535 295694.3 912
1741134801616 295694.3 913
1741134813457 295694.3 914
1741134823511 295694.3 915
1741134834770 295694.3 916
1741134847003 295694.3 917
1741134859028 295693.8 918
1741134869231 295693.8 919
1741134879289 295693.8 920
1741134889342 295693.8 921
1741134899547 295693.8 922
1741134909626 295693.8 923
1741134919707 295693.8 924
1741134931696 295693.8 925
1741134941781 295693.8 926
1741134952002 295693.8 927
1741134964124 295693.8 928
1741134974214 295693.8 929
1741134984269 295693.8 930
1741134994386 295693.8 931
1741135004542 295693.8 932
1741135016246 295693.8 933
1741135027643 295693.8 934
1741135039822 295693.8 935
1741135049928 295693.3 936
1741135060305 295693.3 937
1741135070394 295693.3 938
1741135081206 295693.3 939
1741135091285 295693.3 940
1741135101413 295693.3 941
1741135113496 295693.3 942
1741135123579 295693.3 943
1741135134083 295693.3 944
1741135144209 295693.3 945
1741135154592 295693.3 946
1741135165536 295693.3 947
1741135175630 295693.3 948
1741135185714 295693.3 949
1741135195785 295693.3 950
1741135205832 295693.3 951
1741135217846 295693.3 952
1741135227907 295693.3 953
1741135239115 295692.9 954
1741135249192 295692.3 955
1741135260584 295692.3 956
1741135270677 295692.3 957
1741135282029 295692.3 958
1741135292084 295692.3 959
1741135302585 295692.3 960
1741135312668 295692.3 961
1741135322965 295692.3 962
1741135333047 295692.3 963
1741135343510 295692.3 964
1741135356108 295692.3 965
1741135366201 295692.3 966
1741135376276 295692.3 967
1741135386366 295692.3 968
1741135396435 295692.3 969
1741135406516 295692.3 970
1741135418401 295692.3 971
1741135428506 295692.3 972
1741135438570 295703.0 973
1741135449037 295691.8 974
1741135459097 295691.8 975
1741135469796 295691.8 976
1741135479845 295691.8 977
1741135490880 295691.8 978
1741135500970 295691.8 979
1741135511216 295691.8 980
1741135521293 295691.8 981
1741135531897 295691.8 982
1741135541975 295691.8 983
1741135552730 295691.8 984
1741135562796 295691.8 985
1741135572860 295691.8 986
1741135582947 295691.8 987
1741135593012 295691.8 988
1741135603111 295691.8 989
1741135613183 295691.8 990
1741135623257 295691.8 991
1741135634066 295691.4 992
1741135644140 295691.4 993
1741135654804 295691.4 994
1741135664870 295691.4 995
1741135675582 295691.4 996
1741135685705 295691.4 997
1741135696453 295691.4 998
1741135706546 295691.4 999
1741135717493 295691.4 1000
1741135727560 295691.4 1001
1741135738490 295691.3 1002
1741135751261 295691.3 1003
1741135761348 295691.3 1004
1741135771421 295691.3 1005
1741135781495 295691.3 1006
1741135791576 295691.3 1007
1741135801642 295691.3 1008
1741135811733 295691.3 1009
1741135821798 295691.3 1010
1741135832633 295690.9 1011
1741135842709 295690.9 1012
1741135853421 295690.9 1013
1741135863502 295690.9 1014
1741135874264 295690.9 1015
1741135884337 295690.9 1016
1741135894896 295690.9 1017
1741135904952 295690.9 1018
1741135915808 295690.9 1019
1741135925868 295690.9 1020
1741135936594 295690.9 1021
1741135949502 295690.9 1022
1741135959685 295695.0 1023
1741135969784 295695.0 1024
1741135979847 295695.0 1025
1741135989923 295695.0 1026
1741136000000 295695.0 1027
1741136010092 295695.0 1028
1741136020166 295695.0 1029
1741136031679 295694.5 1030
1741136041741 295694.5 1031
1741136052516 295694.5 1032
1741136062591 295694.5 1033
1741136073478 295694.5 1034
1741136083560 295694.5 1035
1741136094767 295694.5 1036
1741136104840 295694.5 1037
1741136115543 295694.5 1038
1741136125613 295694.5 1039
1741136136400 295694.5 1040
1741136149284 295694.5 1041
1741136159765 295694.5 1042
1741136170055 295694.5 1043
1741136180272 295694.5 1044
1741136190456 295694.5 1045
1741136200700 295694.5 1046
1741136210787 295694.5 1047
1741136220859 295694.5 1048
1741136230925 295694.0 1049
1741136241871 295694.0 1050
1741136251927 295694.0 1051
1741136263268 295694.0 1052
1741136273325 295694.0 1053
1741136284818 295694.0 1054
1741136294861 295694.0 1055
1741136306259 295694.0 1056
1741136316380 295694.0 1057
1741136327390 295694.0 1058
1741136337429 295694.0 1059
1741136348525 295694.0 1060
1741136359819 295694.0 1061
1741136370649 295694.0 1062
1741136380987 295694.0 1063
1741136391516 295694.0 1064
1741136402069 295694.0 1065
1741136412420 295694.0 1066
1741136427322 295694.0 1067
1741136437477 295682.2 1068
1741136448883 295682.2 1069
1741136458960 295682.2 1070
1741136469973 295682.2 1071
1741136480071 295682.2 1072
1741136490986 295682.2 1073
1741136501066 295682.2 1074
1741136512109 295682.2 1075
1741136522177 295682.2 1076
1741136533300 295682.2 1077
1741136543367 295682.2 1078
1741136553617 295682.2 1079
1741136563801 295682.2 1080
1741136573993 295682.2 1081
1741136584129 295682.2 1082
1741136594288 295682.2 1083
1741136604763 295682.2 1084
1741136614838 295682.2 1085
1741136626827 295681.8 1086
1741136636899 295681.2 1087
1741136647963 295681.2 1088
1741136658044 295681.2 1089
1741136669073 295681.2 1090
1741136679142 295681.2 1091
1741136690210 295681.2 1092
1741136700283 295681.2 1093
1741136711471 295681.2 1094
1741136721608 295681.2 1095
1741136732590 295681.2 1096
1741136745474 295681.2 1097
1741136755785 295681.2 1098
1741136765937 295681.2 1099
1741136776259 295681.2 1100
1741136786539 295681.2 1101
1741136796784 295681.2 1102
1741136806843 295681.2 1103
1741136818205 295680.9 1104
1741136828308 295680.8 1105
1741136839421 295680.8 1106
1741136849502 295680.8 1107
1741136860804 295680.8 1108
1741136870892 295680.8 1109
1741136881996 295680.8 1110
1741136892082 295680.8 1111
1741136903713 295680.8 1112
1741136913789 295680.8 1113
1741136925096 295680.8 1114
1741136935168 295680.8 1115
1741136945710 295680.8 1116
1741136956092 295680.8 1117
1741136966748 295680.8 1118
1741136977263 295680.8 1119
1741136987680 295680.8 1120
1741136998119 295680.8 1121
1741137008197 295680.8 1122
1741137020175 295680.4 1123
1741137030244 295680.4 1124
1741137041846 295680.4 1125
1741137051910 295680.4 1126
1741137063349 295680.4 1127
1741137073416 295680.4 1128
1741137085187 295680.4 1129
1741137095256 295680.4 1130
1741137106518 295680.4 1131
1741137116587 295680.4 1132
1741137128013 295680.4 1133
1741137140911 295680.4 1134
1741137151370 295680.4 1135
1741137161753 295680.4 1136
1741137172318 295680.4 1137
1741137182921 295680.4 1138
1741137193272 295680.4 1139
1741137203367 295680.4 1140
1741137214801 295680.1 1141
1741137224867 295680.0 1142
1741137236700 295680.0 1143
1741137246843 295680.0 1144
1741137258224 295680.0 1145
1741137268288 295680.0 1146
1741137279863 295680.0 1147
1741137289935 295680.0 1148
1741137301575 295680.0 1149
1741137311647 295680.0 1150
1741137323339 295680.0 1151
1741137333382 295680.0 1152
1741137344220 295680.0 1153
1741137354686 295680.0 1154
1741137364982 295680.0 1155
1741137375529 295680.0 1156
1741137386045 295680.0 1157
1741137396592 295680.0 1158
1741137406672 295680.0 1159
1741137416753 295679.7 1160
1741137428030 295679.7 1161
1741137438094 295679.6 1162
1741137449945 295679.6 1163
1741137460024 295679.6 1164
1741137471728 295679.6 1165
1741137481806 295679.6 1166
1741137493448 295679.6 1167
1741137503589 295679.6 1168
1741137515165 295679.6 1169
1741137525231 295679.6 1170
1741137536579 295679.6 1171
1741137548618 295679.6 1172
1741137559315 295679.6 1173
1741137570154 295679.6 1174
1741137580906 295679.6 1175
1741137591442 295679.6 1176
1741137601763 295679.6 1177
1741137616786 295679.6 1178
1741137626849 295679.3 1179
1741137638705 295679.3 1180
1741137648784 295679.3 1181
1741137660816 295679.3 1182
1741137670873 295679.3 1183
1741137682927 295679.3 1184
1741137693026 295679.3 1185
1741137703095 295679.3 1186
1741137713166 295679.3 1187
1741137723233 295679.3 1188
1741137735424 295679.3 1189
1741137748825 295679.3 1190
1741137759346 295679.3 1191
1741137770220 295679.3 1192
1741137780882 295679.3 1193
1741137792600 295679.3 1194
1741137803153 295679.3 1195
1741137813214 295679.3 1196
1741137825280 295678.9 1197
1741137835352 295678.9 1198
1741137847514 295678.9 1199
1741137857566 295678.9 1200
1741137869340 295678.9 1201
1741137879454 295678.9 1202
1741137891261 295678.9 1203
1741137901332 295678.9 1204
1741137913435 295678.9 1205
1741137923580 295678.9 1206
1741137935394 295678.9 1207
1741137945472 295678.9 1208
1741137957103 295678.9 1209
1741137967885 295678.9 1210
1741137978624 295678.9 1211
1741137989462 295678.9 1212
1741138000543 295678.9 1213
1741138011400 295678.9 1214
1741138021478 295678.9 1215
1741138031557 295678.5 1216
1741138043404 295678.5 1217
1741138053470 295678.5 1218
1741138065509 295678.5 1219
1741138075583 295678.5 1220
1741138087912 295678.0 1221
1741138097964 295678.0 1222
1741138110121 295678.0 1223
1741138120231 295678.0 1224
1741138132456 295678.0 1225
1741138142533 295678.0 1226
1741138154645 295678.0 1227
1741138166898 295678.0 1228
1741138177689 295678.0 1229
1741138188464 295678.0 1230
1741138199089 295678.0 1231
1741138209895 295678.0 1232
1741138220320 295678.0 1233
1741138230394 295678.0 1234
1741138240499 295677.6 1235
1741138250579 295677.6 1236
1741138262472 295677.6 1237
1741138272556 295677.6 1238
1741138284799 295677.6 1239
1741138294864 295677.6 1240
1741138307076 295677.6 1241
1741138317143 295677.6 1242
1741138329554 295677.6 1243
1741138339634 295677.6 1244
1741138349692 295677.6 1245
1741138360565 295677.6 1246
1741138372793 295677.6 1247
1741138383691 295677.6 1248
1741138394728 295677.6 1249
1741138405520 295677.6 1250
1741138416511 295677.6 1251
1741138427260 295677.6 1252
1741138437344 295677.6 1253
1741138447485 295677.3 1254
1741138457557 295677.3 1255
1741138467612 295677.3 1256
1741138477655 295677.3 1257
1741138490062 295677.3 1258
1741138500742 295677.3 1259
1741138510864 295677.3 1260
1741138523138 295677.3 1261
1741138533260 295677.3 1262
1741138543384 295677.3 1263
1741138555515 295677.3 1264
1741138565648 295677.3 1265
1741138578204 295677.3 1266
1741138589434 295677.3 1267
1741138600285 295677.3 1268
1741138611110 295677.3 1269
1741138621967 295677.3 1270
1741138632799 295677.3 1271
1741138642919 295677.3 1272
1741138654985 295677.3 1273
1741138665114 295676.9 1274
1741138677448 295676.9 1275
1741138687579 295676.9 1276
1741138699944 295676.9 1277
1741138710112 295676.9 1278
1741138720256 295676.9 1279
1741138730311 295676.9 1280
1741138740440 295676.9 1281
1741138750679 295676.9 1282
1741138760790 295676.9 1283
1741138773984 295676.9 1284
1741138785570 295676.9 1285
1741138797017 295676.9 1286
1741138808122 295676.9 1287
1741138818901 295676.9 1288
1741138829928 295676.9 1289
1741138841039 295676.9 1290
1741138852069 295676.9 1291
1741138862233 295676.9 1292
1741138874598 295676.9 1293
1741138884728 295676.6 1294
1741138894861 295676.6 1295
1741138906503 295676.6 1296
1741138916640 295676.6 1297
1741138929161 295676.6 1298
1741138939291 295676.6 1299
1741138949442 295676.6 1300
1741138961015 295676.6 1301
1741138971078 295676.6 1302
1741138981199 295676.6 1303
1741138992944 295676.6 1304
1741139008138 295676.6 1305
1741139020278 295676.6 1306
1741139032110 295676.6 1307
1741139044026 295676.6 1308
1741139055433 295676.6 1309
1741139067352 295676.6 1310
1741139077657 295676.6 1311
1741139091252 295676.6 1312
1741139101857 295676.2 1313
1741139112007 295676.2 1314
1741139124551 295676.2 1315
1741139134661 295676.2 1316
1741139144768 295676.2 1317
1741139156533 295676.2 1318
1741139166669 295676.2 1319
1741139176785 295676.2 1320
1741139188761 295676.2 1321
1741139198902 295676.2 1322
1741139208971 295676.2 1323
1741139220828 295676.2 1324
1741139233375 295676.2 1325
1741139244530 295676.2 1326
1741139255655 295676.2 1327
1741139266850 295676.2 1328
1741139278245 295676.2 1329
1741139291346 295676.2 1330
1741139304421 295676.2 1331
1741139314541 295675.9 1332
1741139324657 295675.9 1333
1741139336828 295675.9 1334
1741139346965 295675.9 1335
1741139357094 295675.9 1336
1741139369004 295675.9 1337
1741139379141 295675.9 1338
1741139389217 295675.9 1339
1741139401014 295675.9 1340
1741139411124 295675.9 1341
1741139421251 295675.9 1342
1741139432717 295675.9 1343
1741139442836 295675.9 1344
1741139453079 295675.9 1345
1741139464402 295675.9 1346
1741139475666 295675.9 1347
1741139487078 295675.9 1348
1741139498235 295675.9 1349
1741139508301 295675.9 1350
1741139518421 295675.5 1351
1741139530785 295675.0 1352
1741139540909 295675.0 1353
1741139551034 295675.0 1354
1741139563092 295675.0 1355
1741139573161 295675.0 1356
1741139583308 295675.0 1357
1741139596054 295675.0 1358
1741139606519 295675.0 1359
1741139616664 295675.0 1360
1741139626749 295675.0 1361
1741139636844 295675.0 1362
1741139647019 295675.0 1363
1741139657851 295675.0 1364
1741139667942 295675.0 1365
1741139680889 295675.0 1366
1741139696388 295675.0 1367
1741139706531 295675.0 1368
1741139717751 295675.0 1369
1741139730450 295675.0 1370
1741139740516 295675.0 1371
1741139750597 295674.6 1372
1741139760683 295674.6 1373
1741139770756 295674.6 1374
1741139780890 295674.6 1375
1741139790968 295674.6 1376
1741139801046 295674.6 1377
1741139811134 295674.6 1378
1741139821232 295674.6 1379
1741139831306 295674.6 1380
1741139841443 295674.6 1381
1741139851567 295674.6 1382
1741139861725 295674.6 1383
1741139871806 295674.6 1384
1741139881978 295674.6 1385
1741139894613 295674.6 1386
1741139906027 295674.6 1387
1741139918178 295674.6 1388
1741139930197 295674.6 1389
1741139942089 295674.6 1390
1741139953959 295674.6 1391
1741139964091 295674.6 1392
1741139977321 295674.6 1393
1741139987403 295674.3 1394
1741139997527 295674.3 1395
1741140009960 295674.3 1396
1741140020084 295674.3 1397
1741140030202 295674.3 1398
1741140040337 295674.3 1399
1741140052473 295674.3 1400
1741140062609 295674.3 1401
1741140072759 295674.3 1402
1741140082887 295674.3 1403
1741140095243 295674.3 1404
1741140105410 295674.3 1405
1741140115495 295674.3 1406
1741140126045 295674.3 1407
1741140137969 295674.3 1408
1741140149441 295674.3 1409
1741140160834 295674.3 1410
1741140172206 295674.3 1411
1741140182392 295674.3 1412
1741140195454 295674.3 1413
1741140205601 295673.9 1414
1741140215750 295673.9 1415
1741140228314 295673.9 1416
1741140238451 295673.9 1417
1741140248584 295673.9 1418
1741140258707 295673.9 1419
1741140270655 295673.9 1420
1741140280770 295673.9 1421
1741140290847 295673.9 1422
1741140300987 295673.9 1423
1741140313330 295673.9 1424
1741140323453 295673.9 1425
1741140333594 295673.9 1426
1741140344240 295673.9 1427
1741140356018 295673.9 1428
1741140367637 295673.9 1429
1741140379340 295673.9 1430
1741140390699 295673.9 1431
1741140400846 295673.9 1432
1741140413829 295673.9 1433
1741140423947 295673.6 1434
1741140434062 295673.6 1435
1741140444187 295673.6 1436
1741140456836 295673.6 1437
1741140466928 295673.6 1438
1741140477057 295673.6 1439
1741140487173 295673.6 1440
1741140499344 295673.6 1441
1741140509488 295673.6 1442
1741140519628 295673.6 1443
1741140529698 295673.6 1444
1741140542060 295673.6 1445
1741140552203 295673.6 1446
1741140563768 295673.6 1447
1741140575815 295673.6 1448
1741140587272 295673.6 1449
1741140599015 295673.6 1450
1741140610567 295673.6 1451
1741140620807 295673.6 1452
1741140634232 295673.6 1453
1741140644367 295673.2 1454
1741140654450 295673.2 1455
1741140664586 295673.2 1456
1741140676872 295673.2 1457
1741140687019 295673.2 1458
1741140697171 295673.2 1459
1741140709796 295673.2 1460
1741140719937 295673.2 1461
1741140730083 295673.2 1462
1741140740235 295673.2 1463
1741140752533 295673.2 1464
1741140762691 295673.2 1465
1741140772755 295673.2 1466
1741140783551 295673.2 1467
1741140795571 295673.2 1468
1741140807342 295673.2 1469
1741140819076 295673.2 1470
1741140830928 295673.2 1471
1741140841184 295673.2 1472
1741140854627 295673.2 1473
1741140864775 295672.9 1474
1741140874947 295672.9 1475
1741140885110 295672.9 1476
1741140897319 295672.9 1477
1741140907477 295672.9 1478
1741140917629 295672.9 1479
1741140927804 295672.9 1480
1741140939915 295672.9 1481
1741140949978 295672.9 1482
1741140960122 295672.9 1483
1741140970292 295672.9 1484
1741140982744 295672.9 1485
1741140992921 295672.9 1486
1741141004620 295672.4 1487
1741141016344 295672.4 1488
1741141028224 295672.4 1489
1741141040078 295672.4 1490
1741141051912 295672.4 1491
1741141062233 295672.4 1492
1741141077063 295672.4 1493
1741141087240 295672.0 1494
1741141097400 295672.0 1495
1741141107573 295672.0 1496
1741141117721 295672.0 1497
1741141130792 295672.0 1498
1741141143083 295672.0 1499
1741141155183 295672.0 1500
1741141167152 295672.0 1501
1741141178279 295672.0 1502
1741141189014 295672.0 1503
1741141199930 295672.0 1504
1741141210111 295672.0 1505
1741141220229 295672.0 1506
1741141230656 295672.0 1507
1741141243277 295672.0 1508
1741141256362 295672.0 1509
1741141266511 295672.0 1510
1741141277915 295672.0 1511
1741141290518 295672.0 1512
1741141305152 295672.0 1513
1741141320272 295672.0 1514
1741141330787 295671.7 1515
1741141340894 295671.7 1516
1741141351051 295671.7 1517
1741141361107 295671.7 1518
1741141371168 295671.7 1519
1741141381315 295671.7 1520
1741141393642 295671.7 1521
1741141403740 295671.7 1522
1741141413856 295671.7 1523
1741141423946 295671.7 1524
1741141434036 295671.7 1525
1741141444165 295671.7 1526
1741141456762 295671.7 1527
1741141466849 295671.7 1528
1741141478523 295671.7 1529
1741141490751 295671.7 1530
1741141502580 295671.7 1531
1741141514457 295671.7 1532
1741141526366 295671.6 1533
1741141536454 295671.6 1534
1741141546896 295671.3 1535
1741141557144 295671.3 1536
1741141567231 295671.3 1537
1741141577365 295671.3 1538
1741141587444 295671.3 1539
1741141597527 295671.3 1540
1741141607674 295671.3 1541
1741141620202 295671.3 1542
1741141630290 295671.3 1543
1741141640374 295671.3 1544
1741141650457 295671.3 1545
1741141660532 295671.3 1546
1741141670665 295671.3 1547
1741141683297 295671.3 1548
1741141693378 295671.3 1549
1741141705331 295671.3 1550
1741141717418 295671.3 1551
1741141729508 295671.3 1552
1741141741473 295671.3 1553
1741141753778 295671.3 1554
1741141763870 295671.3 1555
1741141774019 295671.0 1556
1741141784085 295671.0 1557
1741141794178 295671.0 1558
1741141804318 295671.0 1559
1741141814379 295671.0 1560
1741141824467 295671.0 1561
1741141834592 295671.0 1562
1741141844652 295671.0 1563
1741141854719 295671.0 1564
1741141864803 295671.0 1565
1741141875049 295671.0 1566
1741141885136 295671.0 1567
1741141895282 295671.0 1568
1741141905603 295671.0 1569
1741141916136 295671.0 1570
1741141927035 295671.0 1571
1741141937110 295671.0 1572
1741141949492 295671.0 1573
1741141962477 295671.0 1574
1741141972593 295671.0 1575
1741141984397 295671.0 1576
1741141999041 295671.0 1577
1741142015039 295671.0 1578
1741142025844 295670.6 1579
1741142036291 295670.6 1580
1741142047116 295670.6 1581
1741142058342 295670.6 1582
1741142070019 295670.6 1583
1741142081576 295670.6 1584
1741142093131 295670.6 1585
1741142103307 295670.6 1586
1741142113383 295670.6 1587
1741142123447 295670.6 1588
1741142133597 295670.6 1589
1741142143652 295670.6 1590
1741142153723 295670.6 1591
1741142168581 295670.6 1592
1741142180807 295670.6 1593
1741142192925 295670.6 1594
1741142205150 295670.6 1595
1741142217797 295670.6 1596
1741142230037 295670.6 1597
1741142240842 295670.6 1598
1741142255766 295670.6 1599
1741142265847 295670.3 1600
1741142275937 295670.3 1601
1741142286080 295670.3 1602
1741142296175 295670.3 1603
1741142306265 295670.3 1604
1741142316318 295670.3 1605
1741142326374 295670.3 1606
1741142336445 295670.3 1607
1741142346540 295670.3 1608
1741142356672 295670.3 1609
1741142366739 295670.3 1610
1741142376841 295670.3 1611
1741142386900 295670.3 1612
1741142400546 295670.3 1613
1741142413296 295670.3 1614
1741142425777 295670.3 1615
1741142437917 295670.3 1616
1741142450034 295670.3 1617
1741142462242 295670.3 1618
1741142473165 295670.3 1619
1741142487244 295670.3 1620
1741142497331 295669.4 1621
1741142507417 295669.4 1622
1741142517505 295669.4 1623
1741142527593 295669.4 1624
1741142537765 295669.4 1625
1741142548373 295669.4 1626
1741142559871 295669.4 1627
1741142571379 295669.4 1628
1741142582594 295669.4 1629
1741142593525 295669.4 1630
1741142604798 295669.4 1631
1741142616554 295669.4 1632
1741142627923 295669.4 1633
1741142638200 295669.4 1634
1741142649376 295669.4 1635
1741142659582 295669.4 1636
1741142671956 295669.4 1637
1741142682092 295669.4 1638
1741142694212 295669.4 1639
1741142704340 295669.4 1640
1741142716451 295669.4 1641
1741142726576 295669.4 1642
1741142738754 295669.0 1643
1741142749515 295669.0 1644
1741142760319 295669.0 1645
1741142771840 295669.0 1646
1741142782557 295669.0 1647
1741142793800 295669.0 1648
1741142805077 295669.0 1649
1741142816011 295669.0 1650
1741142827256 295669.0 1651
1741142838383 295669.0 1652
1741142849232 295669.0 1653
1741142859695 295669.0 1654
1741142870976 295669.0 1655
1741142882247 295669.0 1656
1741142893079 295669.0 1657
1741142904265 295669.0 1658
1741142914383 295669.0 1659
1741142927423 295669.0 1660
1741142937499 295669.0 1661
1741142949625 295669.0 1662
1741142962561 295669.0 1663
1741142975576 295669.0 1664
1741142985665 295669.0 1665
1741142998641 295668.7 1666
1741143008830 295668.7 1667
1741143019154 295668.7 1668
1741143030388 295668.7 1669
1741143041000 295668.7 1670
1741143051547 295668.7 1671
1741143061867 295668.7 1672
1741143072300 295668.7 1673
1741143082748 295668.7 1674
1741143093534 295668.7 1675
1741143104125 295668.7 1676
1741143114453 295668.7 1677
1741143125265 295668.7 1678
1741143136022 295668.7 1679
1741143148075 295668.7 1680
1741143161120 295668.7 1681
1741143173918 295668.7 1682
1741143186794 295668.7 1683
1741143199768 295668.7 1684
1741143212705 295668.7 1685
1741143224895 295668.7 1686
1741143240837 295668.7 1687
1741143251475 295668.3 1688
1741143261813 295668.3 1689
1741143272285 295668.3 1690
1741143282561 295668.3 1691
1741143292958 295668.3 1692
1741143303220 295668.3 1693
1741143313686 295668.3 1694
1741143324092 295668.3 1695
1741143335765 295668.3 1696
1741143346746 295668.3 1697
1741143357252 295668.3 1698
1741143367631 295668.3 1699
1741143378377 295668.3 1700
1741143389267 295668.3 1701
1741143400077 295668.3 1702
1741143412957 295668.3 1703
1741143423063 295668.3 1704
1741143435511 295668.3 1705
1741143448595 295668.3 1706
1741143462016 295668.3 1707
1741143474144 295668.3 1708
1741143490380 295668.3 1709
1741143501229 295668.0 1710
1741143512028 295668.0 1711
1741143522982 295668.0 1712
1741143533774 295668.0 1713
1741143544190 295668.0 1714
1741143555297 295668.0 1715
1741143565965 295668.0 1716
1741143576731 295668.0 1717
1741143587135 295668.0 1718
1741143597629 295668.0 1719
1741143608508 295668.0 1720
1741143619074 295668.0 1721
1741143629982 295668.0 1722
1741143640938 295668.0 1723
1741143651758 295668.0 1724
1741143661854 295668.0 1725
1741143673714 295668.0 1726
1741143686496 295668.0 1727
1741143699347 295668.0 1728
1741143709428 295668.0 1729
1741143721360 295668.0 1730
1741143731470 295668.0 1731
1741143741697 295667.6 1732
1741143751786 287581.6 1733
1741143761866 287581.6 1734
1741143772428 287581.6 1735
1741143782838 287581.6 1736
1741143793623 287581.6 1737
1741143804186 287581.6 1738
1741143815247 287581.6 1739
1741143825663 287581.6 1740
1741143836720 287581.6 1741
1741143847640 287581.6 1742
1741143858942 287581.6 1743
1741143870353 287581.6 1744
1741143881508 287581.6 1745
1741143892313 287581.6 1746
1741143903478 287581.6 1747
1741143913570 287581.6 1748
1741143925874 287581.6 1749
1741143935959 287581.6 1750
1741143948875 287581.6 1751
1741143958958 287581.6 1752
1741143971526 287581.6 1753
1741143981633 287581.6 1754
1741143996374 287580.7 1755
1741144007223 287580.7 1756
1741144018162 287580.7 1757
1741144029271 287580.7 1758
1741144040287 287580.7 1759
1741144052400 287580.7 1760
1741144064066 287580.7 1761
1741144075018 287580.7 1762
1741144085676 287580.7 1763
1741144096878 287580.7 1764
1741144107769 287580.7 1765
1741144119053 287580.7 1766
1741144130084 287580.7 1767
1741144141327 287580.7 1768
1741144152225 287580.7 1769
1741144163807 287580.7 1770
1741144173899 287580.7 1771
1741144183988 287580.7 1772
1741144197285 287580.7 1773
1741144207455 287580.7 1774
1741144219893 287580.7 1775
1741144230005 287580.7 1776
1741144240416 287580.7 1777
1741144256045 287580.7 1778
1741144266829 287580.4 1779
1741144277778 287580.4 1780
1741144288592 287580.4 1781
1741144299325 287580.4 1782
1741144310482 287580.4 1783
1741144321733 287580.4 1784
1741144332957 287580.4 1785
1741144344202 287580.4 1786
1741144356033 287580.4 1787
1741144368182 287580.4 1788
1741144379117 287580.4 1789
1741144389935 287580.4 1790
1741144400598 287580.4 1791
1741144411260 287580.4 1792
1741144422593 287580.4 1793
1741144432690 287580.4 1794
1741144445153 287580.4 1795
1741144455259 287580.4 1796
1741144467743 287580.4 1797
1741144477908 287580.4 1798
1741144490068 287580.4 1799
1741144500131 287580.4 1800
1741144511759 287580.0 1801
1741144522353 287580.0 1802
1741144532938 287580.0 1803
1741144543554 287580.0 1804
1741144553883 287580.0 1805
1741144564323 287580.0 1806
1741144575018 287580.0 1807
1741144585395 287580.0 1808
1741144595868 287580.0 1809
1741144606412 287580.0 1810
1741144616897 287580.0 1811
1741144627395 287580.0 1812
1741144638021 287580.0 1813
1741144648436 287580.0 1814
1741144658806 287580.0 1815
1741144669551 287580.0 1816
1741144679646 287580.0 1817
1741144691794 287580.0 1818
1741144701872 287580.0 1819
1741144713739 287580.0 1820
1741144723833 287580.0 1821
1741144735823 287580.0 1822
1741144745906 287580.0 1823
1741144759116 287579.6 1824
1741144770164 287579.6 1825
1741144780730 287579.6 1826
1741144791389 287579.6 1827
1741144802541 287579.6 1828
1741144813532 287579.6 1829
1741144824768 287579.6 1830
1741144836237 287579.6 1831
1741144847801 287579.6 1832
1741144858740 287579.6 1833
1741144870026 287579.6 1834
1741144881352 287579.6 1835
1741144892647 287579.6 1836
1741144904108 287579.6 1837
1741144914782 287579.6 1838
1741144927366 287579.6 1839
1741144937475 287579.6 1840
1741144950729 287579.6 1841
1741144960865 287579.6 1842
1741144974071 287579.6 1843
1741144986464 287579.6 1844
1741144996543 287579.6 1845
1741145006753 287579.6 1846
1741145020496 287579.3 1847
1741145031526 287579.3 1848
1741145042378 287579.3 1849
1741145053078 287579.3 1850
1741145064081 287579.3 1851
1741145074888 287579.3 1852
1741145085668 287579.3 1853
1741145096626 287579.3 1854
1741145108241 287579.3 1855
1741145119233 287579.3 1856
1741145130085 287579.3 1857
1741145140941 287579.3 1858
1741145151938 287579.3 1859
1741145163312 287579.3 1860
1741145174004 287579.3 1861
1741145185384 287579.3 1862
1741145195464 287579.3 1863
1741145208934 287579.3 1864
1741145219046 287579.3 1865
1741145229203 287579.3 1866
1741145242149 287579.3 1867
1741145252241 287579.3 1868
1741145263355 287579.3 1869
1741145278725 287579.3 1870
1741145290419 287578.9 1871
1741145301469 287578.9 1872
1741145312673 287578.9 1873
1741145323775 287578.9 1874
1741145334753 287578.9 1875
1741145345780 287578.9 1876
1741145356920 287578.9 1877
1741145368346 287578.9 1878
1741145379916 287578.9 1879
1741145390873 287578.9 1880
1741145402104 287578.9 1881
1741145413840 287578.9 1882
1741145425493 287578.9 1883
1741145436886 287578.9 1884
1741145448583 287578.9 1885
1741145459811 287578.9 1886
1741145471287 287578.9 1887
1741145483914 287578.8 1888
1741145493985 287578.3 1889
1741145504054 287578.3 1890
1741145517146 287578.3 1891
1741145527212 287578.3 1892
1741145537278 287578.3 1893
1741145550357 287578.3 1894
1741145560517 287578.3 1895
1741145573294 287577.5 1896
1741145584439 287566.3 1897
1741145595732 287566.3 1898
1741145606607 287566.3 1899
1741145617511 287566.3 1900
1741145629672 287566.3 1901
1741145641062 287566.3 1902
1741145652418 287566.3 1903
1741145663622 287566.3 1904
1741145675647 287566.3 1905
1741145687063 287566.3 1906
1741145698119 287566.3 1907
1741145708894 287566.3 1908
1741145720093 287566.3 1909
1741145730669 287566.3 1910
1741145741530 287566.3 1911
1741145752158 287566.3 1912
1741145763033 287566.3 1913
1741145775274 287566.3 1914
1741145785432 287566.3 1915
1741145798130 287566.3 1916
1741145808222 287566.3 1917
1741145820547 287566.3 1918
1741145830678 287566.3 1919
1741145843304 287566.3 1920
1741145853400 287566.3 1921
1741145863551 287565.5 1922
1741145874901 287565.5 1923
1741145885992 287565.5 1924
1741145896865 287565.5 1925
1741145907895 287565.5 1926
1741145919032 287565.5 1927
1741145930101 287565.5 1928
1741145940793 287565.5 1929
1741145952008 287565.5 1930
1741145963277 287565.5 1931
1741145974332 287565.5 1932
1741145985729 287565.5 1933
1741145996792 287565.5 1934
1741146007908 287565.5 1935
1741146018817 287565.5 1936
1741146029565 287565.5 1937
1741146040487 287565.5 1938
1741146051952 287565.5 1939
1741146064377 287565.5 1940
1741146074525 287565.5 1941
1741146086694 287565.5 1942
1741146096792 287565.5 1943
1741146109918 287565.5 1944
1741146120040 287565.5 1945
1741146132888 287565.5 1946
1741146142991 287565.5 1947
1741146153060 287564.7 1948
1741146163210 287564.7 1949
1741146174192 287564.7 1950
1741146186023 287564.7 1951
1741146197026 287564.7 1952
1741146207788 287564.7 1953
1741146218768 287564.7 1954
1741146229518 287564.7 1955
1741146240238 287564.7 1956
1741146251011 287564.7 1957
1741146261849 287564.7 1958
1741146272643 287564.7 1959
1741146283290 287564.7 1960
1741146294240 287564.7 1961
1741146305059 287564.7 1962
1741146315766 287564.7 1963
1741146326662 287564.7 1964
1741146337435 287564.7 1965
1741146349684 287564.7 1966
1741146359842 287564.7 1967
1741146372164 287564.7 1968
1741146382252 287564.7 1969
1741146394676 287564.7 1970
1741146404825 287564.7 1971
1741146417071 287564.7 1972
1741146435259 287564.7 1973
1741146446357 287563.9 1974
1741146457220 287563.9 1975
1741146468253 287563.9 1976
1741146479134 287563.9 1977
1741146490033 287563.9 1978
1741146501471 287563.9 1979
1741146512346 287563.9 1980
1741146523301 287563.9 1981
1741146534241 287563.9 1982
1741146545110 287563.9 1983
1741146555798 287563.9 1984
1741146566667 287563.9 1985
1741146577719 287563.9 1986
1741146588975 287563.9 1987
1741146599655 287563.9 1988
1741146610512 287563.9 1989
1741146621226 287563.9 1990
1741146633538 287563.9 1991
1741146643686 287563.9 1992
1741146656522 287563.9 1993
1741146666611 287563.9 1994
1741146679065 287563.9 1995
1741146689197 287563.9 1996
1741146701631 287563.9 1997
1741146711718 287563.9 1998
1741146721813 287563.1 1999
1741146731966 287563.1 2000
1741146742057 287563.1 2001
1741146752880 287563.1 2002
1741146763795 287563.1 2003
1741146774578 287563.1 2004
1741146785401 287563.1 2005
1741146796269 287563.1 2006
1741146807222 287563.1 2007
1741146818221 287563.1 2008
1741146829198 287563.1 2009
1741146840113 287563.1 2010
1741146851110 287563.1 2011
1741146861909 287563.1 2012
1741146872693 287563.1 2013
1741146883401 287563.1 2014
1741146894326 287563.1 2015
1741146905170 287563.1 2016
1741146917446 287563.1 2017
1741146927625 287563.1 2018
1741146940158 287563.1 2019
1741146950228 287563.1 2020
1741146963065 287563.1 2021
1741146973247 287562.6 2022
1741146985600 287562.6 2023
1741146995687 287562.6 2024
1741147005784 287561.8 2025
1741147015867 287561.8 2026
1741147025952 287561.8 2027
1741147036465 287561.8 2028
1741147047267 287561.8 2029
1741147058226 287561.8 2030
1741147069213 287561.8 2031
1741147080154 287561.8 2032
1741147091116 287561.8 2033
1741147101993 287561.8 2034
1741147112924 287561.8 2035
1741147123890 287561.8 2036
1741147134755 287561.8 2037
1741147145550 287561.8 2038
1741147156356 287561.8 2039
1741147167381 287561.8 2040
1741147178283 287561.8 2041
1741147189326 287561.8 2042
1741147201910 287561.8 2043
1741147211993 287561.8 2044
1741147224731 287561.8 2045
1741147234822 287561.8 2046
1741147247622 287561.8 2047
1741147257790 287561.8 2048
1741147270364 287561.8 2049
1741147280452 287561.8 2050
1741147290608 287561.0 2051
1741147300685 287561.0 2052
1741147310750 287561.0 2053
1741147324445 287561.0 2054
1741147341605 287561.0 2055
1741147353397 287561.0 2056
1741147364832 287561.0 2057
1741147376112 287561.0 2058
1741147387448 287561.0 2059
1741147398718 287561.0 2060
1741147409919 287561.0 2061
1741147421196 287561.0 2062
1741147432570 287561.0 2063
1741147444006 287561.0 2064
1741147455265 287561.0 2065
1741147466297 287561.0 2066
1741147477256 287561.0 2067
1741147488596 287561.0 2068
1741147501206 287561.0 2069
1741147511280 287561.0 2070
1741147524318 287561.0 2071
1741147534413 287561.0 2072
1741147547185 287561.0 2073
1741147557264 287561.0 2074
1741147570038 287561.0 2075
1741147580132 287561.0 2076
1741147590292 287560.3 2077
1741147600807 287560.3 2078
1741147611841 287560.3 2079
1741147622740 287560.3 2080
1741147633813 287560.3 2081
1741147644841 287560.3 2082
1741147655822 287560.3 2083
1741147667027 287560.3 2084
1741147678043 287560.3 2085
1741147689084 287560.3 2086
1741147700336 287560.3 2087
1741147711938 287560.3 2088
1741147722949 287560.3 2089
1741147734489 287560.3 2090
1741147745478 287560.3 2091
1741147756654 287560.3 2092
1741147767640 287560.3 2093
1741147778868 287560.3 2094
1741147791673 287560.3 2095
1741147801845 287560.3 2096
1741147814754 287560.3 2097
1741147824847 287560.3 2098
1741147837981 287560.3 2099
1741147848086 287560.3 2100
1741147860636 287560.3 2101
1741147870731 287560.3 2102
1741147880799 287559.5 2103
1741147890939 287559.5 2104
1741147901024 287559.5 2105
1741147911911 287559.5 2106
1741147922853 287559.5 2107
1741147933797 287559.5 2108
1741147944771 287559.5 2109
1741147956019 287559.5 2110
1741147966995 287559.5 2111
1741147978172 287559.5 2112
1741147989207 287559.5 2113
1741148000187 287559.5 2114
1741148011238 287559.5 2115
1741148022339 287559.5 2116
1741148033367 287559.5 2117
1741148044606 287559.5 2118
1741148055646 287559.5 2119
1741148066716 287559.5 2120
1741148079119 287559.5 2121
1741148089209 287559.5 2122
1741148102341 287559.5 2123
1741148112428 287559.5 2124
1741148125421 287559.5 2125
1741148135519 287559.5 2126
1741148148318 287559.5 2127
1741148166809 287559.5 2128
1741148177914 287558.8 2129
1741148188892 287558.8 2130
1741148199964 287558.8 2131
1741148211135 287558.8 2132
1741148222391 287558.8 2133
1741148233553 287558.8 2134
1741148244720 287558.8 2135
1741148256002 287558.8 2136
1741148266909 287558.8 2137
1741148278217 287558.8 2138
1741148289389 287558.8 2139
1741148300360 287558.8 2140
1741148311304 287558.8 2141
1741148322307 287558.8 2142
1741148333595 287558.8 2143
1741148344942 287558.8 2144
1741148355931 287558.8 2145
1741148368656 287558.8 2146
1741148378737 287558.8 2147
1741148392026 287558.8 2148
1741148402167 287558.8 2149
1741148414998 287558.8 2150
1741148425088 287558.8 2151
1741148437791 287558.8 2152
1741148447884 287558.8 2153
1741148457992 287558.0 2154
1741148468072 287558.0 2155
1741148478568 287557.5 2156
1741148489741 287557.5 2157
1741148500887 287557.5 2158
1741148512028 287557.5 2159
1741148523129 287557.5 2160
1741148534190 287557.5 2161
1741148545210 287557.5 2162
1741148556537 287557.5 2163
1741148567712 287557.5 2164
1741148578745 287557.5 2165
1741148589825 287557.5 2166
1741148600966 287557.5 2167
1741148611859 287557.5 2168
1741148623225 287557.5 2169
1741148634452 287557.5 2170
1741148645523 287557.5 2171
1741148658093 287557.5 2172
1741148668175 287557.5 2173
1741148678264 287557.5 2174
1741148691172 287557.5 2175
1741148701350 287557.5 2176
1741148714538 287557.5 2177
1741148724633 287557.5 2178
