1741125236481 46.1 0
1741125246561 46.1 1
1741125256645 46.1 2
1741125266750 46.1 3
1741125276901 46.1 4
1741125286988 46.1 5
1741125297077 46.1 6
1741125307171 46.1 7
1741125317237 46.1 8
1741125327336 46.1 9
1741125337413 46.1 10
1741125347476 46.1 11
1741125357558 46.1 12
1741125367587 46.1 13
1741125377618 46.1 14
1741125387697 46.1 15
1741125397747 46.1 16
1741125407793 46.1 17
1741125417908 46.1 18
1741125427937 46.1 19
1741125437990 46.1 20
1741125448038 46.1 21
1741125458128 46.1 22
1741125468189 46.1 23
1741125478237 46.1 24
1741125488263 46.1 25
1741125498319 46.1 26
1741125508403 46.1 27
1741125518499 46.1 28
1741125528586 46.1 29
1741125538686 46.1 30
1741125548944 46.1 31
1741125558980 46.1 32
1741125569026 46.1 33
1741125579110 46.1 34
1741125589207 46.1 35
1741125599300 46.1 36
1741125609336 46.1 37
1741125619612 46.1 38
1741125629723 46.1 39
1741125639769 46.1 40
1741125649804 46.1 41
1741125659847 46.1 42
1741125669896 46.1 43
1741125679987 46.1 44
1741125690233 46.1 45
1741125700292 46.1 46
1741125710361 46.1 47
1741125720445 46.1 48
1741125730595 46.1 49
1741125740935 46.1 50
1741125751073 46.1 51
1741125761123 46.1 52
1741125771179 46.1 53
1741125781273 46.1 54
1741125791322 46.1 55
1741125801374 46.1 56
1741125811477 46.1 57
1741125821500 46.1 58
1741125831557 46.1 59
1741125841655 46.1 60
1741125851689 46.1 61
1741125861732 46.1 62
1741125871825 46.1 63
1741125881875 46.1 64
1741125891915 46.1 65
1741125902273 46.1 66
1741125912312 46.1 67
1741125922366 46.1 68
1741125932405 46.1 69
1741125942455 46.1 70
1741125952494 46.1 71
1741125962580 46.1 72
1741125972603 46.1 73
1741125982647 46.1 74
1741125992743 46.1 75
1741126002787 46.1 76
1741126012822 46.1 77
1741126022845 46.1 78
1741126032889 46.1 79
1741126042951 46.1 80
1741126053058 46.1 81
1741126063086 46.1 82
1741126073121 46.1 83
1741126083204 46.1 84
1741126093256 46.1 85
1741126103313 46.1 86
1741126113411 46.1 87
1741126123451 46.1 88
1741126133487 46.1 89
1741126143982 46.1 90
1741126154015 46.1 91
1741126164095 46.1 92
1741126174301 46.1 93
1741126184414 46.1 94
1741126194442 46.1 95
1741126204545 46.1 96
1741126214572 46.1 97
1741126224605 46.1 98
1741126234696 46.1 99
1741126245151 46.1 100
1741126255574 46.1 101
1741126265878 46.1 102
1741126276004 46.1 103
1741126286052 46.1 104
1741126296156 46.1 105
1741126306176 46.1 106
1741126316225 46.1 107
1741126326393 46.1 108
1741126336458 46.1 109
1741126346510 46.1 110
1741126356585 46.1 111
1741126366630 46.1 112
1741126376681 46.1 113
1741126386915 46.1 114
1741126397137 46.1 115
1741126407165 46.1 116
1741126417238 46.1 117
1741126427291 46.1 118
1741126437317 46.1 119
1741126447367 46.1 120
1741126457467 46.1 121
1741126467539 46.1 122
1741126477590 46.1 123
1741126487638 46.1 124
1741126497663 46.1 125
1741126507714 46.1 126
1741126517812 46.1 127
1741126527836 46.1 128
1741126538230 46.1 129
1741126548301 46.1 130
1741126558639 46.1 131
1741126568723 46.1 132
1741126578847 46.1 133
1741126588901 46.1 134
1741126598947 46.1 135
1741126608998 46.1 136
1741126619041 46.1 137
1741126629081 46.1 138
1741126639678 46.1 139
1741126649707 46.1 140
1741126659756 46.1 141
1741126669814 46.1 142
1741126679839 46.1 143
1741126689881 46.1 144
1741126699994 46.1 145
1741126710035 46.1 146
1741126720430 46.1 147
1741126730493 46.1 148
1741126740536 46.1 149
1741126750575 46.1 150
1741126760687 46.1 151
1741126770749 46.1 152
1741126780814 46.1 153
1741126790850 46.1 154
1741126800883 46.1 155
1741126810924 46.1 156
1741126821370 46.1 157
1741126831514 46.1 158
1741126841563 46.1 159
1741126851627 46.1 160
1741126861678 46.1 161
1741126871735 46.1 162
1741126881832 46.1 163
1741126891875 46.1 164
1741126901979 46.1 165
1741126912595 46.1 166
1741126922781 46.1 167
1741126932829 46.1 168
1741126942870 46.1 169
1741126952970 46.1 170
1741126963015 46.1 171
1741126973083 46.1 172
1741126983258 46.1 173
1741126993312 46.1 174
1741127003374 46.1 175
1741127013469 46.1 176
1741127023520 46.1 177
1741127033571 46.1 178
1741127043607 46.1 179
1741127053656 46.1 180
1741127063696 46.1 181
1741127073732 46.1 182
1741127083944 46.1 183
1741127094271 46.1 184
1741127104533 46.1 185
1741127114889 46.1 186
1741127125088 46.1 187
1741127135192 46.1 188
1741127145234 46.1 189
1741127155732 46.1 190
1741127165969 46.1 191
1741127176207 46.1 192
1741127186663 46.1 193
1741127197056 46.1 194
1741127207519 46.1 195
1741127217585 46.1 196
1741127227705 46.1 197
1741127237758 46.1 198
1741127247804 46.1 199
1741127257903 46.1 200
1741127267958 46.1 201
1741127278002 46.1 202
1741127288100 46.1 203
1741127298156 46.1 204
1741127308735 46.1 205
1741127318826 46.1 206
1741127329087 46.1 207
1741127339120 46.1 208
1741127349188 46.1 209
1741127359308 46.1 210
1741127369356 46.1 211
1741127379525 46.1 212
1741127390037 46.1 213
1741127400670 46.1 214
1741127411302 46.1 215
1741127421412 46.1 216
1741127431483 46.1 217
1741127441532 46.1 218
1741127451563 46.1 219
1741127461621 46.1 220
1741127471661 46.1 221
1741127482182 46.1 222
1741127492816 46.1 223
1741127502872 46.1 224
1741127512920 46.1 225
1741127522980 46.1 226
1741127533059 46.1 227
1741127543150 46.1 228
1741127553662 46.1 229
1741127564405 46.1 230
1741127575118 46.1 231
1741127585779 46.1 232
1741127596504 46.1 233
1741127607224 46.1 234
1741127617986 46.1 235
1741127628264 46.1 236
1741127638352 46.1 237
1741127648451 46.1 238
1741127658506 46.1 239
1741127669243 46.1 240
1741127680039 46.1 241
1741127690095 46.1 242
1741127701721 46.1 243
1741127711774 46.1 244
1741127721877 46.1 245
1741127731930 46.1 246
1741127741976 46.1 247
1741127752015 46.1 248
1741127762061 46.1 249
1741127772658 46.1 250
1741127783543 46.1 251
1741127793595 46.1 252
1741127803662 46.1 253
1741127813747 46.1 254
1741127824533 46.1 255
1741127834616 46.1 256
1741127844665 46.1 257
1741127854706 46.1 258
1741127866102 46.1 259
1741127876154 46.1 260
1741127886273 46.1 261
1741127896330 46.1 262
1741127906374 46.1 263
1741127916473 46.1 264
1741127926872 46.1 265
1741127936925 46.1 266
1741127947038 46.1 267
1741127957754 46.1 268
1741127967817 46.1 269
1741127977919 46.1 270
1741127987986 46.1 271
1741127998813 46.1 272
1741128008911 46.1 273
1741128018975 46.1 274
1741128029435 46.1 275
1741128040462 46.1 276
1741128050603 46.1 277
1741128060656 46.1 278
1741128070708 46.1 279
1741128080870 46.1 280
1741128091094 46.1 281
1741128101168 46.1 282
1741128111217 46.1 283
1741128121927 46.1 284
1741128131987 46.1 285
1741128142106 46.1 286
1741128152164 46.1 287
1741128162734 46.1 288
1741128172797 46.1 289
1741128183208 46.1 290
1741128193265 46.1 291
1741128204244 46.1 292
1741128214284 46.1 293
1741128224330 46.1 294
1741128235210 46.1 295
1741128245268 46.1 296
1741128255339 46.1 297
1741128265399 46.1 298
1741128277299 46.1 299
1741128287421 46.1 300
1741128297445 46.1 301
1741128307584 46.1 302
1741128318343 46.1 303
1741128328386 46.1 304
1741128338482 46.1 305
1741128348516 46.1 306
1741128358574 46.1 307
1741128369603 46.1 308
1741128379646 46.1 309
1741128389684 46.1 310
1741128399812 46.1 311
1741128409859 46.1 312
1741128419907 46.1 313
1741128430726 46.1 314
1741128440787 46.1 315
1741128450838 46.1 316
1741128460879 46.1 317
1741128470936 46.1 318
1741128480999 46.1 319
1741128491043 46.1 320
1741128501102 46.1 321
1741128511170 46.1 322
1741128521222 46.1 323
1741128531287 46.1 324
1741128541336 46.1 325
1741128551397 46.1 326
1741128561560 46.1 327
1741128571608 46.1 328
1741128581791 46.1 329
1741128591841 46.1 330
1741128602124 46.1 331
1741128612490 46.1 332
1741128622840 46.1 333
1741128633035 46.1 334
1741128644203 46.1 335
1741128654238 46.1 336
1741128664917 46.1 337
1741128674989 46.1 338
1741128685614 46.1 339
1741128695665 46.1 340
1741128706240 46.1 341
1741128716290 46.1 342
1741128726328 46.1 343
1741128736620 46.1 344
1741128747132 46.1 345
1741128757222 46.1 346
1741128767270 46.1 347
1741128777661 46.1 348
1741128787768 46.1 349
1741128798232 46.1 350
1741128808278 46.1 351
1741128818894 46.1 352
1741128828945 46.1 353
1741128839771 46.1 354
1741128850828 46.1 355
1741128861508 46.1 356
1741128871552 46.1 357
1741128882678 46.1 358
1741128892732 46.1 359
1741128903645 46.1 360
1741128913692 46.1 361
1741128924259 46.1 362
1741128934301 46.1 363
1741128945191 46.1 364
1741128955244 46.1 365
1741128965936 46.1 366
1741128976838 46.1 367
1741128986890 46.1 368
1741128997321 46.1 369
1741129007379 46.1 370
1741129018362 46.1 371
1741129028453 46.1 372
1741129039297 46.1 373
1741129049345 46.1 374
1741129060474 46.1 375
1741129070516 46.1 376
1741129080580 46.1 377
1741129091077 46.1 378
1741129101822 46.1 379
1741129113158 46.1 380
1741129123211 46.1 381
1741129133266 46.1 382
1741129143609 46.1 383
1741129153658 46.1 384
1741129164799 46.1 385
1741129174849 46.1 386
1741129185953 46.1 387
1741129197304 46.1 388
1741129208390 46.1 389
1741129219407 46.1 390
1741129229440 46.1 391
1741129239734 46.1 392
1741129249776 46.1 393
1741129259831 46.1 394
1741129269930 46.1 395
1741129279993 46.1 396
1741129290044 46.1 397
1741129300141 46.1 398
1741129310177 46.1 399
1741129321329 46.1 400
1741129332200 46.1 401
1741129342474 46.1 402
1741129352527 46.1 403
1741129362584 46.1 404
1741129372667 46.1 405
1741129382718 46.1 406
1741129392847 46.1 407
1741129402966 46.1 408
1741129413017 46.1 409
1741129423107 46.1 410
1741129433187 46.1 411
1741129444283 46.1 412
1741129454331 46.1 413
1741129464429 46.1 414
1741129474491 46.1 415
1741129484543 46.1 416
1741129494591 46.1 417
1741129505476 46.1 418
1741129515532 46.1 419
1741129525804 46.1 420
1741129536319 46.1 421
1741129546378 46.1 422
1741129556472 46.1 423
1741129566529 46.1 424
1741129576618 46.1 425
1741129587896 46.1 426
1741129597945 46.1 427
1741129607994 46.1 428
1741129618058 46.1 429
1741129629294 46.1 430
1741129639347 46.1 431
1741129649428 46.1 432
1741129659547 46.1 433
1741129670645 46.1 434
1741129680696 46.1 435
1741129690827 46.1 436
1741129700872 46.1 437
1741129710922 46.1 438
1741129721012 46.1 439
1741129731069 46.1 440
1741129741119 46.1 441
1741129751209 46.1 442
1741129761259 46.1 443
1741129772348 46.1 444
1741129782457 46.1 445
1741129792507 46.1 446
1741129802558 46.1 447
1741129813543 46.1 448
1741129823623 46.1 449
1741129833657 46.1 450
1741129843724 46.1 451
1741129853765 46.1 452
1741129863822 46.1 453
1741129873892 46.1 454
1741129884008 46.1 455
1741129894058 46.1 456
1741129905265 46.1 457
1741129915310 46.1 458
1741129925363 46.1 459
1741129935413 46.1 460
1741129945510 46.1 461
1741129956667 46.1 462
1741129966710 46.1 463
1741129976814 46.1 464
1741129986864 46.1 465
1741129996908 46.1 466
1741130007018 46.1 467
1741130017069 46.1 468
1741130027117 46.1 469
1741130037214 46.1 470
1741130047280 46.1 471
1741130057338 46.1 472
1741130067455 46.1 473
1741130077501 46.1 474
1741130088826 46.1 475
1741130098948 46.1 476
1741130109054 46.1 477
1741130119109 46.1 478
1741130129185 46.1 479
1741130139245 46.1 480
1741130149308 46.1 481
1741130159354 46.1 482
1741130169456 46.1 483
1741130179530 46.1 484
1741130189624 46.1 485
1741130199750 46.1 486
1741130209797 46.1 487
1741130219846 46.1 488
1741130231219 46.1 489
1741130241270 46.1 490
1741130251845 46.1 491
1741130261950 46.1 492
1741130272009 46.1 493
1741130282200 46.1 494
1741130293567 46.1 495
1741130304374 46.1 496
1741130314639 46.1 497
1741130324686 46.1 498
1741130334734 46.1 499
1741130344771 46.1 500
1741130354840 46.1 501
1741130364978 46.1 502
1741130375029 46.1 503
1741130385093 46.1 504
1741130395149 46.1 505
1741130406369 46.1 506
1741130416611 46.1 507
1741130426781 46.1 508
1741130437007 46.1 509
1741130447108 46.1 510
1741130457198 46.1 511
1741130468403 46.1 512
1741130478499 46.1 513
1741130488605 46.1 514
1741130498935 46.1 515
1741130509010 46.1 516
1741130519126 46.1 517
1741130529164 46.1 518
1741130539214 46.1 519
1741130549312 46.1 520
1741130559364 46.1 521
1741130569609 46.1 522
1741130579840 46.1 523
1741130590051 46.1 524
1741130600372 46.1 525
1741130610468 46.1 526
1741130620595 46.1 527
1741130630650 46.1 528
1741130640711 46.1 529
1741130650831 46.1 530
1741130660884 46.1 531
1741130670935 46.1 532
1741130681035 46.1 533
1741130691236 46.1 534
1741130701377 46.1 535
1741130711740 46.1 536
1741130721797 46.1 537
1741130731839 46.1 538
1741130741944 46.1 539
1741130751980 46.1 540
1741130762234 46.1 541
1741130772322 46.1 542
1741130783089 46.1 543
1741130793379 46.1 544
1741130803836 46.1 545
1741130814148 46.1 546
1741130824460 46.1 547
1741130834760 46.1 548
1741130844975 46.1 549
1741130855272 46.1 550
1741130865553 46.1 551
1741130875841 46.1 552
1741130886872 46.1 553
1741130897369 46.1 554
1741130907644 46.1 555
1741130918323 46.1 556
1741130928597 46.1 557
1741130940955 46.1 558
1741130951432 46.1 559
1741130961793 46.1 560
1741130972274 46.1 561
1741130982520 46.1 562
1741130992787 46.1 563
1741131003210 46.1 564
1741131013358 46.1 565
1741131023621 46.1 566
1741131034127 46.1 567
1741131044214 46.1 568
1741131054276 46.1 569
1741131064711 46.1 570
1741131075071 46.1 571
1741131085738 46.1 572
1741131095793 46.1 573
1741131107267 46.1 574
1741131117661 46.1 575
1741131127972 46.1 576
1741131138382 46.1 577
1741131148885 46.1 578
1741131159405 46.1 579
1741131169877 46.1 580
1741131180196 46.1 581
1741131190573 46.1 582
1741131201028 46.1 583
1741131212502 46.1 584
1741131223221 46.1 585
1741131233919 46.1 586
1741131244470 46.1 587
1741131256514 46.1 588
1741131267692 46.1 589
1741131278267 46.1 590
1741131288920 46.1 591
1741131299434 46.1 592
1741131309919 46.1 593
1741131320451 46.1 594
1741131330807 46.1 595
1741131341290 46.1 596
1741131351893 46.1 597
1741131362456 46.1 598
1741131372553 46.1 599
1741131382632 46.1 600
1741131393637 46.1 601
1741131404493 46.1 602
1741131415465 46.1 603
1741131425510 46.1 604
1741131436691 46.1 605
1741131447400 46.1 606
1741131457897 46.1 607
1741131468420 46.1 608
1741131479014 46.1 609
1741131489479 46.1 610
1741131500102 46.1 611
1741131510689 46.1 612
1741131521318 46.1 613
1741131532040 46.1 614
1741131543532 46.1 615
1741131554477 46.1 616
1741131565404 46.1 617
1741131576436 46.1 618
1741131587299 46.1 619
1741131599922 46.1 620
1741131610648 46.1 621
1741131621219 46.1 622
1741131631740 46.1 623
1741131642356 46.1 624
1741131653033 46.1 625
1741131663735 46.1 626
1741131674319 46.1 627
1741131685294 46.1 628
1741131696022 46.1 629
1741131706078 46.1 630
1741131716798 46.1 631
1741131728081 46.1 632
1741131739116 46.1 633
1741131750188 46.1 634
1741131760238 46.1 635
1741131770286 46.1 636
1741131780400 46.1 637
1741131790455 46.1 638
1741131800768 46.1 639
1741131811360 46.1 640
1741131822235 46.1 641
1741131833098 46.1 642
1741131843885 46.1 643
1741131854581 46.1 644
1741131865313 46.1 645
1741131875377 46.1 646
1741131886161 46.1 647
1741131897446 46.1 648
1741131908351 46.1 649
1741131919368 46.1 650
1741131929456 46.1 651
1741131939506 46.1 652
1741131949556 46.1 653
1741131959671 46.1 654
1741131970396 46.1 655
1741131981357 46.1 656
1741131992274 46.1 657
1741132003012 46.1 658
1741132013803 46.1 659
1741132024755 46.1 660
1741132035721 46.1 661
1741132045756 46.1 662
1741132056885 46.1 663
1741132068146 46.1 664
1741132079405 46.1 665
1741132090847 46.1 666
1741132100899 46.1 667
1741132111025 46.1 668
1741132121068 46.1 669
1741132131331 46.1 670
1741132142168 46.1 671
1741132153155 46.1 672
1741132164120 46.1 673
1741132175185 46.1 674
1741132186081 46.1 675
1741132197071 46.1 676
1741132208094 46.1 677
1741132218182 46.1 678
1741132229549 46.1 679
1741132239601 46.1 680
1741132249875 46.1 681
1741132261367 46.1 682
1741132271417 46.1 683
1741132282837 46.1 684
1741132293689 46.1 685
1741132304819 46.1 686
1741132316133 46.1 687
1741132327173 46.1 688
1741132338108 46.1 689
1741132349224 46.1 690
1741132360233 46.1 691
1741132371393 46.1 692
1741132382408 46.1 693
1741132392450 46.1 694
1741132404028 46.1 695
1741132415460 46.1 696
1741132426779 46.1 697
1741132438187 46.1 698
1741132448233 46.1 699
1741132458336 46.1 700
1741132468388 46.1 701
1741132478865 46.1 702
1741132490005 46.1 703
1741132501062 46.1 704
1741132511971 46.1 705
1741132523016 46.1 706
1741132533947 46.1 707
1741132545035 46.1 708
1741132556240 46.1 709
1741132566544 46.1 710
1741132578046 46.1 711
1741132588111 46.1 712
1741132598409 46.1 713
1741132610177 46.1 714
1741132620427 46.1 715
1741132632134 46.1 716
1741132643262 46.1 717
1741132654384 46.1 718
1741132665711 46.1 719
1741132677033 46.1 720
1741132688249 46.1 721
1741132699398 46.1 722
1741132710600 46.1 723
1741132721628 46.1 724
1741132732890 46.1 725
1741132743218 46.1 726
1741132753259 46.1 727
1741132763844 46.1 728
1741132775419 46.1 729
1741132785533 46.1 730
1741132795863 46.1 731
1741132809119 46.1 732
1741132820565 46.1 733
1741132831700 46.1 734
1741132842819 46.1 735
1741132854130 46.1 736
1741132865442 46.1 737
1741132876708 46.1 738
1741132887976 46.1 739
1741132899269 46.1 740
1741132910491 46.1 741
1741132920765 46.1 742
1741132930843 46.1 743
1741132941528 46.1 744
1741132953213 46.1 745
1741132964761 46.1 746
1741132975066 46.1 747
1741132986720 46.1 748
1741132997902 46.1 749
1741133009141 46.1 750
1741133020524 46.1 751
1741133031978 46.1 752
1741133043217 46.1 753
1741133054582 46.1 754
1741133066006 46.1 755
1741133077427 46.1 756
1741133088728 46.1 757
1741133099142 46.1 758
1741133109212 46.1 759
1741133120012 46.1 760
1741133131682 46.1 761
1741133141759 46.1 762
1741133152786 46.1 763
1741133166010 46.1 764
1741133177310 46.1 765
1741133188677 46.1 766
1741133198745 46.1 767
1741133208812 46.1 768
1741133219390 46.1 769
1741133230997 46.1 770
1741133242353 46.1 771
1741133254116 46.1 772
1741133264183 46.1 773
1741133274743 46.1 774
1741133285175 46.1 775
1741133295255 46.1 776
1741133306668 46.1 777
1741133318372 46.1 778
1741133328446 46.1 779
1741133338574 46.1 780
1741133349532 46.1 781
1741133361062 46.1 782
1741133373121 46.1 783
1741133383241 46.1 784
1741133393734 46.1 785
1741133405218 46.1 786
1741133416622 46.1 787
1741133427990 46.1 788
1741133439367 46.1 789
1741133450722 46.1 790
1741133462373 46.1 791
1741133472488 46.1 792
1741133483440 46.1 793
1741133493515 46.1 794
1741133504303 46.1 795
1741133514376 46.1 796
1741133524442 46.1 797
1741133534568 46.1 798
1741133544632 46.1 799
1741133555987 46.1 800
1741133567650 46.1 801
1741133579310 46.1 802
1741133591061 46.1 803
1741133602612 46.1 804
1741133614240 46.1 805
1741133625713 46.1 806
1741133637494 46.1 807
1741133648407 46.1 808
1741133658487 46.1 809
1741133669871 46.1 810
1741133679952 46.1 811
1741133691202 46.1 812
1741133703150 46.1 813
1741133716626 46.1 814
1741133728239 46.1 815
1741133739947 46.1 816
1741133751527 46.1 817
1741133763283 46.1 818
1741133774781 46.1 819
1741133786326 46.1 820
1741133798020 46.1 821
1741133809720 46.1 822
1741133821414 46.1 823
1741133832362 46.1 824
1741133842439 46.1 825
1741133854184 46.1 826
1741133864311 46.1 827
1741133875630 46.1 828
1741133885698 46.1 829
1741133895790 46.1 830
1741133905858 46.1 831
1741133917601 46.1 832
1741133929383 46.1 833
1741133941175 46.1 834
1741133952948 46.1 835
1741133964731 46.1 836
1741133976352 46.1 837
1741133987921 46.1 838
1741133999477 46.1 839
1741134011195 46.1 840
1741134021278 46.1 841
1741134031391 46.1 842
1741134043249 46.1 843
1741134053337 46.1 844
1741134064996 46.1 845
1741134075959 46.1 846
1741134087916 46.1 847
1741134099805 46.1 848
1741134111535 46.1 849
1741134123348 46.1 850
1741134135022 46.1 851
1741134146790 46.1 852
1741134158621 46.1 853
1741134168689 46.1 854
1741134178815 46.1 855
1741134190230 46.1 856
1741134202070 46.1 857
1741134212220 46.1 858
1741134222279 46.1 859
1741134233892 46.1 860
1741134243974 46.1 861
1741134255734 46.1 862
1741134265801 46.1 863
1741134275869 46.1 864
1741134287402 46.1 865
1741134297489 46.1 866
1741134307578 46.1 867
1741134319014 46.1 868
1741134330962 46.1 869
1741134342820 46.1 870
1741134352883 46.1 871
1741134362972 46.1 872
1741134374526 46.1 873
1741134384607 46.1 874
1741134394667 46.1 875
1741134406472 46.1 876
1741134416542 46.1 877
1741134426597 46.1 878
1741134437803 46.1 879
1741134447882 46.1 880
1741134457944 46.1 881
1741134468494 46.1 882
1741134480500 46.1 883
1741134492376 46.1 884
1741134502439 46.1 885
1741134516191 46.1 886
1741134528117 46.1 887
1741134538182 46.1 888
1741134548256 46.1 889
1741134560181 46.1 890
1741134572077 46.1 891
1741134583408 46.1 892
1741134593489 46.1 893
1741134603584 46.1 894
1741134615013 46.1 895
1741134625079 46.1 896
1741134635157 46.1 897
1741134645270 46.1 898
1741134655333 46.1 899
1741134666246 46.1 900
1741134676391 46.1 901
1741134686549 46.1 902
1741134696606 46.1 903
1741134706712 46.1 904
1741134718665 46.1 905
1741134728737 46.1 906
1741134738844 46.1 907
1741134750873 46.1 908
1741134760937 46.1 909
1741134771342 46.1 910
1741134781467 46.1 911
1741134791535 46.1 912
1741134801616 46.1 913
1741134813457 46.1 914
1741134823511 46.1 915
1741134834770 46.1 916
1741134847003 46.1 917
1741134859028 46.1 918
1741134869231 46.1 919
1741134879289 46.1 920
1741134889342 46.1 921
1741134899547 46.1 922
1741134909626 46.1 923
1741134919707 46.1 924
1741134931696 46.1 925
1741134941781 46.1 926
1741134952002 46.1 927
1741134964124 46.1 928
1741134974214 46.1 929
1741134984269 46.1 930
1741134994386 46.1 931
1741135004542 46.1 932
1741135016246 46.1 933
1741135027643 46.1 934
1741135039822 46.1 935
1741135049928 46.1 936
1741135060305 46.1 937
1741135070394 46.1 938
1741135081206 46.1 939
1741135091285 46.1 940
1741135101413 46.1 941
1741135113496 46.1 942
1741135123579 46.1 943
1741135134083 46.1 944
1741135144209 46.1 945
1741135154592 46.1 946
1741135165536 46.1 947
1741135175630 46.1 948
1741135185714 46.1 949
1741135195785 46.1 950
1741135205832 46.1 951
1741135217846 46.1 952
1741135227907 46.1 953
1741135239115 46.1 954
1741135249192 46.1 955
1741135260584 46.1 956
1741135270677 46.1 957
1741135282029 46.1 958
1741135292084 46.1 959
1741135302585 46.1 960
1741135312668 46.1 961
1741135322965 46.1 962
1741135333047 46.1 963
1741135343510 46.1 964
1741135356108 46.1 965
1741135366201 46.1 966
1741135376276 46.1 967
1741135386366 46.1 968
1741135396435 46.1 969
1741135406516 46.1 970
1741135418401 46.1 971
1741135428506 46.1 972
1741135438570 46.1 973
1741135449037 46.1 974
1741135459097 46.1 975
1741135469796 46.1 976
1741135479845 46.1 977
1741135490880 46.1 978
1741135500970 46.1 979
1741135511216 46.1 980
1741135521293 46.1 981
1741135531897 46.1 982
1741135541975 46.1 983
1741135552730 46.1 984
1741135562796 46.1 985
1741135572860 46.1 986
1741135582947 46.1 987
1741135593012 46.1 988
1741135603111 46.1 989
1741135613183 46.1 990
1741135623257 46.1 991
1741135634066 46.1 992
1741135644140 46.1 993
1741135654804 46.1 994
1741135664870 46.1 995
1741135675582 46.1 996
1741135685705 46.1 997
1741135696453 46.1 998
1741135706546 46.1 999
1741135717493 46.1 1000
1741135727560 46.1 1001
1741135738490 46.1 1002
1741135751261 46.1 1003
1741135761348 46.1 1004
1741135771421 46.1 1005
1741135781495 46.1 1006
1741135791576 46.1 1007
1741135801642 46.1 1008
1741135811733 46.1 1009
1741135821798 46.1 1010
1741135832633 46.1 1011
1741135842709 46.1 1012
1741135853421 46.1 1013
1741135863502 46.1 1014
1741135874264 46.1 1015
1741135884337 46.1 1016
1741135894896 46.1 1017
1741135904952 46.1 1018
1741135915808 46.1 1019
1741135925868 46.1 1020
1741135936594 46.1 1021
1741135949502 46.1 1022
1741135959685 46.1 1023
1741135969784 46.1 1024
1741135979847 46.1 1025
1741135989923 46.1 1026
1741136000000 46.1 1027
1741136010092 46.1 1028
1741136020166 46.1 1029
1741136031679 46.1 1030
1741136041741 46.1 1031
1741136052516 46.1 1032
1741136062591 46.1 1033
1741136073478 46.1 1034
1741136083560 46.1 1035
1741136094767 46.1 1036
1741136104840 46.1 1037
1741136115543 46.1 1038
1741136125613 46.1 1039
1741136136400 46.1 1040
1741136149284 46.1 1041
1741136159765 46.1 1042
1741136170055 46.1 1043
1741136180272 46.1 1044
1741136190456 46.1 1045
1741136200700 46.1 1046
1741136210787 46.1 1047
1741136220859 46.1 1048
1741136230925 46.1 1049
1741136241871 46.1 1050
1741136251927 46.1 1051
1741136263268 46.1 1052
1741136273325 46.1 1053
1741136284818 46.1 1054
1741136294861 46.1 1055
1741136306259 46.1 1056
1741136316380 46.1 1057
1741136327390 46.1 1058
1741136337429 46.1 1059
1741136348525 46.1 1060
1741136359819 46.1 1061
1741136370649 46.1 1062
1741136380987 46.1 1063
1741136391516 46.1 1064
1741136402069 46.1 1065
1741136412420 46.1 1066
1741136427322 46.1 1067
1741136437477 46.1 1068
1741136448883 46.1 1069
1741136458960 46.1 1070
1741136469973 46.1 1071
1741136480071 46.1 1072
1741136490986 46.1 1073
1741136501066 46.1 1074
1741136512109 46.1 1075
1741136522177 46.1 1076
1741136533300 46.1 1077
1741136543367 46.1 1078
1741136553617 46.1 1079
1741136563801 46.1 1080
1741136573993 46.1 1081
1741136584129 46.1 1082
1741136594288 46.1 1083
1741136604763 46.1 1084
1741136614838 46.1 1085
1741136626827 46.1 1086
1741136636899 46.1 1087
1741136647963 46.1 1088
1741136658044 46.1 1089
1741136669073 46.1 1090
1741136679142 46.1 1091
1741136690210 46.1 1092
1741136700283 46.1 1093
1741136711471 46.1 1094
1741136721608 46.1 1095
1741136732590 46.1 1096
1741136745474 46.1 1097
1741136755785 46.1 1098
1741136765937 46.1 1099
1741136776259 46.1 1100
1741136786539 46.1 1101
1741136796784 46.1 1102
1741136806843 46.1 1103
1741136818205 46.1 1104
1741136828308 46.1 1105
1741136839421 46.1 1106
1741136849502 46.1 1107
1741136860804 46.1 1108
1741136870892 46.1 1109
1741136881996 46.1 1110
1741136892082 46.1 1111
1741136903713 46.1 1112
1741136913789 46.1 1113
1741136925096 46.1 1114
1741136935168 46.1 1115
1741136945710 46.1 1116
1741136956092 46.1 1117
1741136966748 46.1 1118
1741136977263 46.1 1119
1741136987680 46.1 1120
1741136998119 46.1 1121
1741137008197 46.1 1122
1741137020175 46.1 1123
1741137030244 46.1 1124
1741137041846 46.1 1125
1741137051910 46.1 1126
1741137063349 46.1 1127
1741137073416 46.1 1128
1741137085187 46.1 1129
1741137095256 46.1 1130
1741137106518 46.1 1131
1741137116587 46.1 1132
1741137128013 46.1 1133
1741137140911 46.1 1134
1741137151370 46.1 1135
1741137161753 46.1 1136
1741137172318 46.1 1137
1741137182921 46.1 1138
1741137193272 46.1 1139
1741137203367 46.1 1140
1741137214801 46.1 1141
1741137224867 46.1 1142
1741137236700 46.1 1143
1741137246843 46.1 1144
1741137258224 46.1 1145
1741137268288 46.1 1146
1741137279863 46.1 1147
1741137289935 46.1 1148
1741137301575 46.1 1149
1741137311647 46.1 1150
1741137323339 46.1 1151
1741137333382 46.1 1152
1741137344220 46.1 1153
1741137354686 46.1 1154
1741137364982 46.1 1155
1741137375529 46.1 1156
1741137386045 46.1 1157
1741137396592 46.1 1158
1741137406672 46.1 1159
1741137416753 46.1 1160
1741137428030 46.1 1161
1741137438094 46.1 1162
1741137449945 46.1 1163
1741137460024 46.1 1164
1741137471728 46.1 1165
1741137481806 46.1 1166
1741137493448 46.1 1167
1741137503589 46.1 1168
1741137515165 46.1 1169
1741137525231 46.1 1170
1741137536579 46.1 1171
1741137548618 46.1 1172
1741137559315 46.1 1173
1741137570154 46.1 1174
1741137580906 46.1 1175
1741137591442 46.1 1176
1741137601763 46.1 1177
1741137616786 46.1 1178
1741137626849 46.1 1179
1741137638705 46.1 1180
1741137648784 46.1 1181
1741137660816 46.1 1182
1741137670873 46.1 1183
1741137682927 46.1 1184
1741137693026 46.1 1185
1741137703095 46.1 1186
1741137713166 46.1 1187
1741137723233 46.1 1188
1741137735424 46.1 1189
1741137748825 46.1 1190
1741137759346 46.1 1191
1741137770220 46.1 1192
1741137780882 46.1 1193
1741137792600 46.1 1194
1741137803153 46.1 1195
1741137813214 46.1 1196
1741137825280 46.1 1197
1741137835352 46.1 1198
1741137847514 46.1 1199
1741137857566 46.1 1200
1741137869340 46.1 1201
1741137879454 46.1 1202
1741137891261 46.1 1203
1741137901332 46.1 1204
1741137913435 46.1 1205
1741137923580 46.1 1206
1741137935394 46.1 1207
1741137945472 46.1 1208
1741137957103 46.1 1209
1741137967885 46.1 1210
1741137978624 46.1 1211
1741137989462 46.1 1212
1741138000543 46.1 1213
1741138011400 46.1 1214
1741138021478 46.1 1215
1741138031557 46.1 1216
1741138043404 46.1 1217
1741138053470 46.1 1218
1741138065509 46.1 1219
1741138075583 46.1 1220
1741138087912 46.1 1221
1741138097964 46.1 1222
1741138110121 46.1 1223
1741138120231 46.1 1224
1741138132456 46.1 1225
1741138142533 46.1 1226
1741138154645 46.1 1227
1741138166898 46.1 1228
1741138177689 46.1 1229
1741138188464 46.1 1230
1741138199089 46.1 1231
1741138209895 46.1 1232
1741138220320 46.1 1233
1741138230394 46.1 1234
1741138240499 46.1 1235
1741138250579 46.1 1236
1741138262472 46.1 1237
1741138272556 46.1 1238
1741138284799 46.1 1239
1741138294864 46.1 1240
1741138307076 46.1 1241
1741138317143 46.1 1242
1741138329554 46.1 1243
1741138339634 46.1 1244
1741138349692 46.1 1245
1741138360565 46.1 1246
1741138372793 46.1 1247
1741138383691 46.1 1248
1741138394728 46.1 1249
1741138405520 46.1 1250
1741138416511 46.1 1251
1741138427260 46.1 1252
1741138437344 46.1 1253
1741138447485 46.1 1254
1741138457557 46.1 1255
1741138467612 46.1 1256
1741138477655 46.1 1257
1741138490062 46.1 1258
1741138500742 46.1 1259
1741138510864 46.1 1260
1741138523138 46.1 1261
1741138533260 46.1 1262
1741138543384 46.1 1263
1741138555515 46.1 1264
1741138565648 46.1 1265
1741138578204 46.1 1266
1741138589434 46.1 1267
1741138600285 46.1 1268
1741138611110 46.1 1269
1741138621967 46.1 1270
1741138632799 46.1 1271
1741138642919 46.1 1272
1741138654985 46.1 1273
1741138665114 46.1 1274
1741138677448 46.1 1275
1741138687579 46.1 1276
1741138699944 46.1 1277
1741138710112 46.1 1278
1741138720256 46.1 1279
1741138730311 46.1 1280
1741138740440 46.1 1281
1741138750679 46.1 1282
1741138760790 46.1 1283
1741138773984 46.1 1284
1741138785570 46.1 1285
1741138797017 46.1 1286
1741138808122 46.1 1287
1741138818901 46.1 1288
1741138829928 46.1 1289
1741138841039 46.1 1290
1741138852069 46.1 1291
1741138862233 46.1 1292
1741138874598 46.1 1293
1741138884728 46.1 1294
1741138894861 46.1 1295
1741138906503 46.1 1296
1741138916640 46.1 1297
1741138929161 46.1 1298
1741138939291 46.1 1299
1741138949442 46.1 1300
1741138961015 46.1 1301
1741138971078 46.1 1302
1741138981199 46.1 1303
1741138992944 46.1 1304
1741139008138 46.1 1305
1741139020278 46.1 1306
1741139032110 46.1 1307
1741139044026 46.1 1308
1741139055433 46.1 1309
1741139067352 46.1 1310
1741139077657 46.1 1311
1741139091252 46.1 1312
1741139101857 46.1 1313
1741139112007 46.1 1314
1741139124551 46.1 1315
1741139134661 46.1 1316
1741139144768 46.1 1317
1741139156533 46.1 1318
1741139166669 46.1 1319
1741139176785 46.1 1320
1741139188761 46.1 1321
1741139198902 46.1 1322
1741139208971 46.1 1323
1741139220828 46.1 1324
1741139233375 46.1 1325
1741139244530 46.1 1326
1741139255655 46.1 1327
1741139266850 46.1 1328
1741139278245 46.1 1329
1741139291346 46.1 1330
1741139304421 46.1 1331
1741139314541 46.1 1332
1741139324657 46.1 1333
1741139336828 46.1 1334
1741139346965 46.1 1335
1741139357094 46.1 1336
1741139369004 46.1 1337
1741139379141 46.1 1338
1741139389217 46.1 1339
1741139401014 46.1 1340
1741139411124 46.1 1341
1741139421251 46.1 1342
1741139432717 46.1 1343
1741139442836 46.1 1344
1741139453079 46.1 1345
1741139464402 46.1 1346
1741139475666 46.1 1347
1741139487078 46.1 1348
1741139498235 46.1 1349
1741139508301 46.1 1350
1741139518421 46.1 1351
1741139530785 46.1 1352
1741139540909 46.1 1353
1741139551034 46.1 1354
1741139563092 46.1 1355
1741139573161 46.1 1356
1741139583308 46.1 1357
1741139596054 46.1 1358
1741139606519 46.1 1359
1741139616664 46.1 1360
1741139626749 46.1 1361
1741139636844 46.1 1362
1741139647019 46.1 1363
1741139657851 46.1 1364
1741139667942 46.1 1365
1741139680889 46.1 1366
1741139696388 46.1 1367
1741139706531 46.1 1368
1741139717751 46.1 1369
1741139730450 46.1 1370
1741139740516 46.1 1371
1741139750597 46.1 1372
1741139760683 46.1 1373
1741139770756 46.1 1374
1741139780890 46.1 1375
1741139790968 46.1 1376
1741139801046 46.1 1377
1741139811134 46.1 1378
1741139821232 46.1 1379
1741139831306 46.1 1380
1741139841443 46.1 1381
1741139851567 46.1 1382
1741139861725 46.1 1383
1741139871806 46.1 1384
1741139881978 46.1 1385
1741139894613 46.1 1386
1741139906027 46.1 1387
1741139918178 46.1 1388
1741139930197 46.1 1389
1741139942089 46.1 1390
1741139953959 46.1 1391
1741139964091 46.1 1392
1741139977321 46.1 1393
1741139987403 46.1 1394
1741139997527 46.1 1395
1741140009960 46.1 1396
1741140020084 46.1 1397
1741140030202 46.1 1398
1741140040337 46.1 1399
1741140052473 46.1 1400
1741140062609 46.1 1401
1741140072759 46.1 1402
1741140082887 46.1 1403
1741140095243 46.1 1404
1741140105410 46.1 1405
1741140115495 46.1 1406
1741140126045 46.1 1407
1741140137969 46.1 1408
1741140149441 46.1 1409
1741140160834 46.1 1410
1741140172206 46.1 1411
1741140182392 46.1 1412
1741140195454 46.1 1413
1741140205601 46.1 1414
1741140215750 46.1 1415
1741140228314 46.1 1416
1741140238451 46.1 1417
1741140248584 46.1 1418
1741140258707 46.1 1419
1741140270655 46.1 1420
1741140280770 46.1 1421
1741140290847 46.1 1422
1741140300987 46.1 1423
1741140313330 46.1 1424
1741140323453 46.1 1425
1741140333594 46.1 1426
1741140344240 46.1 1427
1741140356018 46.1 1428
1741140367637 46.1 1429
1741140379340 46.1 1430
1741140390699 46.1 1431
1741140400846 46.1 1432
1741140413829 46.1 1433
1741140423947 46.1 1434
1741140434062 46.1 1435
1741140444187 46.1 1436
1741140456836 46.1 1437
1741140466928 46.1 1438
1741140477057 46.1 1439
1741140487173 46.1 1440
1741140499344 46.1 1441
1741140509488 46.1 1442
1741140519628 46.1 1443
1741140529698 46.1 1444
1741140542060 46.1 1445
1741140552203 46.1 1446
1741140563768 46.1 1447
1741140575815 46.1 1448
1741140587272 46.1 1449
1741140599015 46.1 1450
1741140610567 46.1 1451
1741140620807 46.1 1452
1741140634232 46.1 1453
1741140644367 46.1 1454
1741140654450 46.1 1455
1741140664586 46.1 1456
1741140676872 46.1 1457
1741140687019 46.1 1458
1741140697171 46.1 1459
1741140709796 46.1 1460
1741140719937 46.1 1461
1741140730083 46.1 1462
1741140740235 46.1 1463
1741140752533 46.1 1464
1741140762691 46.1 1465
1741140772755 46.1 1466
1741140783551 46.1 1467
1741140795571 46.1 1468
1741140807342 46.1 1469
1741140819076 46.1 1470
1741140830928 46.1 1471
1741140841184 46.1 1472
1741140854627 46.1 1473
1741140864775 46.1 1474
1741140874947 46.1 1475
1741140885110 46.1 1476
1741140897319 46.1 1477
1741140907477 46.1 1478
1741140917629 46.1 1479
1741140927804 46.1 1480
1741140939915 46.1 1481
1741140949978 46.1 1482
1741140960122 46.1 1483
1741140970292 46.1 1484
1741140982744 46.1 1485
1741140992921 46.1 1486
1741141004620 46.1 1487
1741141016344 46.1 1488
1741141028224 46.1 1489
1741141040078 46.1 1490
1741141051912 46.1 1491
1741141062233 46.1 1492
1741141077063 46.1 1493
1741141087240 46.1 1494
1741141097400 46.1 1495
1741141107573 46.1 1496
1741141117721 46.1 1497
1741141130792 46.1 1498
1741141143083 46.1 1499
1741141155183 46.1 1500
1741141167152 46.1 1501
1741141178279 46.1 1502
1741141189014 46.1 1503
1741141199930 46.1 1504
1741141210111 46.1 1505
1741141220229 46.1 1506
1741141230656 46.1 1507
1741141243277 46.1 1508
1741141256362 46.1 1509
1741141266511 46.1 1510
1741141277915 46.1 1511
1741141290518 46.1 1512
1741141305152 46.1 1513
1741141320272 46.1 1514
1741141330787 46.1 1515
1741141340894 46.1 1516
1741141351051 46.1 1517
1741141361107 46.1 1518
1741141371168 46.1 1519
1741141381315 46.1 1520
1741141393642 46.1 1521
1741141403740 46.1 1522
1741141413856 46.1 1523
1741141423946 46.1 1524
1741141434036 46.1 1525
1741141444165 46.1 1526
1741141456762 46.1 1527
1741141466849 46.1 1528
1741141478523 46.1 1529
1741141490751 46.1 1530
1741141502580 46.1 1531
1741141514457 46.1 1532
1741141526366 46.1 1533
1741141536454 46.1 1534
1741141546896 46.1 1535
1741141557144 46.1 1536
1741141567231 46.1 1537
1741141577365 46.1 1538
1741141587444 46.1 1539
1741141597527 46.1 1540
1741141607674 46.1 1541
1741141620202 46.1 1542
1741141630290 46.1 1543
1741141640374 46.1 1544
1741141650457 46.1 1545
1741141660532 46.1 1546
1741141670665 46.1 1547
1741141683297 46.1 1548
1741141693378 46.1 1549
1741141705331 46.1 1550
1741141717418 46.1 1551
1741141729508 46.1 1552
1741141741473 46.1 1553
1741141753778 46.1 1554
1741141763870 46.1 1555
1741141774019 46.1 1556
1741141784085 46.1 1557
1741141794178 46.1 1558
1741141804318 46.1 1559
1741141814379 46.1 1560
1741141824467 46.1 1561
1741141834592 46.1 1562
1741141844652 46.1 1563
1741141854719 46.1 1564
1741141864803 46.1 1565
1741141875049 46.1 1566
1741141885136 46.1 1567
1741141895282 46.1 1568
1741141905603 46.1 1569
1741141916136 46.1 1570
1741141927035 46.1 1571
1741141937110 46.1 1572
1741141949492 46.1 1573
1741141962477 46.1 1574
1741141972593 46.1 1575
1741141984397 46.1 1576
1741141999041 46.1 1577
1741142015039 46.1 1578
1741142025844 46.1 1579
1741142036291 46.1 1580
1741142047116 46.1 1581
1741142058342 46.1 1582
1741142070019 46.1 1583
1741142081576 46.1 1584
1741142093131 46.1 1585
1741142103307 46.1 1586
1741142113383 46.1 1587
1741142123447 46.1 1588
1741142133597 46.1 1589
1741142143652 46.1 1590
1741142153723 46.1 1591
1741142168581 46.1 1592
1741142180807 46.1 1593
1741142192925 46.1 1594
1741142205150 46.1 1595
1741142217797 46.1 1596
1741142230037 46.1 1597
1741142240842 46.1 1598
1741142255766 46.1 1599
1741142265847 46.1 1600
1741142275937 46.1 1601
1741142286080 46.1 1602
1741142296175 46.1 1603
1741142306265 46.1 1604
1741142316318 46.1 1605
1741142326374 46.1 1606
1741142336445 46.1 1607
1741142346540 46.1 1608
1741142356672 46.1 1609
1741142366739 46.1 1610
1741142376841 46.1 1611
1741142386900 46.1 1612
1741142400546 46.1 1613
1741142413296 46.1 1614
1741142425777 46.1 1615
1741142437917 46.1 1616
1741142450034 46.1 1617
1741142462242 46.1 1618
1741142473165 46.1 1619
1741142487244 46.1 1620
1741142497331 46.1 1621
1741142507417 46.1 1622
1741142517505 46.1 1623
1741142527593 46.1 1624
1741142537765 46.1 1625
1741142548373 46.1 1626
1741142559871 46.1 1627
1741142571379 46.1 1628
1741142582594 46.1 1629
1741142593525 46.1 1630
1741142604798 46.1 1631
1741142616554 46.1 1632
1741142627923 46.1 1633
1741142638200 46.1 1634
1741142649376 46.1 1635
1741142659582 46.1 1636
1741142671956 46.1 1637
1741142682092 46.1 1638
1741142694212 46.1 1639
1741142704340 46.1 1640
1741142716451 46.1 1641
1741142726576 46.1 1642
1741142738754 46.1 1643
1741142749515 46.1 1644
1741142760319 46.1 1645
1741142771840 46.1 1646
1741142782557 46.1 1647
1741142793800 46.1 1648
1741142805077 46.1 1649
1741142816011 46.1 1650
1741142827256 46.1 1651
1741142838383 46.1 1652
1741142849232 46.1 1653
1741142859695 46.1 1654
1741142870976 46.1 1655
1741142882247 46.1 1656
1741142893079 46.1 1657
1741142904265 46.1 1658
1741142914383 46.1 1659
1741142927423 46.1 1660
1741142937499 46.1 1661
1741142949625 46.1 1662
1741142962561 46.1 1663
1741142975576 46.1 1664
1741142985665 46.1 1665
1741142998641 46.1 1666
1741143008830 46.1 1667
1741143019154 46.1 1668
1741143030388 46.1 1669
1741143041000 46.1 1670
1741143051547 46.1 1671
1741143061867 46.1 1672
1741143072300 46.1 1673
1741143082748 46.1 1674
1741143093534 46.1 1675
1741143104125 46.1 1676
1741143114453 46.1 1677
1741143125265 46.1 1678
1741143136022 46.1 1679
1741143148075 46.1 1680
1741143161120 46.1 1681
1741143173918 46.1 1682
1741143186794 46.1 1683
1741143199768 46.1 1684
1741143212705 46.1 1685
1741143224895 46.1 1686
1741143240837 46.1 1687
1741143251475 46.1 1688
1741143261813 46.1 1689
1741143272285 46.1 1690
1741143282561 46.1 1691
1741143292958 46.1 1692
1741143303220 46.1 1693
1741143313686 46.1 1694
1741143324092 46.1 1695
1741143335765 46.1 1696
1741143346746 46.1 1697
1741143357252 46.1 1698
1741143367631 46.1 1699
1741143378377 46.1 1700
1741143389267 46.1 1701
1741143400077 46.1 1702
1741143412957 46.1 1703
1741143423063 46.1 1704
1741143435511 46.1 1705
1741143448595 46.1 1706
1741143462016 46.1 1707
1741143474144 46.1 1708
1741143490380 46.1 1709
1741143501229 46.1 1710
1741143512028 46.1 1711
1741143522982 46.1 1712
1741143533774 46.1 1713
1741143544190 46.1 1714
1741143555297 46.1 1715
1741143565965 46.1 1716
1741143576731 46.1 1717
1741143587135 46.1 1718
1741143597629 46.1 1719
1741143608508 46.1 1720
1741143619074 46.1 1721
1741143629982 46.1 1722
1741143640938 46.1 1723
1741143651758 46.1 1724
1741143661854 46.1 1725
1741143673714 46.1 1726
1741143686496 46.1 1727
1741143699347 46.1 1728
1741143709428 46.1 1729
1741143721360 46.1 1730
1741143731470 46.1 1731
1741143741697 46.1 1732
1741143751786 47.6 1733
1741143761866 47.6 1734
1741143772428 47.6 1735
1741143782838 47.6 1736
1741143793623 47.6 1737
1741143804186 47.6 1738
1741143815247 47.6 1739
1741143825663 47.6 1740
1741143836720 47.6 1741
1741143847640 47.6 1742
1741143858942 47.6 1743
1741143870353 47.6 1744
1741143881508 47.6 1745
1741143892313 47.6 1746
1741143903478 47.6 1747
1741143913570 47.6 1748
1741143925874 47.6 1749
1741143935959 47.6 1750
1741143948875 47.6 1751
1741143958958 47.6 1752
1741143971526 47.6 1753
1741143981633 47.6 1754
1741143996374 47.6 1755
1741144007223 47.6 1756
1741144018162 47.6 1757
1741144029271 47.6 1758
1741144040287 47.6 1759
1741144052400 47.6 1760
1741144064066 47.6 1761
1741144075018 47.6 1762
1741144085676 47.6 1763
1741144096878 47.6 1764
1741144107769 47.6 1765
1741144119053 47.6 1766
1741144130084 47.6 1767
1741144141327 47.6 1768
1741144152225 47.6 1769
1741144163807 47.6 1770
1741144173899 47.6 1771
1741144183988 47.6 1772
1741144197285 47.6 1773
1741144207455 47.6 1774
1741144219893 47.6 1775
1741144230005 47.6 1776
1741144240416 47.6 1777
1741144256045 47.6 1778
1741144266829 47.6 1779
1741144277778 47.6 1780
1741144288592 47.6 1781
1741144299325 47.6 1782
1741144310482 47.6 1783
1741144321733 47.6 1784
1741144332957 47.6 1785
1741144344202 47.6 1786
1741144356033 47.6 1787
1741144368182 47.6 1788
1741144379117 47.6 1789
1741144389935 47.6 1790
1741144400598 47.6 1791
1741144411260 47.6 1792
1741144422593 47.6 1793
1741144432690 47.6 1794
1741144445153 47.6 1795
1741144455259 47.6 1796
1741144467743 47.6 1797
1741144477908 47.6 1798
1741144490068 47.6 1799
1741144500131 47.6 1800
1741144511759 47.6 1801
1741144522353 47.6 1802
1741144532938 47.6 1803
1741144543554 47.6 1804
1741144553883 47.6 1805
1741144564323 47.6 1806
1741144575018 47.6 1807
1741144585395 47.6 1808
1741144595868 47.6 1809
1741144606412 47.6 1810
1741144616897 47.6 1811
1741144627395 47.6 1812
1741144638021 47.6 1813
1741144648436 47.6 1814
1741144658806 47.6 1815
1741144669551 47.6 1816
1741144679646 47.6 1817
1741144691794 47.6 1818
1741144701872 47.6 1819
1741144713739 47.6 1820
1741144723833 47.6 1821
1741144735823 47.6 1822
1741144745906 47.6 1823
1741144759116 47.6 1824
1741144770164 47.6 1825
1741144780730 47.6 1826
1741144791389 47.6 1827
1741144802541 47.6 1828
1741144813532 47.6 1829
1741144824768 47.6 1830
1741144836237 47.6 1831
1741144847801 47.6 1832
1741144858740 47.6 1833
1741144870026 47.6 1834
1741144881352 47.6 1835
1741144892647 47.6 1836
1741144904108 47.6 1837
1741144914782 47.6 1838
1741144927366 47.6 1839
1741144937475 47.6 1840
1741144950729 47.6 1841
1741144960865 47.6 1842
1741144974071 47.6 1843
1741144986464 47.6 1844
1741144996543 47.6 1845
1741145006753 47.6 1846
1741145020496 47.6 1847
1741145031526 47.6 1848
1741145042378 47.6 1849
1741145053078 47.6 1850
1741145064081 47.6 1851
1741145074888 47.6 1852
1741145085668 47.6 1853
1741145096626 47.6 1854
1741145108241 47.6 1855
1741145119233 47.6 1856
1741145130085 47.6 1857
1741145140941 47.6 1858
1741145151938 47.6 1859
1741145163312 47.6 1860
1741145174004 47.6 1861
1741145185384 47.6 1862
1741145195464 47.6 1863
1741145208934 47.6 1864
1741145219046 47.6 1865
1741145229203 47.6 1866
1741145242149 47.6 1867
1741145252241 47.6 1868
1741145263355 47.6 1869
1741145278725 47.6 1870
1741145290419 47.6 1871
1741145301469 47.6 1872
1741145312673 47.6 1873
1741145323775 47.6 1874
1741145334753 47.6 1875
1741145345780 47.6 1876
1741145356920 47.6 1877
1741145368346 47.6 1878
1741145379916 47.6 1879
1741145390873 47.6 1880
1741145402104 47.6 1881
1741145413840 47.6 1882
1741145425493 47.6 1883
1741145436886 47.6 1884
1741145448583 47.6 1885
1741145459811 47.6 1886
1741145471287 47.6 1887
1741145483914 47.6 1888
1741145493985 47.6 1889
1741145504054 47.6 1890
1741145517146 47.6 1891
1741145527212 47.6 1892
1741145537278 47.6 1893
1741145550357 47.6 1894
1741145560517 47.6 1895
1741145573294 47.6 1896
1741145584439 47.6 1897
1741145595732 47.6 1898
1741145606607 47.6 1899
1741145617511 47.6 1900
1741145629672 47.6 1901
1741145641062 47.6 1902
1741145652418 47.6 1903
1741145663622 47.6 1904
1741145675647 47.6 1905
1741145687063 47.6 1906
1741145698119 47.6 1907
1741145708894 47.6 1908
1741145720093 47.6 1909
1741145730669 47.6 1910
1741145741530 47.6 1911
1741145752158 47.6 1912
1741145763033 47.6 1913
1741145775274 47.6 1914
1741145785432 47.6 1915
1741145798130 47.6 1916
1741145808222 47.6 1917
1741145820547 47.6 1918
1741145830678 47.6 1919
1741145843304 47.6 1920
1741145853400 47.6 1921
1741145863551 47.6 1922
1741145874901 47.6 1923
1741145885992 47.6 1924
1741145896865 47.6 1925
1741145907895 47.6 1926
1741145919032 47.6 1927
1741145930101 47.6 1928
1741145940793 47.6 1929
1741145952008 47.6 1930
1741145963277 47.6 1931
1741145974332 47.6 1932
1741145985729 47.6 1933
1741145996792 47.6 1934
1741146007908 47.6 1935
1741146018817 47.6 1936
1741146029565 47.6 1937
1741146040487 47.6 1938
1741146051952 47.6 1939
1741146064377 47.6 1940
1741146074525 47.6 1941
1741146086694 47.6 1942
1741146096792 47.6 1943
1741146109918 47.6 1944
1741146120040 47.6 1945
1741146132888 47.6 1946
1741146142991 47.6 1947
1741146153060 47.6 1948
1741146163210 47.6 1949
1741146174192 47.6 1950
1741146186023 47.6 1951
1741146197026 47.6 1952
1741146207788 47.6 1953
1741146218768 47.6 1954
1741146229518 47.6 1955
1741146240238 47.6 1956
1741146251011 47.6 1957
1741146261849 47.6 1958
1741146272643 47.6 1959
1741146283290 47.6 1960
1741146294240 47.6 1961
1741146305059 47.6 1962
1741146315766 47.6 1963
1741146326662 47.6 1964
1741146337435 47.6 1965
1741146349684 47.6 1966
1741146359842 47.6 1967
1741146372164 47.6 1968
1741146382252 47.6 1969
1741146394676 47.6 1970
1741146404825 47.6 1971
1741146417071 47.6 1972
1741146435259 47.6 1973
1741146446357 47.6 1974
1741146457220 47.6 1975
1741146468253 47.6 1976
1741146479134 47.6 1977
1741146490033 47.6 1978
1741146501471 47.6 1979
1741146512346 47.6 1980
1741146523301 47.6 1981
1741146534241 47.6 1982
1741146545110 47.6 1983
1741146555798 47.6 1984
1741146566667 47.6 1985
1741146577719 47.6 1986
1741146588975 47.6 1987
1741146599655 47.6 1988
1741146610512 47.6 1989
1741146621226 47.6 1990
1741146633538 47.6 1991
1741146643686 47.6 1992
1741146656522 47.6 1993
1741146666611 47.6 1994
1741146679065 47.6 1995
1741146689197 47.6 1996
1741146701631 47.6 1997
1741146711718 47.6 1998
1741146721813 47.6 1999
1741146731966 47.6 2000
1741146742057 47.6 2001
1741146752880 47.6 2002
1741146763795 47.6 2003
1741146774578 47.6 2004
1741146785401 47.6 2005
1741146796269 47.6 2006
1741146807222 47.6 2007
1741146818221 47.6 2008
1741146829198 47.6 2009
1741146840113 47.6 2010
1741146851110 47.6 2011
1741146861909 47.6 2012
1741146872693 47.6 2013
1741146883401 47.6 2014
1741146894326 47.6 2015
1741146905170 47.6 2016
1741146917446 47.6 2017
1741146927625 47.6 2018
1741146940158 47.6 2019
1741146950228 47.6 2020
1741146963065 47.6 2021
1741146973247 47.6 2022
1741146985600 47.6 2023
1741146995687 47.6 2024
1741147005784 47.6 2025
1741147015867 47.6 2026
1741147025952 47.6 2027
1741147036465 47.6 2028
1741147047267 47.6 2029
1741147058226 47.6 2030
1741147069213 47.6 2031
1741147080154 47.6 2032
1741147091116 47.6 2033
1741147101993 47.6 2034
1741147112924 47.6 2035
1741147123890 47.6 2036
1741147134755 47.6 2037
1741147145550 47.6 2038
1741147156356 47.6 2039
1741147167381 47.6 2040
1741147178283 47.6 2041
1741147189326 47.6 2042
1741147201910 47.6 2043
1741147211993 47.6 2044
1741147224731 47.6 2045
1741147234822 47.6 2046
1741147247622 47.6 2047
1741147257790 47.6 2048
1741147270364 47.6 2049
1741147280452 47.6 2050
1741147290608 47.6 2051
1741147300685 47.6 2052
1741147310750 47.6 2053
1741147324445 47.6 2054
1741147341605 47.6 2055
1741147353397 47.6 2056
1741147364832 47.6 2057
1741147376112 47.6 2058
1741147387448 47.6 2059
1741147398718 47.6 2060
1741147409919 47.6 2061
1741147421196 47.6 2062
1741147432570 47.6 2063
1741147444006 47.6 2064
1741147455265 47.6 2065
1741147466297 47.6 2066
1741147477256 47.6 2067
1741147488596 47.6 2068
1741147501206 47.6 2069
1741147511280 47.6 2070
1741147524318 47.6 2071
1741147534413 47.6 2072
1741147547185 47.6 2073
1741147557264 47.6 2074
1741147570038 47.6 2075
1741147580132 47.6 2076
1741147590292 47.6 2077
1741147600807 47.6 2078
1741147611841 47.6 2079
1741147622740 47.6 2080
1741147633813 47.6 2081
1741147644841 47.6 2082
1741147655822 47.6 2083
1741147667027 47.6 2084
1741147678043 47.6 2085
1741147689084 47.6 2086
1741147700336 47.6 2087
1741147711938 47.6 2088
1741147722949 47.6 2089
1741147734489 47.6 2090
1741147745478 47.6 2091
1741147756654 47.6 2092
1741147767640 47.6 2093
1741147778868 47.6 2094
1741147791673 47.6 2095
1741147801845 47.6 2096
1741147814754 47.6 2097
1741147824847 47.6 2098
1741147837981 47.6 2099
1741147848086 47.6 2100
1741147860636 47.6 2101
1741147870731 47.6 2102
1741147880799 47.6 2103
1741147890939 47.6 2104
1741147901024 47.6 2105
1741147911911 47.6 2106
1741147922853 47.6 2107
1741147933797 47.6 2108
1741147944771 47.6 2109
1741147956019 47.6 2110
1741147966995 47.6 2111
1741147978172 47.6 2112
1741147989207 47.6 2113
1741148000187 47.6 2114
1741148011238 47.6 2115
1741148022339 47.6 2116
1741148033367 47.6 2117
1741148044606 47.6 2118
1741148055646 47.6 2119
1741148066716 47.6 2120
1741148079119 47.6 2121
1741148089209 47.6 2122
1741148102341 47.6 2123
1741148112428 47.6 2124
1741148125421 47.6 2125
1741148135519 47.6 2126
1741148148318 47.6 2127
1741148166809 47.6 2128
1741148177914 47.6 2129
1741148188892 47.6 2130
1741148199964 47.6 2131
1741148211135 47.6 2132
1741148222391 47.6 2133
1741148233553 47.6 2134
1741148244720 47.6 2135
1741148256002 47.6 2136
1741148266909 47.6 2137
1741148278217 47.6 2138
1741148289389 47.6 2139
1741148300360 47.6 2140
1741148311304 47.6 2141
1741148322307 47.6 2142
1741148333595 47.6 2143
1741148344942 47.6 2144
1741148355931 47.6 2145
1741148368656 47.6 2146
1741148378737 47.6 2147
1741148392026 47.6 2148
1741148402167 47.6 2149
1741148414998 47.6 2150
1741148425088 47.6 2151
1741148437791 47.6 2152
1741148447884 47.6 2153
1741148457992 47.6 2154
1741148468072 47.6 2155
1741148478568 47.6 2156
1741148489741 47.6 2157
1741148500887 47.6 2158
1741148512028 47.6 2159
1741148523129 47.6 2160
1741148534190 47.6 2161
1741148545210 47.6 2162
1741148556537 47.6 2163
1741148567712 47.6 2164
1741148578745 47.6 2165
1741148589825 47.6 2166
1741148600966 47.6 2167
1741148611859 47.6 2168
1741148623225 47.6 2169
1741148634452 47.6 2170
1741148645523 47.6 2171
1741148658093 47.6 2172
1741148668175 47.6 2173
1741148678264 47.6 2174
1741148691172 47.6 2175
1741148701350 47.6 2176
1741148714538 47.6 2177
1741148724633 47.6 2178
