1741125236481 0.0 0
1741125246561 0.3739700000000994 1
1741125256645 2.453987999999981 2
1741125266750 10.557532000000037 3
1741125276901 10.595342999999957 4
1741125286988 10.678405000000112 5
1741125297077 23.89021300000013 6
1741125307171 25.851348000000144 7
1741125317237 27.67974900000013 8
1741125327336 27.704539000000068 9
1741125337413 27.979121000000077 10
1741125347476 27.980718000000024 11
1741125357558 27.98812799999996 12
1741125367587 28.014306000000033 13
1741125377618 28.031836999999996 14
1741125387697 28.048408999999992 15
1741125397747 28.06259900000009 16
1741125407793 28.07090100000005 17
1741125417908 28.105641000000105 18
1741125427937 28.16026499999998 19
1741125437990 28.17376000000013 20
1741125448038 28.19054200000005 21
1741125458128 28.19839100000013 22
1741125468189 28.200559000000112 23
1741125478237 28.21277800000007 24
1741125488263 31.220796999999948 25
1741125498319 31.559079999999994 26
1741125508403 31.57348100000013 27
1741125518499 31.57759800000008 28
1741125528586 31.646817000000055 29
1741125538686 31.657006000000138 30
1741125548944 31.70936000000006 31
1741125558980 31.720084000000043 32
1741125569026 31.725773000000117 33
1741125579110 31.81859600000007 34
1741125589207 31.821116000000075 35
1741125599300 31.823675999999978 36
1741125609336 31.847262 37
1741125619612 31.865555000000086 38
1741125629723 31.876338000000032 39
1741125639769 31.879811000000018 40
1741125649804 31.88272299999994 41
1741125659847 31.893460000000005 42
1741125669896 31.97677900000008 43
1741125679987 31.981361000000106 44
1741125690233 31.983739000000014 45
1741125700292 33.75842499999999 46
1741125710361 35.102198000000044 47
1741125720445 35.577302000000145 48
1741125730595 36.22465699999998 49
1741125740935 37.035022000000026 50
1741125751073 45.81809599999997 51
1741125761123 47.856565000000046 52
1741125771179 48.52315500000009 53
1741125781273 48.87383599999998 54
1741125791322 50.15192500000012 55
1741125801374 50.96436199999994 56
1741125811477 51.479500000000144 57
1741125821500 53.711835000000065 58
1741125831557 55.21362500000009 59
1741125841655 57.429137999999966 60
1741125851689 60.14903000000004 61
1741125861732 60.271492999999964 62
1741125871825 62.38366199999996 63
1741125881875 64.45892300000014 64
1741125891915 66.33366300000012 65
1741125902273 67.35418700000014 66
1741125912312 67.36266599999999 67
1741125922366 68.33710799999994 68
1741125932405 69.19112599999994 69
1741125942455 71.81179700000007 70
1741125952494 73.3729780000001 71
1741125962580 74.8591570000001 72
1741125972603 76.50643800000012 73
1741125982647 77.86865000000012 74
1741125992743 79.0772320000001 75
1741126002787 87.61344299999996 76
1741126012822 87.6164510000001 77
1741126022845 96.05494500000009 78
1741126032889 101.54690600000004 79
1741126042951 106.59242600000016 80
1741126053058 106.63967000000002 81
1741126063086 112.01740399999994 82
1741126073121 114.33454600000005 83
1741126083204 114.47508600000015 84
1741126093256 116.63287200000013 85
1741126103313 117.07433400000014 86
1741126113411 118.40008000000012 87
1741126123451 118.48241699999994 88
1741126133487 118.5025270000001 89
1741126143982 118.857031 90
1741126154015 122.93250200000011 91
1741126164095 123.67533300000014 92
1741126174301 123.72340099999997 93
1741126184414 123.7403690000001 94
1741126194442 123.75945100000013 95
1741126204545 123.77024000000006 96
1741126214572 129.90303800000015 97
1741126224605 132.67703000000006 98
1741126234696 133.59493700000007 99
1741126245151 134.14413200000013 100
1741126255574 134.53063799999995 101
1741126265878 138.8547000000001 102
1741126276004 150.34074499999997 103
1741126286052 152.35926900000004 104
1741126296156 152.54628700000012 105
1741126306176 152.54785900000002 106
1741126316225 152.55970200000002 107
1741126326393 153.59665100000007 108
1741126336458 163.10057000000006 109
1741126346510 164.08548100000007 110
1741126356585 164.08675700000003 111
1741126366630 165.51676300000008 112
1741126376681 168.17088200000012 113
1741126386915 171.58083699999997 114
1741126397137 181.095816 115
1741126407165 182.12357900000006 116
1741126417238 185.98449900000014 117
1741126427291 190.92693099999997 118
1741126437317 193.7161900000001 119
1741126447367 198.4737030000001 120
1741126457467 201.33518400000003 121
1741126467539 201.33699100000013 122
1741126477590 203.4368790000001 123
1741126487638 205.21745600000008 124
1741126497663 207.5966370000001 125
1741126507714 214.35133100000007 126
1741126517812 222.35560499999997 127
1741126527836 225.4844660000001 128
1741126538230 228.6096 129
1741126548301 228.6447310000001 130
1741126558639 232.3422700000001 131
1741126568723 232.40554500000007 132
1741126578847 233.07450100000005 133
1741126588901 233.09552899999994 134
1741126598947 234.97340400000007 135
1741126608998 236.83079700000008 136
1741126619041 236.94182999999998 137
1741126629081 237.0016700000001 138
1741126639678 238.47326199999998 139
1741126649707 239.42270299999996 140
1741126659756 243.27063399999997 141
1741126669814 243.302643 142
1741126679839 246.47805500000004 143
1741126689881 250.61561299999994 144
1741126699994 251.41654800000015 145
1741126710035 252.01446899999996 146
1741126720430 253.8454240000001 147
1741126730493 256.75778400000013 148
1741126740536 261.8731480000001 149
1741126750575 272.991573 150
1741126760687 273.54347600000006 151
1741126770749 274.50082900000007 152
1741126780814 276.274363 153
1741126790850 277.08098100000007 154
1741126800883 284.2923980000003 155
1741126810924 285.56451600000014 156
1741126821370 285.6308040000001 157
1741126831514 287.08522400000015 158
1741126841563 287.0923329999998 159
1741126851627 287.85671400000024 160
1741126861678 289.093932 161
1741126871735 289.5026840000003 162
1741126881832 290.1443310000002 163
1741126891875 290.8072380000001 164
1741126901979 291.4553819999999 165
1741126912595 292.00948399999993 166
1741126922781 292.7174550000002 167
1741126932829 293.5862760000002 168
1741126942870 293.6256209999999 169
1741126952970 293.6355000000001 170
1741126963015 293.6372020000001 171
1741126973083 293.6466630000002 172
1741126983258 293.67423399999984 173
1741126993312 293.76196600000026 174
1741127003374 294.6586640000003 175
1741127013469 295.0840890000002 176
1741127023520 295.6867300000001 177
1741127033571 296.32214 178
1741127043607 297.0784580000002 179
1741127053656 297.7197050000002 180
1741127063696 298.98260600000026 181
1741127073732 299.74677499999984 182
1741127083944 300.268002 183
1741127094271 300.9182330000001 184
1741127104533 301.21982 185
1741127114889 301.6903829999999 186
1741127125088 302.27310599999987 187
1741127135192 302.9284610000002 188
1741127145234 303.79200300000025 189
1741127155732 304.5774819999999 190
1741127165969 305.1753110000002 191
1741127176207 305.78357800000026 192
1741127186663 306.2577090000002 193
1741127197056 310.9452050000002 194
1741127207519 312.90361000000007 195
1741127217585 315.59049400000026 196
1741127227705 317.21940299999983 197
1741127237758 319.1307549999999 198
1741127247804 319.34097899999983 199
1741127257903 320.8500769999998 200
1741127267958 321.16527500000007 201
1741127278002 321.981861 202
1741127288100 322.5140520000002 203
1741127298156 323.32334700000024 204
1741127308735 323.41461000000004 205
1741127318826 324.4637620000001 206
1741127329087 325.29239200000006 207
1741127339120 326.781514 208
1741127349188 327.68868899999984 209
1741127359308 328.68004700000006 210
1741127369356 329.33820100000025 211
1741127379525 329.55833000000007 212
1741127390037 331.0668830000002 213
1741127400670 331.9179740000002 214
1741127411302 332.3468730000002 215
1741127421412 332.92670999999996 216
1741127431483 333.42329799999993 217
1741127441532 333.8245199999999 218
1741127451563 334.3906650000001 219
1741127461621 334.95558400000004 220
1741127471661 335.11123599999996 221
1741127482182 336.3864679999999 222
1741127492816 337.08616800000004 223
1741127502872 337.83688199999983 224
1741127512920 338.42527700000005 225
1741127522980 338.7846310000002 226
1741127533059 339.4140110000001 227
1741127543150 340.06358699999987 228
1741127553662 341.1933240000001 229
1741127564405 341.68510600000013 230
1741127575118 342.2073250000001 231
1741127585779 343.4038619999999 232
1741127596504 343.4646519999999 233
1741127607224 343.5259389999999 234
1741127617986 344.0996940000002 235
1741127628264 348.824163 236
1741127638352 349.5726350000002 237
1741127648451 350.46158200000013 238
1741127658506 350.812177 239
1741127669243 351.45968500000004 240
1741127680039 352.824832 241
1741127690095 353.04322000000025 242
1741127701721 354.486854 243
1741127711774 355.07140700000014 244
1741127721877 355.7123130000002 245
1741127731930 356.19844100000023 246
1741127741976 356.6596240000001 247
1741127752015 357.074437 248
1741127762061 357.69036500000016 249
1741127772658 358.9598020000001 250
1741127783543 359.567855 251
1741127793595 360.40537500000005 252
1741127803662 361.6570170000002 253
1741127813747 362.151482 254
1741127824533 362.72479899999985 255
1741127834616 363.203706 256
1741127844665 363.73781299999996 257
1741127854706 364.1832780000002 258
1741127866102 364.6930279999999 259
1741127876154 365.0870910000001 260
1741127886273 365.63541199999986 261
1741127896330 366.73112400000014 262
1741127906374 367.25124400000027 263
1741127916473 367.96019 264
1741127926872 368.48837100000014 265
1741127936925 369.3207 266
1741127947038 369.3891030000002 267
1741127957754 369.3901659999999 268
1741127967817 369.4172390000001 269
1741127977919 369.42292599999996 270
1741127987986 369.42497100000014 271
1741127998813 369.42904999999996 272
1741128008911 369.50556900000015 273
1741128018975 369.75396000000023 274
1741128029435 370.39160700000025 275
1741128040462 370.9372000000001 276
1741128050603 371.51755400000025 277
1741128060656 372.00566300000014 278
1741128070708 372.591193 279
1741128080870 373.19690700000024 280
1741128091094 373.70566900000017 281
1741128101168 374.809653 282
1741128111217 375.477165 283
1741128121927 376.38663999999994 284
1741128131987 377.01881000000026 285
1741128142106 377.79693599999996 286
1741128152164 378.48336700000004 287
1741128162734 379.29776700000025 288
1741128172797 380.16774499999997 289
1741128183208 380.5528419999998 290
1741128193265 381.2358630000001 291
1741128204244 381.80262000000016 292
1741128214284 382.38838199999987 293
1741128224330 383.386534 294
1741128235210 384.135626 295
1741128245268 384.76146500000027 296
1741128255339 385.9026970000002 297
1741128265399 386.5806620000001 298
1741128277299 387.31648999999993 299
1741128287421 387.56617600000004 300
1741128297445 389.1487460000001 301
1741128307584 389.83563000000026 302
1741128318343 390.28980000000024 303
1741128328386 390.95152699999994 304
1741128338482 392.3287889999999 305
1741128348516 393.0703430000001 306
1741128358574 393.49494000000027 307
1741128369603 394.1593570000002 308
1741128379646 395.75003600000014 309
1741128389684 396.2924049999999 310
1741128399812 396.6903030000001 311
1741128409859 396.69442000000004 312
1741128419907 397.4215099999999 313
1741128430726 398.1035760000002 314
1741128440787 398.56404399999997 315
1741128450838 399.6054999999999 316
1741128460879 400.31423500000005 317
1741128470936 401.1933040000001 318
1741128480999 401.8875169999999 319
1741128491043 402.59639100000027 320
1741128501102 402.60976800000003 321
1741128511170 403.1821990000001 322
1741128521222 403.96165799999994 323
1741128531287 404.6509910000002 324
1741128541336 405.17216299999995 325
1741128551397 406.5448750000003 326
1741128561560 406.67452500000013 327
1741128571608 406.84684900000025 328
1741128581791 408.49493400000006 329
1741128591841 409.1538069999999 330
1741128602124 409.1684499999999 331
1741128612490 409.17082400000004 332
1741128622840 409.82099900000026 333
1741128633035 411.21559600000023 334
1741128644203 411.96206000000006 335
1741128654238 412.66753900000026 336
1741128664917 412.669345 337
1741128674989 413.645902 338
1741128685614 414.135121 339
1741128695665 414.14996099999985 340
1741128706240 414.55909899999983 341
1741128716290 414.7646470000002 342
1741128726328 415.3734219999999 343
1741128736620 417.3220050000002 344
1741128747132 417.9596429999999 345
1741128757222 417.96894700000007 346
1741128767270 418.807857 347
1741128777661 419.6129880000001 348
1741128787768 420.5754370000002 349
1741128798232 420.98978599999987 350
1741128808278 420.997216 351
1741128818894 421.7583179999999 352
1741128828945 422.38293 353
1741128839771 422.9699240000002 354
1741128850828 422.99407799999994 355
1741128861508 424.00573199999985 356
1741128871552 424.40754600000014 357
1741128882678 424.92131300000005 358
1741128892732 425.429359 359
1741128903645 426.31325500000025 360
1741128913692 427.45900499999993 361
1741128924259 428.39218099999994 362
1741128934301 428.4031130000001 363
1741128945191 428.8284249999999 364
1741128955244 429.1929440000001 365
1741128965936 429.1987280000001 366
1741128976838 429.2014620000002 367
1741128986890 429.84737800000016 368
1741128997321 430.30562299999997 369
1741129007379 431.161793 370
1741129018362 431.86353699999995 371
1741129028453 432.960147 372
1741129039297 432.9720500000001 373
1741129049345 432.9767410000002 374
1741129060474 434.1308700000002 375
1741129070516 434.6957960000002 376
1741129080580 434.94643500000006 377
1741129091077 435.46849799999995 378
1741129101822 436.44665800000007 379
1741129113158 436.457588 380
1741129123211 436.55297300000007 381
1741129133266 441.80051800000024 382
1741129143609 441.8636899999999 383
1741129153658 441.87462100000016 384
1741129164799 443.3256140000001 385
1741129174849 443.55447400000025 386
1741129185953 444.0140779999999 387
1741129197304 444.68645100000026 388
1741129208390 445.3145400000001 389
1741129219407 446.53631900000005 390
1741129229440 447.0532420000002 391
1741129239734 447.43635500000005 392
1741129249776 448.16229 393
1741129259831 449.33789 394
1741129269930 449.37686899999994 395
1741129279993 449.3820320000002 396
1741129290044 451.0573270000002 397
1741129300141 451.26385000000005 398
1741129310177 451.7492490000002 399
1741129321329 452.2093870000001 400
1741129332200 453.0385570000001 401
1741129342474 453.8785169999999 402
1741129352527 454.55815800000005 403
1741129362584 455.92734399999995 404
1741129372667 456.1887770000001 405
1741129382718 457.5989320000001 406
1741129392847 457.61152100000004 407
1741129402966 458.8268089999999 408
1741129413017 459.4308480000002 409
1741129423107 459.93172000000027 410
1741129433187 461.2891689999999 411
1741129444283 461.89078600000016 412
1741129454331 461.90291 413
1741129464429 461.97004600000014 414
1741129474491 461.9764170000001 415
1741129484543 463.08942 416
1741129494591 464.17680300000006 417
1741129505476 464.9919480000001 418
1741129515532 466.03361100000006 419
1741129525804 466.68510100000026 420
1741129536319 467.3372860000002 421
1741129546378 467.33998099999985 422
1741129556472 469.0415690000002 423
1741129566529 472.1956670000002 424
1741129576618 472.984428 425
1741129587896 473.56951600000025 426
1741129597945 473.762289 427
1741129607994 474.5851009999999 428
1741129618058 475.45196199999987 429
1741129629294 476.21353299999987 430
1741129639347 476.8481340000001 431
1741129649428 477.51827100000014 432
1741129659547 478.2512469999999 433
1741129670645 479.03036099999986 434
1741129680696 479.8088759999998 435
1741129690827 480.2591420000001 436
1741129700872 480.8839190000001 437
1741129710922 481.473154 438
1741129721012 481.498746 439
1741129731069 481.9066370000003 440
1741129741119 482.68900800000006 441
1741129751209 483.5130489999999 442
1741129761259 484.82590000000005 443
1741129772348 485.2837999999999 444
1741129782457 485.84355500000015 445
1741129792507 486.50478499999986 446
1741129802558 486.9380020000001 447
1741129813543 487.37273800000025 448
1741129823623 488.4357200000002 449
1741129833657 489.08367599999997 450
1741129843724 489.5153640000001 451
1741129853765 490.2004410000002 452
1741129863822 490.20901100000015 453
1741129873892 490.238615 454
1741129884008 491.5681179999999 455
1741129894058 492.2938139999999 456
1741129905265 493.4990599999999 457
1741129915310 494.0543690000002 458
1741129925363 494.502197 459
1741129935413 494.9714299999998 460
1741129945510 495.3890090000002 461
1741129956667 495.401204 462
1741129966710 497.05757199999994 463
1741129976814 498.371766 464
1741129986864 498.8077249999999 465
1741129996908 499.6052109999998 466
1741130007018 500.04889100000014 467
1741130017069 500.5606650000002 468
1741130027117 501.33901200000014 469
1741130037214 503.79029300000025 470
1741130047280 504.9173149999999 471
1741130057338 505.56025999999997 472
1741130067455 506.273547 473
1741130077501 507.501583 474
1741130088826 508.35492899999986 475
1741130098948 508.87173499999994 476
1741130109054 510.2289480000002 477
1741130119109 510.7614470000001 478
1741130129185 511.1466539999999 479
1741130139245 511.72093900000004 480
1741130149308 512.4819060000002 481
1741130159354 513.3766520000001 482
1741130169456 517.645221 483
1741130179530 517.766296 484
1741130189624 517.7747240000001 485
1741130199750 517.7851320000002 486
1741130209797 518.955729 487
1741130219846 519.5825270000003 488
1741130231219 520.1446619999999 489
1741130241270 520.5084429999999 490
1741130251845 521.6605550000002 491
1741130261950 522.9644449999998 492
1741130272009 522.9735600000001 493
1741130282200 522.976962 494
1741130293567 522.9807450000001 495
1741130304374 524.274827 496
1741130314639 524.8706089999998 497
1741130324686 526.144145 498
1741130334734 526.574805 499
1741130344771 527.1811380000001 500
1741130354840 527.9509169999999 501
1741130364978 528.3209760000002 502
1741130375029 528.9432560000002 503
1741130385093 529.7979229999999 504
1741130395149 530.2594460000003 505
1741130406369 530.891644 506
1741130416611 531.4892689999999 507
1741130426781 532.0667890000002 508
1741130437007 533.323322 509
1741130447108 533.714815 510
1741130457198 535.1385010000001 511
1741130468403 535.3465309999999 512
1741130478499 535.9540340000001 513
1741130488605 536.0216470000003 514
1741130498935 536.8709369999999 515
1741130509010 538.029158 516
1741130519126 539.1458599999999 517
1741130529164 540.4171680000002 518
1741130539214 541.4248359999999 519
1741130549312 541.878492 520
1741130559364 542.336587 521
1741130569609 542.339467 522
1741130579840 543.0063600000001 523
1741130590051 543.5696150000001 524
1741130600372 544.2053429999999 525
1741130610468 544.956355 526
1741130620595 547.161398 527
1741130630650 548.0574720000002 528
1741130640711 548.5969010000001 529
1741130650831 549.3229600000002 530
1741130660884 550.365701 531
1741130670935 550.9199780000001 532
1741130681035 551.5599239999999 533
1741130691236 551.9727270000001 534
1741130701377 552.637747 535
1741130711740 553.3729580000002 536
1741130721797 553.821936 537
1741130731839 554.878277 538
1741130741944 554.9174690000002 539
1741130751980 556.484623 540
1741130762234 557.240939 541
1741130772322 557.7322470000001 542
1741130783089 557.7335 543
1741130793379 558.4497490000001 544
1741130803836 559.102466 545
1741130814148 560.6873900000003 546
1741130824460 560.9766320000001 547
1741130834760 561.7320029999998 548
1741130844975 562.384225 549
1741130855272 563.1468860000002 550
1741130865553 563.8258979999998 551
1741130875841 564.6514690000001 552
1741130886872 565.23539 553
1741130897369 565.659171 554
1741130907644 566.0231430000001 555
1741130918323 566.580948 556
1741130928597 567.2334870000002 557
1741130940955 567.752029 558
1741130951432 568.6285840000003 559
1741130961793 569.048352 560
1741130972274 569.5730030000002 561
1741130982520 569.9639690000001 562
1741130992787 570.2359790000003 563
1741131003210 570.577528 564
1741131013358 570.8984860000003 565
1741131023621 571.2071859999999 566
1741131034127 571.7110279999999 567
1741131044214 572.190413 568
1741131054276 572.5595140000003 569
1741131064711 573.1939340000001 570
1741131075071 573.8975849999999 571
1741131085738 574.9352580000002 572
1741131095793 575.6112439999999 573
1741131107267 576.2913999999998 574
1741131117661 577.0421699999999 575
1741131127972 577.5302260000001 576
1741131138382 578.311453 577
1741131148885 579.1938379999999 578
1741131159405 579.8174280000001 579
1741131169877 580.1989919999999 580
1741131180196 580.8329799999999 581
1741131190573 582.3029490000001 582
1741131201028 582.5508320000001 583
1741131212502 583.2043150000002 584
1741131223221 583.7579120000003 585
1741131233919 584.2663129999999 586
1741131244470 584.8637200000001 587
1741131256514 584.9204190000003 588
1741131267692 585.9193619999999 589
1741131278267 587.1289669999999 590
1741131288920 587.5435410000002 591
1741131299434 588.029655 592
1741131309919 588.3941990000001 593
1741131320451 588.8125090000001 594
1741131330807 589.2011890000001 595
1741131341290 589.6814609999999 596
1741131351893 590.5838489999999 597
1741131362456 591.828049 598
1741131372553 592.4865440000001 599
1741131382632 592.8985049999999 600
1741131393637 593.565781 601
1741131404493 594.2029049999999 602
1741131415465 594.6508719999999 603
1741131425510 595.3021000000001 604
1741131436691 595.3208160000001 605
1741131447400 595.3245290000002 606
1741131457897 595.3912520000001 607
1741131468420 597.9567049999998 608
1741131479014 598.0350510000001 609
1741131489479 598.243956 610
1741131500102 600.561332 611
1741131510689 601.162619 612
1741131521318 601.7787350000001 613
1741131532040 602.1479750000001 614
1741131543532 603.370338 615
1741131554477 604.033604 616
1741131565404 604.4457399999999 617
1741131576436 604.8324450000002 618
1741131587299 605.9766360000001 619
1741131599922 606.6054390000002 620
1741131610648 607.1267759999998 621
1741131621219 607.4738890000001 622
1741131631740 608.0383090000003 623
1741131642356 608.3042889999999 624
1741131653033 608.6987040000001 625
1741131663735 609.1420110000001 626
1741131674319 610.0618769999999 627
1741131685294 611.2256599999998 628
1741131696022 612.240877 629
1741131706078 612.998726 630
1741131716798 614.137019 631
1741131728081 615.0796940000002 632
1741131739116 615.6536130000002 633
1741131750188 615.9685769999999 634
1741131760238 616.294345 635
1741131770286 616.6141650000002 636
1741131780400 616.9759200000001 637
1741131790455 617.5198320000002 638
1741131800768 618.189392 639
1741131811360 619.3666949999999 640
1741131822235 620.0092120000002 641
1741131833098 621.1657040000002 642
1741131843885 622.297264 643
1741131854581 622.7824910000002 644
1741131865313 623.350005 645
1741131875377 623.7268850000003 646
1741131886161 624.2367310000002 647
1741131897446 625.4711570000002 648
1741131908351 626.021266 649
1741131919368 626.580917 650
1741131929456 627.0034410000001 651
1741131939506 627.6314500000001 652
1741131949556 628.37769 653
1741131959671 629.1857910000001 654
1741131970396 629.7261000000001 655
1741131981357 630.325075 656
1741131992274 630.7720320000001 657
1741132003012 631.4123790000001 658
1741132013803 631.9000130000002 659
1741132024755 632.4013950000001 660
1741132035721 632.9390350000001 661
1741132045756 633.8237500000002 662
1741132056885 633.834317 663
1741132068146 634.6096140000002 664
1741132079405 635.153035 665
1741132090847 635.6162750000001 666
1741132100899 635.8733680000003 667
1741132111025 636.5539139999998 668
1741132121068 637.2581069999999 669
1741132131331 637.8318580000002 670
1741132142168 638.1852820000001 671
1741132153155 638.6000190000002 672
1741132164120 639.1919060000002 673
1741132175185 640.1294740000001 674
1741132186081 640.6538440000002 675
1741132197071 641.0650130000001 676
1741132208094 641.6394050000001 677
1741132218182 642.3155770000001 678
1741132229549 643.0129669999999 679
1741132239601 643.6104390000003 680
1741132249875 644.0156039999999 681
1741132261367 644.2692709999999 682
1741132271417 644.7416839999999 683
1741132282837 645.1842819999999 684
1741132293689 645.8242130000001 685
1741132304819 646.4862110000001 686
1741132316133 647.0553470000002 687
1741132327173 647.609447 688
1741132338108 647.7143950000002 689
1741132349224 647.740693 690
1741132360233 647.7540059999999 691
1741132371393 647.9935619999999 692
1741132382408 652.358665 693
1741132392450 653.8630970000002 694
1741132404028 656.068329 695
1741132415460 656.418586 696
1741132426779 656.4311230000001 697
1741132438187 656.49027 698
1741132448233 656.974074 699
1741132458336 657.5007980000003 700
1741132468388 658.0419370000002 701
1741132478865 659.2990040000002 702
1741132490005 659.4937299999999 703
1741132501062 660.0458190000002 704
1741132511971 660.679938 705
1741132523016 661.429774 706
1741132533947 662.3244400000001 707
1741132545035 663.007824 708
1741132556240 664.0539470000001 709
1741132566544 664.6483850000002 710
1741132578046 665.1015760000003 711
1741132588111 665.5030050000003 712
1741132598409 666.052316 713
1741132610177 666.6998460000002 714
1741132620427 667.392603 715
1741132632134 667.779456 716
1741132643262 668.3679 717
1741132654384 668.937885 718
1741132665711 669.8504610000002 719
1741132677033 670.289129 720
1741132688249 671.3717990000002 721
1741132699398 671.610465 722
1741132710600 672.1982479999999 723
1741132721628 672.9270180000001 724
1741132732890 673.4908929999999 725
1741132743218 674.073725 726
1741132753259 674.4821789999999 727
1741132763844 676.0074120000002 728
1741132775419 676.0183250000002 729
1741132785533 677.2097970000002 730
1741132795863 677.2854519999999 731
1741132809119 677.3000509999999 732
1741132820565 678.8832030000001 733
1741132831700 679.3933709999999 734
1741132842819 680.0126120000002 735
1741132854130 680.9772920000003 736
1741132865442 681.5704050000002 737
1741132876708 681.9102970000001 738
1741132887976 681.9831980000001 739
1741132899269 682.554629 740
1741132910491 683.1162270000002 741
1741132920765 684.2294020000002 742
1741132930843 684.4914569999999 743
1741132941528 684.5035289999998 744
1741132953213 685.0577000000001 745
1741132964761 686.1923100000001 746
1741132975066 686.2873259999999 747
1741132986720 686.9011290000001 748
1741132997902 687.4759729999998 749
1741133009141 688.0680490000002 750
1741133020524 688.8100500000003 751
1741133031978 689.427027 752
1741133043217 689.4568040000001 753
1741133054582 689.47423 754
1741133066006 689.4901969999999 755
1741133077427 690.008055 756
1741133088728 690.2366800000002 757
1741133099142 690.4225050000002 758
1741133109212 690.4783020000002 759
1741133120012 690.5116399999999 760
1741133131682 690.5860110000001 761
1741133141759 690.8171110000001 762
1741133152786 690.8424790000001 763
1741133166010 690.8470239999999 764
1741133177310 690.8738890000002 765
1741133188677 690.8776500000001 766
1741133198745 690.8846569999998 767
1741133208812 690.9269489999999 768
1741133219390 690.938175 769
1741133230997 691.2564100000002 770
1741133242353 703.285709 771
1741133254116 708.7161859999999 772
1741133264183 711.818653 773
1741133274743 714.2507050000002 774
1741133285175 716.1248539999999 775
1741133295255 719.3195370000001 776
1741133306668 721.013573 777
1741133318372 722.227541 778
1741133328446 724.1727050000002 779
1741133338574 725.2855190000002 780
1741133349532 726.900703 781
1741133361062 727.555646 782
1741133373121 728.1554389999999 783
1741133383241 730.0746919999999 784
1741133393734 731.133912 785
1741133405218 732.535971 786
1741133416622 733.921427 787
1741133427990 734.9458480000001 788
1741133439367 736.4300890000002 789
1741133450722 737.3424700000003 790
1741133462373 738.34725 791
1741133472488 740.392752 792
1741133483440 741.0911830000002 793
1741133493515 741.6636970000002 794
1741133504303 742.1394240000002 795
1741133514376 743.4350400000001 796
1741133524442 745.4076590000002 797
1741133534568 746.3673449999999 798
1741133544632 747.1256850000002 799
1741133555987 747.6439149999999 800
1741133567650 748.6782900000001 801
1741133579310 750.121594 802
1741133591061 753.5655429999999 803
1741133602612 760.2883380000001 804
1741133614240 762.9085120000002 805
1741133625713 777.0258700000002 806
1741133637494 792.9299859999999 807
1741133648407 795.824065 808
1741133658487 796.7815840000001 809
1741133669871 802.033545 810
1741133679952 804.288659 811
1741133691202 806.942241 812
1741133703150 812.9869080000001 813
1741133716626 818.9850960000001 814
1741133728239 826.0075469999999 815
1741133739947 833.1984580000001 816
1741133751527 837.9556359999999 817
1741133763283 842.7516510000003 818
1741133774781 845.4540180000001 819
1741133786326 851.3324709999999 820
1741133798020 858.6066069999999 821
1741133809720 865.8176780000001 822
1741133821414 868.8031840000001 823
1741133832362 874.4409330000001 824
1741133842439 879.2572870000001 825
1741133854184 883.7190160000002 826
1741133864311 891.3573570000001 827
1741133875630 896.9697990000002 828
1741133885698 902.3215299999999 829
1741133895790 906.7963940000002 830
1741133905858 909.2022359999999 831
1741133917601 911.4875890000001 832
1741133929383 916.7066809999999 833
1741133941175 922.6506040000002 834
1741133952948 923.3095700000001 835
1741133964731 925.3200669999999 836
1741133976352 927.3451419999999 837
1741133987921 929.1409489999999 838
1741133999477 933.8785559999999 839
1741134011195 941.358371 840
1741134021278 945.195786 841
1741134031391 951.358007 842
1741134043249 954.3561740000002 843
1741134053337 960.0903430000001 844
1741134064996 963.5231529999999 845
1741134075959 969.3056440000003 846
1741134087916 974.0739260000003 847
1741134099805 979.2652719999999 848
1741134111535 983.256948 849
1741134123348 985.855926 850
1741134135022 989.851132 851
1741134146790 992.9756500000001 852
1741134158621 1000.1853899999999 853
1741134168689 1004.6654220000003 854
1741134178815 1008.344229 855
1741134190230 1010.2083580000001 856
1741134202070 1015.7932720000001 857
1741134212220 1023.505292 858
1741134222279 1028.631897 859
1741134233892 1030.5403010000002 860
1741134243974 1035.7425570000003 861
1741134255734 1041.604165 862
1741134265801 1044.751493 863
1741134275869 1049.6455360000002 864
1741134287402 1056.86889 865
1741134297489 1058.2719370000002 866
1741134307578 1059.403087 867
1741134319014 1063.143221 868
1741134330962 1068.2168060000001 869
1741134342820 1070.2778 870
1741134352883 1073.6539890000001 871
1741134362972 1075.6270419999998 872
1741134374526 1083.0648360000002 873
1741134384607 1092.752788 874
1741134394667 1098.28461 875
1741134406472 1102.5036870000001 876
1741134416542 1113.3629859999999 877
1741134426597 1118.6790389999999 878
1741134437803 1123.0270940000003 879
1741134447882 1126.3937010000002 880
1741134457944 1132.988329 881
1741134468494 1137.896954 882
1741134480500 1139.5718450000002 883
1741134492376 1141.5062500000001 884
1741134502439 1143.773108 885
1741134516191 1147.053412 886
1741134528117 1156.8394799999999 887
1741134538182 1160.5132350000001 888
1741134548256 1163.898324 889
1741134560181 1168.287611 890
1741134572077 1174.9162680000002 891
1741134583408 1181.63495 892
1741134593489 1185.1354 893
1741134603584 1186.235323 894
1741134615013 1188.5228140000002 895
1741134625079 1191.7278210000002 896
1741134635157 1195.3616490000002 897
1741134645270 1198.806895 898
1741134655333 1202.3141309999999 899
1741134666246 1205.594299 900
1741134676391 1210.361995 901
1741134686549 1214.232836 902
1741134696606 1217.49335 903
1741134706712 1220.2167550000001 904
1741134718665 1222.478148 905
1741134728737 1225.259676 906
1741134738844 1227.445167 907
1741134750873 1229.2773009999999 908
1741134760937 1230.7023070000002 909
1741134771342 1232.971557 910
1741134781467 1236.0541610000002 911
1741134791535 1238.235261 912
1741134801616 1240.8928760000001 913
1741134813457 1242.722575 914
1741134823511 1247.078553 915
1741134834770 1249.578667 916
1741134847003 1254.2762490000002 917
1741134859028 1258.0545260000001 918
1741134869231 1261.9854120000002 919
1741134879289 1268.8618199999999 920
1741134889342 1270.874332 921
1741134899547 1275.0064599999998 922
1741134909626 1280.253899 923
1741134919707 1286.227666 924
1741134931696 1288.286813 925
1741134941781 1289.903001 926
1741134952002 1292.203138 927
1741134964124 1296.6427220000003 928
1741134974214 1299.879126 929
1741134984269 1305.095059 930
1741134994386 1310.456946 931
1741135004542 1311.3034679999998 932
1741135016246 1312.575635 933
1741135027643 1318.1226060000001 934
1741135039822 1319.979434 935
1741135049928 1325.762766 936
1741135060305 1330.9325460000002 937
1741135070394 1335.3497960000002 938
1741135081206 1337.0390639999998 939
1741135091285 1339.0784930000002 940
1741135101413 1342.652793 941
1741135113496 1347.8489700000002 942
1741135123579 1352.3110370000002 943
1741135134083 1355.9099330000001 944
1741135144209 1361.0952089999998 945
1741135154592 1364.282422 946
1741135165536 1369.000793 947
1741135175630 1371.4277370000002 948
1741135185714 1372.0782270000002 949
1741135195785 1372.9889970000002 950
1741135205832 1373.7106099999999 951
1741135217846 1374.736678 952
1741135227907 1375.6652230000002 953
1741135239115 1376.6209380000003 954
1741135249192 1379.7498590000002 955
1741135260584 1381.822535 956
1741135270677 1383.4298460000002 957
1741135282029 1384.7054490000003 958
1741135292084 1385.7514720000001 959
1741135302585 1386.5533819999998 960
1741135312668 1387.972763 961
1741135322965 1389.5216560000001 962
1741135333047 1391.6827770000002 963
1741135343510 1392.620608 964
1741135356108 1393.54334 965
1741135366201 1395.1653050000002 966
1741135376276 1397.067057 967
1741135386366 1398.4088130000002 968
1741135396435 1399.5217300000002 969
1741135406516 1400.71885 970
1741135418401 1401.7563189999998 971
1741135428506 1403.6208530000001 972
1741135438570 1405.001848 973
1741135449037 1405.8137880000002 974
1741135459097 1406.6019250000002 975
1741135469796 1407.498374 976
1741135479845 1408.1931809999999 977
1741135490880 1411.3331770000002 978
1741135500970 1412.2715140000003 979
1741135511216 1413.1059510000002 980
1741135521293 1414.0997129999998 981
1741135531897 1415.5023640000002 982
1741135541975 1416.143745 983
1741135552730 1417.1396980000002 984
1741135562796 1418.443324 985
1741135572860 1420.969111 986
1741135582947 1423.586685 987
1741135593012 1425.674573 988
1741135603111 1427.1265030000002 989
1741135613183 1427.9299480000002 990
1741135623257 1429.4004320000001 991
1741135634066 1430.028086 992
1741135644140 1431.3021620000002 993
1741135654804 1432.408968 994
1741135664870 1434.0713939999998 995
1741135675582 1435.8116499999999 996
1741135685705 1436.667217 997
1741135696453 1437.278349 998
1741135706546 1437.954024 999
1741135717493 1438.902609 1000
1741135727560 1439.6774819999998 1001
1741135738490 1440.3304190000001 1002
1741135751261 1445.8395430000003 1003
1741135761348 1446.899634 1004
1741135771421 1447.457947 1005
1741135781495 1447.907833 1006
1741135791576 1449.109251 1007
1741135801642 1452.0052010000002 1008
1741135811733 1454.0461440000001 1009
1741135821798 1455.602818 1010
1741135832633 1458.4049069999999 1011
1741135842709 1460.822919 1012
1741135853421 1462.329985 1013
1741135863502 1464.659261 1014
1741135874264 1466.6741 1015
1741135884337 1473.2210160000002 1016
1741135894896 1477.748347 1017
1741135904952 1478.5088240000002 1018
1741135915808 1479.413065 1019
1741135925868 1480.3235379999999 1020
1741135936594 1481.4379110000002 1021
1741135949502 1483.7317340000002 1022
1741135959685 1486.738913 1023
1741135969784 1488.0230130000002 1024
1741135979847 1490.564659 1025
1741135989923 1492.741441 1026
1741136000000 1494.9644700000001 1027
1741136010092 1495.5904269999999 1028
1741136020166 1496.5679900000002 1029
1741136031679 1498.400516 1030
1741136041741 1500.016688 1031
1741136052516 1500.970242 1032
1741136062591 1503.3265640000002 1033
1741136073478 1506.655008 1034
1741136083560 1509.288554 1035
1741136094767 1511.862042 1036
1741136104840 1514.949383 1037
1741136115543 1515.7430820000002 1038
1741136125613 1518.474657 1039
1741136136400 1520.5802740000001 1040
1741136149284 1526.829441 1041
1741136159765 1536.253304 1042
1741136170055 1540.397691 1043
1741136180272 1544.339541 1044
1741136190456 1546.866816 1045
1741136200700 1546.8740920000002 1046
1741136210787 1549.1074999999998 1047
1741136220859 1550.967786 1048
1741136230925 1553.7887550000003 1049
1741136241871 1554.41708 1050
1741136251927 1557.7135180000002 1051
1741136263268 1557.72697 1052
1741136273325 1558.8592110000002 1053
1741136284818 1560.250179 1054
1741136294861 1561.349116 1055
1741136306259 1562.8791429999999 1056
1741136316380 1564.4456750000002 1057
1741136327390 1566.031965 1058
1741136337429 1570.808369 1059
1741136348525 1573.505223 1060
1741136359819 1577.8767249999999 1061
1741136370649 1581.3189909999999 1062
1741136380987 1584.12188 1063
1741136391516 1586.688953 1064
1741136402069 1589.877275 1065
1741136412420 1590.9570460000002 1066
1741136427322 1592.2221069999998 1067
1741136437477 1594.868807 1068
1741136448883 1599.286249 1069
1741136458960 1601.609444 1070
1741136469973 1604.579078 1071
1741136480071 1606.699981 1072
1741136490986 1609.3841760000003 1073
1741136501066 1610.3042090000001 1074
1741136512109 1612.112859 1075
1741136522177 1613.3365099999999 1076
1741136533300 1619.5285770000003 1077
1741136543367 1621.8116229999998 1078
1741136553617 1624.273739 1079
1741136563801 1627.945582 1080
1741136573993 1629.5512500000002 1081
1741136584129 1631.293845 1082
1741136594288 1633.5652160000002 1083
1741136604763 1635.142224 1084
1741136614838 1636.2193049999998 1085
1741136626827 1637.8511540000002 1086
1741136636899 1642.445845 1087
1741136647963 1644.9254389999999 1088
1741136658044 1646.4022350000002 1089
1741136669073 1647.8889259999999 1090
1741136679142 1650.1037119999999 1091
1741136690210 1652.2300910000001 1092
1741136700283 1653.0471060000002 1093
1741136711471 1653.057074 1094
1741136721608 1655.8794420000002 1095
1741136732590 1657.9076270000003 1096
1741136745474 1660.395691 1097
1741136755785 1662.4533680000002 1098
1741136765937 1665.221682 1099
1741136776259 1667.155595 1100
1741136786539 1669.784566 1101
1741136796784 1674.2874760000002 1102
1741136806843 1675.4236979999998 1103
1741136818205 1676.499716 1104
1741136828308 1677.485593 1105
1741136839421 1678.7591129999998 1106
1741136849502 1679.2286940000001 1107
1741136860804 1680.0035920000003 1108
1741136870892 1680.8783919999998 1109
1741136881996 1682.335754 1110
1741136892082 1684.2520630000001 1111
1741136903713 1685.7799280000002 1112
1741136913789 1687.232944 1113
1741136925096 1688.5950770000002 1114
1741136935168 1690.627302 1115
1741136945710 1692.26283 1116
1741136956092 1694.247404 1117
1741136966748 1695.86531 1118
1741136977263 1698.2485010000003 1119
1741136987680 1702.772854 1120
1741136998119 1713.5980160000001 1121
1741137008197 1719.0737270000002 1122
1741137020175 1720.2610660000003 1123
1741137030244 1722.638342 1124
1741137041846 1727.0920640000002 1125
1741137051910 1729.369316 1126
1741137063349 1730.9233550000001 1127
1741137073416 1731.940962 1128
1741137085187 1733.7169660000002 1129
1741137095256 1735.332173 1130
1741137106518 1735.7803529999999 1131
1741137116587 1737.073889 1132
1741137128013 1739.021473 1133
1741137140911 1740.469613 1134
1741137151370 1741.5494489999999 1135
1741137161753 1743.0059990000002 1136
1741137172318 1744.4569749999998 1137
1741137182921 1746.2831280000003 1138
1741137193272 1749.6511240000002 1139
1741137203367 1751.081681 1140
1741137214801 1752.07698 1141
1741137224867 1754.0999570000001 1142
1741137236700 1757.4605520000002 1143
1741137246843 1764.9301860000003 1144
1741137258224 1772.551412 1145
1741137268288 1780.471471 1146
1741137279863 1785.684242 1147
1741137289935 1789.490258 1148
1741137301575 1791.87875 1149
1741137311647 1794.121058 1150
1741137323339 1798.19071 1151
1741137333382 1800.375899 1152
1741137344220 1801.1449679999998 1153
1741137354686 1804.166731 1154
1741137364982 1805.85515 1155
1741137375529 1810.2165940000002 1156
1741137386045 1815.5606289999998 1157
1741137396592 1822.591452 1158
1741137406672 1831.3278750000002 1159
1741137416753 1834.8515840000002 1160
1741137428030 1835.3497410000002 1161
1741137438094 1836.635136 1162
1741137449945 1838.411793 1163
1741137460024 1851.3434170000003 1164
1741137471728 1851.5204860000001 1165
1741137481806 1853.1154709999998 1166
1741137493448 1854.031178 1167
1741137503589 1854.070622 1168
1741137515165 1854.0834980000002 1169
1741137525231 1854.088528 1170
1741137536579 1854.109514 1171
1741137548618 1856.850686 1172
1741137559315 1859.317412 1173
1741137570154 1862.185577 1174
1741137580906 1865.14495 1175
1741137591442 1868.420422 1176
1741137601763 1872.1155300000003 1177
1741137616786 1875.2081660000001 1178
1741137626849 1877.173259 1179
1741137638705 1878.8989709999998 1180
1741137648784 1889.7846540000003 1181
1741137660816 1891.51508 1182
1741137670873 1893.6759220000001 1183
1741137682927 1901.5478890000002 1184
1741137693026 1912.9100340000002 1185
1741137703095 1912.9311249999998 1186
1741137713166 1912.9426380000002 1187
1741137723233 1912.9516540000002 1188
1741137735424 1912.9638430000002 1189
1741137748825 1913.033553 1190
1741137759346 1913.3075770000003 1191
1741137770220 1913.6560550000002 1192
1741137780882 1914.266601 1193
1741137792600 1918.8690119999999 1194
1741137803153 1926.441768 1195
1741137813214 1929.2469899999999 1196
1741137825280 1931.8030649999998 1197
1741137835352 1935.661025 1198
1741137847514 1940.0097790000002 1199
1741137857566 1943.137732 1200
1741137869340 1947.299072 1201
1741137879454 1950.6753649999998 1202
1741137891261 1953.746405 1203
1741137901332 1957.3673260000003 1204
1741137913435 1959.7821689999998 1205
1741137923580 1965.722963 1206
1741137935394 1973.445895 1207
1741137945472 1979.505871 1208
1741137957103 1984.1267810000002 1209
1741137967885 1985.906251 1210
1741137978624 1987.19185 1211
1741137989462 1987.829167 1212
1741138000543 1989.3994800000003 1213
1741138011400 1993.2078020000001 1214
1741138021478 1995.047457 1215
1741138031557 1997.486454 1216
1741138043404 1999.5574170000002 1217
1741138053470 2004.5490929999999 1218
1741138065509 2006.564874 1219
1741138075583 2010.743432 1220
1741138087912 2015.5349680000002 1221
1741138097964 2024.5982729999998 1222
1741138110121 2028.6635640000002 1223
1741138120231 2031.7494199999999 1224
1741138132456 2034.2267789999999 1225
1741138142533 2037.80261 1226
1741138154645 2040.599438 1227
1741138166898 2042.1526820000001 1228
1741138177689 2048.7826219999997 1229
1741138188464 2050.82464 1230
1741138199089 2050.928557 1231
1741138209895 2051.1556550000005 1232
1741138220320 2051.64901 1233
1741138230394 2064.5168190000004 1234
1741138240499 2066.4412599999996 1235
1741138250579 2068.7599929999997 1236
1741138262472 2070.086252 1237
1741138272556 2071.5927950000005 1238
1741138284799 2073.2345269999996 1239
1741138294864 2074.8581320000003 1240
1741138307076 2076.8232559999997 1241
1741138317143 2077.6821740000005 1242
1741138329554 2079.9721150000005 1243
1741138339634 2081.470878 1244
1741138349692 2082.905603 1245
1741138360565 2084.6805080000004 1246
1741138372793 2086.0574239999996 1247
1741138383691 2088.2563229999996 1248
1741138394728 2088.897946 1249
1741138405520 2090.634139 1250
1741138416511 2092.241793 1251
1741138427260 2094.280492 1252
1741138437344 2095.8256600000004 1253
1741138447485 2097.3590620000004 1254
1741138457557 2098.5096000000003 1255
1741138467612 2100.1717879999997 1256
1741138477655 2101.989404 1257
1741138490062 2103.3159290000003 1258
1741138500742 2103.333488 1259
1741138510864 2103.4071970000005 1260
1741138523138 2111.90881 1261
1741138533260 2111.9506819999997 1262
1741138543384 2111.973949 1263
1741138555515 2112.0724200000004 1264
1741138565648 2112.1830390000005 1265
1741138578204 2112.189953 1266
1741138589434 2113.1561010000005 1267
1741138600285 2113.165398 1268
1741138611110 2121.5531849999998 1269
1741138621967 2122.3344740000002 1270
1741138632799 2139.6693269999996 1271
1741138642919 2157.1013300000004 1272
1741138654985 2165.49536 1273
1741138665114 2165.820224 1274
1741138677448 2165.9947039999997 1275
1741138687579 2167.082888 1276
1741138699944 2176.54745 1277
1741138710112 2176.786645 1278
1741138720256 2177.0963490000004 1279
1741138730311 2177.176706 1280
1741138740440 2177.2136980000005 1281
1741138750679 2177.2463669999997 1282
1741138760790 2177.2544049999997 1283
1741138773984 2177.2666070000005 1284
1741138785570 2177.321234 1285
1741138797017 2177.3394260000005 1286
1741138808122 2177.3882620000004 1287
1741138818901 2179.003289 1288
1741138829928 2180.247075 1289
1741138841039 2183.591963 1290
1741138852069 2185.356111 1291
1741138862233 2193.3845119999996 1292
1741138874598 2195.7844860000005 1293
1741138884728 2195.9541609999997 1294
1741138894861 2196.9686709999996 1295
1741138906503 2196.9953699999996 1296
1741138916640 2202.8338089999997 1297
1741138929161 2202.903203 1298
1741138939291 2202.944668 1299
1741138949442 2210.642114 1300
1741138961015 2212.3649349999996 1301
1741138971078 2213.8285379999998 1302
1741138981199 2222.175773 1303
1741138992944 2222.3419649999996 1304
1741139008138 2232.5366940000004 1305
1741139020278 2234.2177950000005 1306
1741139032110 2235.9379120000003 1307
1741139044026 2236.9425579999997 1308
1741139055433 2237.52304 1309
1741139067352 2238.9114710000003 1310
1741139077657 2240.1746970000004 1311
1741139091252 2241.431869 1312
1741139101857 2242.7293959999997 1313
1741139112007 2243.563712 1314
1741139124551 2244.158502 1315
1741139134661 2245.376891 1316
1741139144768 2246.5363720000005 1317
1741139156533 2247.869705 1318
1741139166669 2249.653982 1319
1741139176785 2250.780229 1320
1741139188761 2251.555622 1321
1741139198902 2252.44531 1322
1741139208971 2253.8290690000003 1323
1741139220828 2260.7743419999997 1324
1741139233375 2269.052708 1325
1741139244530 2272.1764060000005 1326
1741139255655 2273.330664 1327
1741139266850 2275.200941 1328
1741139278245 2281.9983680000005 1329
1741139291346 2283.1854030000004 1330
1741139304421 2283.456451 1331
1741139314541 2293.058795 1332
1741139324657 2293.1071650000004 1333
1741139336828 2293.130602 1334
1741139346965 2293.3375539999997 1335
1741139357094 2293.4195019999997 1336
1741139369004 2293.498125 1337
1741139379141 2293.6277250000003 1338
1741139389217 2293.650428 1339
1741139401014 2293.655463 1340
1741139411124 2293.79767 1341
1741139421251 2293.8383860000004 1342
1741139432717 2293.859982 1343
1741139442836 2293.905914 1344
1741139453079 2296.973403 1345
1741139464402 2298.541709 1346
1741139475666 2308.368052 1347
1741139487078 2316.6195829999997 1348
1741139498235 2320.87094 1349
1741139508301 2322.3229929999998 1350
1741139518421 2324.7934860000005 1351
1741139530785 2327.8312859999996 1352
1741139540909 2331.602932 1353
1741139551034 2332.0395580000004 1354
1741139563092 2332.0559790000007 1355
1741139573161 2332.922383 1356
1741139583308 2333.0089860000007 1357
1741139596054 2333.0168030000004 1358
1741139606519 2333.247034 1359
1741139616664 2333.3861910000005 1360
1741139626749 2333.388398 1361
1741139636844 2333.403537 1362
1741139647019 2333.4095690000004 1363
1741139657851 2334.6879070000005 1364
1741139667942 2334.7039050000003 1365
1741139680889 2334.714328 1366
1741139696388 2334.7209200000007 1367
1741139706531 2355.56134 1368
1741139717751 2357.392336 1369
1741139730450 2360.7437630000004 1370
1741139740516 2362.1251650000004 1371
1741139750597 2363.7388260000007 1372
1741139760683 2363.742123 1373
1741139770756 2363.754527 1374
1741139780890 2363.8169160000007 1375
1741139790968 2363.827717 1376
1741139801046 2363.9939570000006 1377
1741139811134 2364.0108280000004 1378
1741139821232 2364.014464 1379
1741139831306 2364.887315 1380
1741139841443 2369.2518020000007 1381
1741139851567 2373.4234540000007 1382
1741139861725 2376.6404010000006 1383
1741139871806 2380.6397190000007 1384
1741139881978 2382.9168790000003 1385
1741139894613 2387.902929 1386
1741139906027 2390.170887 1387
1741139918178 2390.5477040000005 1388
1741139930197 2391.3374490000006 1389
1741139942089 2391.5921720000006 1390
1741139953959 2392.081174 1391
1741139964091 2392.106901 1392
1741139977321 2392.113467 1393
1741139987403 2393.4890530000002 1394
1741139997527 2393.4940240000005 1395
1741140009960 2393.6611200000007 1396
1741140020084 2397.2254300000004 1397
1741140030202 2397.242368 1398
1741140040337 2397.319423 1399
1741140052473 2398.0814360000004 1400
1741140062609 2399.225622 1401
1741140072759 2399.2634130000006 1402
1741140082887 2402.9309170000006 1403
1741140095243 2407.4360620000007 1404
1741140105410 2411.6450110000005 1405
1741140115495 2414.870495 1406
1741140126045 2415.768279 1407
1741140137969 2416.3065850000003 1408
1741140149441 2420.784907 1409
1741140160834 2421.2685920000004 1410
1741140172206 2424.097103 1411
1741140182392 2439.2299590000002 1412
1741140195454 2441.3337390000006 1413
1741140205601 2446.3704310000003 1414
1741140215750 2448.2027930000004 1415
1741140228314 2452.9259730000003 1416
1741140238451 2455.058965 1417
1741140248584 2457.7079490000006 1418
1741140258707 2458.302168 1419
1741140270655 2459.6008570000004 1420
1741140280770 2463.8360840000005 1421
1741140290847 2465.431031 1422
1741140300987 2487.6557550000007 1423
1741140313330 2489.998847 1424
1741140323453 2491.546824 1425
1741140333594 2492.126733 1426
1741140344240 2495.386931 1427
1741140356018 2496.430018 1428
1741140367637 2500.45752 1429
1741140379340 2500.6919130000006 1430
1741140390699 2503.6805110000005 1431
1741140400846 2511.3134550000004 1432
1741140413829 2514.862763 1433
1741140423947 2517.2432500000004 1434
1741140434062 2518.8021400000007 1435
1741140444187 2520.6806210000004 1436
1741140456836 2523.5147080000006 1437
1741140466928 2525.9455880000005 1438
1741140477057 2526.5722860000005 1439
1741140487173 2529.3380180000004 1440
1741140499344 2529.742077 1441
1741140509488 2529.777494 1442
1741140519628 2529.814386 1443
1741140529698 2529.9047570000002 1444
1741140542060 2530.013307 1445
1741140552203 2530.2620000000006 1446
1741140563768 2530.483051 1447
1741140575815 2532.6157860000003 1448
1741140587272 2533.0085090000002 1449
1741140599015 2533.593129 1450
1741140610567 2536.7254110000003 1451
1741140620807 2540.033915 1452
1741140634232 2541.5436360000003 1453
1741140644367 2545.6073290000004 1454
1741140654450 2546.4467640000003 1455
1741140664586 2547.3608160000003 1456
1741140676872 2550.490887 1457
1741140687019 2552.6048 1458
1741140697171 2553.888441 1459
1741140709796 2557.313669 1460
1741140719937 2559.071102 1461
1741140730083 2561.628818 1462
1741140740235 2563.6197790000006 1463
1741140752533 2565.691151 1464
1741140762691 2573.571586 1465
1741140772755 2576.802197 1466
1741140783551 2582.815128 1467
1741140795571 2588.318462 1468
1741140807342 2590.0792 1469
1741140819076 2593.47958 1470
1741140830928 2595.744404 1471
1741140841184 2599.7630800000006 1472
1741140854627 2604.837953 1473
1741140864775 2607.4032690000004 1474
1741140874947 2610.2516000000005 1475
1741140885110 2611.9772710000007 1476
1741140897319 2612.6389280000003 1477
1741140907477 2612.924776 1478
1741140917629 2613.0924800000003 1479
1741140927804 2613.879231 1480
1741140939915 2614.3152470000005 1481
1741140949978 2616.312546 1482
1741140960122 2617.2336860000005 1483
1741140970292 2617.299524 1484
1741140982744 2621.718868 1485
1741140992921 2628.001225 1486
1741141004620 2632.9059770000003 1487
1741141016344 2636.329364 1488
1741141028224 2638.7546010000005 1489
1741141040078 2638.8098 1490
1741141051912 2638.8198280000006 1491
1741141062233 2640.428159 1492
1741141077063 2650.3653910000003 1493
1741141087240 2654.312642 1494
1741141097400 2656.19084 1495
1741141107573 2660.7715230000003 1496
1741141117721 2663.5259130000004 1497
1741141130792 2663.5470300000006 1498
1741141143083 2664.30005 1499
1741141155183 2664.451158 1500
1741141167152 2665.42159 1501
1741141178279 2669.5857380000007 1502
1741141189014 2673.1540480000003 1503
1741141199930 2675.8985810000004 1504
1741141210111 2680.334632 1505
1741141220229 2684.000527 1506
1741141230656 2689.761826 1507
1741141243277 2693.584363 1508
1741141256362 2697.4550340000005 1509
1741141266511 2699.6237340000007 1510
1741141277915 2702.883388 1511
1741141290518 2705.742642 1512
1741141305152 2707.0140170000004 1513
1741141320272 2708.182439 1514
1741141330787 2709.3459470000007 1515
1741141340894 2710.051907 1516
1741141351051 2715.2496090000004 1517
1741141361107 2720.946481 1518
1741141371168 2721.612701 1519
1741141381315 2724.14239 1520
1741141393642 2725.535823 1521
1741141403740 2727.8197340000006 1522
1741141413856 2729.474929 1523
1741141423946 2731.0346960000006 1524
1741141434036 2732.87853 1525
1741141444165 2734.6924710000003 1526
1741141456762 2736.868915 1527
1741141466849 2739.1116740000007 1528
1741141478523 2741.110186 1529
1741141490751 2742.6285210000005 1530
1741141502580 2744.640504 1531
1741141514457 2747.8568450000002 1532
1741141526366 2749.4323130000002 1533
1741141536454 2751.853247 1534
1741141546896 2752.90844 1535
1741141557144 2755.867813 1536
1741141567231 2757.131262 1537
1741141577365 2758.7828740000004 1538
1741141587444 2759.991427 1539
1741141597527 2761.314574 1540
1741141607674 2761.968143 1541
1741141620202 2761.9881860000005 1542
1741141630290 2762.20719 1543
1741141640374 2767.7416250000006 1544
1741141650457 2776.51947 1545
1741141660532 2776.5356110000002 1546
1741141670665 2776.543152 1547
1741141683297 2776.7128380000004 1548
1741141693378 2777.8953040000006 1549
1741141705331 2777.900353 1550
1741141717418 2779.4802760000002 1551
1741141729508 2781.041977 1552
1741141741473 2781.1984630000006 1553
1741141753778 2781.300808 1554
1741141763870 2781.3354960000006 1555
1741141774019 2781.3513900000007 1556
1741141784085 2781.36391 1557
1741141794178 2781.367279 1558
1741141804318 2784.584976 1559
1741141814379 2786.6706410000006 1560
1741141824467 2787.591139 1561
1741141834592 2789.203995 1562
1741141844652 2791.668778 1563
1741141854719 2792.202867 1564
1741141864803 2793.0688440000004 1565
1741141875049 2793.747289 1566
1741141885136 2794.7974680000007 1567
1741141895282 2795.4179140000006 1568
1741141905603 2796.362768 1569
1741141916136 2797.0772640000005 1570
1741141927035 2798.073845 1571
1741141937110 2798.945691 1572
1741141949492 2799.673858 1573
1741141962477 2800.328372 1574
1741141972593 2801.3723690000006 1575
1741141984397 2802.3099630000006 1576
1741141999041 2803.0288180000007 1577
1741142015039 2804.152483 1578
1741142025844 2817.5345770000004 1579
1741142036291 2819.9890290000003 1580
1741142047116 2821.0864980000006 1581
1741142058342 2824.0116660000003 1582
1741142070019 2828.4986660000004 1583
1741142081576 2832.034315 1584
1741142093131 2834.5820760000006 1585
1741142103307 2835.6571920000006 1586
1741142113383 2842.1733650000006 1587
1741142123447 2852.325103 1588
1741142133597 2852.5720470000006 1589
1741142143652 2852.6264230000006 1590
1741142153723 2852.7207750000007 1591
1741142168581 2855.103293 1592
1741142180807 2856.816734 1593
1741142192925 2859.4648400000005 1594
1741142205150 2860.834224 1595
1741142217797 2862.775474 1596
1741142230037 2865.1796680000007 1597
1741142240842 2866.8203890000004 1598
1741142255766 2869.091722 1599
1741142265847 2870.379785 1600
1741142275937 2872.878092 1601
1741142286080 2874.7895200000003 1602
1741142296175 2877.5505460000004 1603
1741142306265 2878.64022 1604
1741142316318 2881.207037 1605
1741142326374 2882.328216 1606
1741142336445 2883.0510920000006 1607
1741142346540 2883.504025 1608
1741142356672 2884.257829 1609
1741142366739 2885.127883 1610
1741142376841 2885.2295700000004 1611
1741142386900 2885.250366 1612
1741142400546 2887.6578070000005 1613
1741142413296 2890.829879 1614
1741142425777 2893.278534 1615
1741142437917 2895.91377 1616
1741142450034 2896.109888 1617
1741142462242 2899.3285880000003 1618
1741142473165 2899.709627 1619
1741142487244 2911.3749610000004 1620
1741142497331 2916.90671 1621
1741142507417 2917.2686490000006 1622
1741142517505 2917.6267800000005 1623
1741142527593 2919.072575 1624
1741142537765 2919.2860870000004 1625
1741142548373 2919.3567010000006 1626
1741142559871 2919.597329 1627
1741142571379 2919.837636 1628
1741142582594 2920.0229950000003 1629
1741142593525 2920.102465 1630
1741142604798 2920.1138330000003 1631
1741142616554 2920.1623230000005 1632
1741142627923 2920.2862570000007 1633
1741142638200 2920.3118940000004 1634
1741142649376 2920.3256310000006 1635
1741142659582 2920.3378940000002 1636
1741142671956 2920.350329 1637
1741142682092 2920.3549620000003 1638
1741142694212 2920.359791 1639
1741142704340 2920.364061 1640
1741142716451 2920.3817630000003 1641
1741142726576 2920.385687 1642
1741142738754 2920.4016550000006 1643
1741142749515 2920.4223700000002 1644
1741142760319 2920.49697 1645
1741142771840 2920.8002030000007 1646
1741142782557 2920.9059020000004 1647
1741142793800 2921.455895 1648
1741142805077 2921.4834840000003 1649
1741142816011 2921.5143390000003 1650
1741142827256 2922.209062 1651
1741142838383 2923.809483 1652
1741142849232 2925.351692 1653
1741142859695 2925.3821230000003 1654
1741142870976 2925.3911740000003 1655
1741142882247 2931.71435 1656
1741142893079 2937.969019 1657
1741142904265 2938.0196100000003 1658
1741142914383 2938.1337190000004 1659
1741142927423 2938.191119 1660
1741142937499 2938.232726 1661
1741142949625 2938.2630480000007 1662
1741142962561 2938.2901680000004 1663
1741142975576 2938.322078 1664
1741142985665 2938.378066 1665
1741142998641 2938.57085 1666
1741143008830 2938.678162 1667
1741143019154 2938.699907 1668
1741143030388 2938.703216 1669
1741143041000 2939.150076 1670
1741143051547 2939.393382 1671
1741143061867 2939.427791 1672
1741143072300 2939.4377250000007 1673
1741143082748 2939.451346 1674
1741143093534 2939.4903840000006 1675
1741143104125 2939.6474630000002 1676
1741143114453 2939.84666 1677
1741143125265 2939.9220350000005 1678
1741143136022 2939.964701 1679
1741143148075 2940.4099210000004 1680
1741143161120 2950.931918 1681
1741143173918 2958.3910750000005 1682
1741143186794 2959.1148110000004 1683
1741143199768 2959.151718 1684
1741143212705 2959.189897 1685
1741143224895 2959.2161770000002 1686
1741143240837 2960.519846 1687
1741143251475 2960.553549 1688
1741143261813 2960.5947730000007 1689
1741143272285 2960.610734 1690
1741143282561 2960.7210270000005 1691
1741143292958 2960.7368400000005 1692
1741143303220 2960.7407490000005 1693
1741143313686 2960.762267 1694
1741143324092 2960.8398240000006 1695
1741143335765 2960.8747080000003 1696
1741143346746 2962.534496 1697
1741143357252 2962.5617790000006 1698
1741143367631 2962.594121 1699
1741143378377 2962.621105 1700
1741143389267 2962.7400880000005 1701
1741143400077 2962.819525 1702
1741143412957 2963.145104 1703
1741143423063 2963.2207800000006 1704
1741143435511 2963.2631220000003 1705
1741143448595 2963.3020930000002 1706
1741143462016 2963.6997870000005 1707
1741143474144 2963.800693 1708
1741143490380 2964.6707510000006 1709
1741143501229 2968.6207220000006 1710
1741143512028 2969.2619240000004 1711
1741143522982 2970.950022 1712
1741143533774 2973.1182280000003 1713
1741143544190 2973.2065760000005 1714
1741143555297 2973.2372000000005 1715
1741143565965 2973.260263 1716
1741143576731 2973.27685 1717
1741143587135 2973.3030130000006 1718
1741143597629 2973.3222970000006 1719
1741143608508 2973.3314710000004 1720
1741143619074 2973.4546090000003 1721
1741143629982 2973.855047 1722
1741143640938 2973.872254 1723
1741143651758 2976.7798570000004 1724
1741143661854 2976.8320030000004 1725
1741143673714 2976.879664 1726
1741143686496 2982.1530510000002 1727
1741143699347 2984.180273 1728
1741143709428 2986.010746 1729
1741143721360 2986.4041420000003 1730
1741143731470 2986.4329530000005 1731
1741143741697 2986.4808190000003 1732
1741143751786 2986.5207610000007 1733
1741143761866 2986.68735 1734
1741143772428 2987.006681 1735
1741143782838 2987.0558300000002 1736
1741143793623 2987.07682 1737
1741143804186 2987.133568 1738
1741143815247 2987.1547260000007 1739
1741143825663 2987.268443 1740
1741143836720 2988.2863160000006 1741
1741143847640 2991.8338190000004 1742
1741143858942 2993.775313 1743
1741143870353 2995.2435450000003 1744
1741143881508 2999.0777310000003 1745
1741143892313 3001.6426250000004 1746
1741143903478 3002.8245620000007 1747
1741143913570 3003.8797300000006 1748
1741143925874 3004.5738310000006 1749
1741143935959 3005.2802930000007 1750
1741143948875 3007.6883610000004 1751
1741143958958 3010.86003 1752
1741143971526 3013.322695 1753
1741143981633 3014.60545 1754
1741143996374 3015.265381 1755
1741144007223 3017.229609 1756
1741144018162 3017.708367 1757
1741144029271 3018.4467860000004 1758
1741144040287 3020.021699 1759
1741144052400 3021.0915400000004 1760
1741144064066 3028.8059780000003 1761
1741144075018 3035.742978 1762
1741144085676 3036.4282350000003 1763
1741144096878 3037.0797780000003 1764
1741144107769 3037.794186 1765
1741144119053 3039.5359910000006 1766
1741144130084 3041.308024 1767
1741144141327 3042.2106430000003 1768
1741144152225 3043.6666970000006 1769
1741144163807 3045.756407 1770
1741144173899 3047.8272880000004 1771
1741144183988 3050.023252 1772
1741144197285 3053.4430360000006 1773
1741144207455 3056.32146 1774
1741144219893 3057.26627 1775
1741144230005 3059.6928400000006 1776
1741144240416 3060.1559560000005 1777
1741144256045 3064.4976460000007 1778
1741144266829 3067.4518720000005 1779
1741144277778 3068.8151340000004 1780
1741144288592 3070.683344 1781
1741144299325 3072.299215 1782
1741144310482 3072.884747 1783
1741144321733 3074.0022790000003 1784
1741144332957 3074.773602 1785
1741144344202 3076.7454150000003 1786
1741144356033 3078.843737 1787
1741144368182 3083.8511990000006 1788
1741144379117 3084.8792870000007 1789
1741144389935 3085.8482590000003 1790
1741144400598 3086.496583 1791
1741144411260 3087.9148020000002 1792
1741144422593 3088.683779 1793
1741144432690 3089.555338 1794
1741144445153 3090.3896130000003 1795
1741144455259 3092.133734 1796
1741144467743 3092.720709 1797
1741144477908 3093.733851 1798
1741144490068 3095.0680840000005 1799
1741144500131 3096.1644880000003 1800
1741144511759 3096.7036390000003 1801
1741144522353 3099.5968410000005 1802
1741144532938 3111.643717 1803
1741144543554 3112.28186 1804
1741144553883 3112.3132180000002 1805
1741144564323 3112.3497580000003 1806
1741144575018 3113.243679 1807
1741144585395 3115.7092110000003 1808
1741144595868 3118.1853280000005 1809
1741144606412 3118.95522 1810
1741144616897 3129.396672 1811
1741144627395 3129.8290020000004 1812
1741144638021 3129.9754010000006 1813
1741144648436 3132.249369 1814
1741144658806 3133.42213 1815
1741144669551 3137.8477090000006 1816
1741144679646 3138.339202 1817
1741144691794 3140.1308850000005 1818
1741144701872 3142.5684760000004 1819
1741144713739 3145.844352 1820
1741144723833 3146.5108950000003 1821
1741144735823 3147.873383 1822
1741144745906 3149.1304450000007 1823
1741144759116 3150.633809 1824
1741144770164 3151.939545 1825
1741144780730 3153.300661 1826
1741144791389 3153.7970920000007 1827
1741144802541 3155.1164150000004 1828
1741144813532 3156.0007180000002 1829
1741144824768 3157.368391 1830
1741144836237 3158.3561580000005 1831
1741144847801 3160.088799 1832
1741144858740 3161.424349 1833
1741144870026 3163.754876 1834
1741144881352 3165.142524 1835
1741144892647 3168.8978400000005 1836
1741144904108 3169.9418430000005 1837
1741144914782 3172.0720410000004 1838
1741144927366 3172.869415 1839
1741144937475 3173.9444010000007 1840
1741144950729 3174.830997 1841
1741144960865 3176.5643340000006 1842
1741144974071 3177.518242 1843
1741144986464 3178.1853740000006 1844
1741144996543 3181.161403 1845
1741145006753 3182.5249440000007 1846
1741145020496 3190.527207 1847
1741145031526 3192.5153180000007 1848
1741145042378 3193.1806830000005 1849
1741145053078 3193.8379320000004 1850
1741145064081 3194.610296 1851
1741145074888 3195.463302 1852
1741145085668 3196.7190260000007 1853
1741145096626 3197.8822040000005 1854
1741145108241 3199.2625450000005 1855
1741145119233 3200.5589840000002 1856
1741145130085 3204.8977640000003 1857
1741145140941 3206.4485430000004 1858
1741145151938 3207.4025030000003 1859
1741145163312 3208.2980930000003 1860
1741145174004 3209.0444850000003 1861
1741145185384 3209.97678 1862
1741145195464 3211.002832 1863
1741145208934 3212.124457 1864
1741145219046 3214.808323 1865
1741145229203 3216.570745 1866
1741145242149 3218.1473030000006 1867
1741145252241 3221.625615 1868
1741145263355 3223.777492 1869
1741145278725 3224.460959 1870
1741145290419 3225.8292890000002 1871
1741145301469 3225.890813 1872
1741145312673 3227.2587780000003 1873
1741145323775 3227.340545 1874
1741145334753 3227.376821 1875
1741145345780 3227.4028230000004 1876
1741145356920 3227.4259250000005 1877
1741145368346 3228.9153830000005 1878
1741145379916 3229.1118970000007 1879
1741145390873 3229.2373820000003 1880
1741145402104 3229.3320190000004 1881
1741145413840 3229.699496 1882
1741145425493 3229.8231670000005 1883
1741145436886 3229.8446620000004 1884
1741145448583 3229.8585540000004 1885
1741145459811 3229.882383 1886
1741145471287 3229.8976330000005 1887
1741145483914 3229.910393 1888
1741145493985 3229.958165 1889
1741145504054 3229.9940080000006 1890
1741145517146 3230.132971 1891
1741145527212 3230.4700730000004 1892
1741145537278 3230.490911 1893
1741145550357 3230.50885 1894
1741145560517 3230.5342960000007 1895
1741145573294 3230.598487 1896
1741145584439 3230.6248620000006 1897
1741145595732 3230.6322420000006 1898
1741145606607 3230.6825010000002 1899
1741145617511 3230.7301780000007 1900
1741145629672 3230.758264 1901
1741145641062 3230.8396510000002 1902
1741145652418 3230.909966 1903
1741145663622 3231.027714 1904
1741145675647 3231.1155980000003 1905
1741145687063 3231.1707270000006 1906
1741145698119 3231.25148 1907
1741145708894 3231.277559 1908
1741145720093 3231.2992650000006 1909
1741145730669 3231.3241180000005 1910
1741145741530 3232.744098 1911
1741145752158 3237.2349400000003 1912
1741145763033 3237.4485910000003 1913
1741145775274 3239.7990640000007 1914
1741145785432 3242.3235240000004 1915
1741145798130 3242.4148130000003 1916
1741145808222 3242.476176 1917
1741145820547 3242.4854640000003 1918
1741145830678 3242.5001220000004 1919
1741145843304 3242.5627600000007 1920
1741145853400 3242.591668 1921
1741145863551 3242.6257920000007 1922
1741145874901 3242.632087 1923
1741145885992 3242.689843 1924
1741145896865 3242.7068210000007 1925
1741145907895 3242.7396200000003 1926
1741145919032 3242.754315 1927
1741145930101 3242.7751400000006 1928
1741145940793 3242.7982230000007 1929
1741145952008 3242.80738 1930
1741145963277 3242.8126110000003 1931
1741145974332 3242.824603 1932
1741145985729 3242.8547580000004 1933
1741145996792 3242.8649480000004 1934
1741146007908 3242.876048 1935
1741146018817 3242.8852370000004 1936
1741146029565 3242.8932970000005 1937
1741146040487 3242.9014770000003 1938
1741146051952 3242.9057510000002 1939
1741146064377 3242.9838610000006 1940
1741146074525 3242.992247 1941
1741146086694 3242.999028 1942
1741146096792 3243.008989 1943
1741146109918 3243.043428 1944
1741146120040 3243.0766890000004 1945
1741146132888 3243.1542090000003 1946
1741146142991 3243.1739940000007 1947
1741146153060 3243.1823330000007 1948
1741146163210 3243.1978450000006 1949
1741146174192 3243.202244 1950
1741146186023 3244.5623940000005 1951
1741146197026 3246.9032210000005 1952
1741146207788 3247.3028300000005 1953
1741146218768 3249.337918 1954
1741146229518 3253.591055 1955
1741146240238 3255.8011400000005 1956
1741146251011 3256.2157500000003 1957
1741146261849 3256.2337180000004 1958
1741146272643 3256.246451 1959
1741146283290 3256.25742 1960
1741146294240 3256.2667230000006 1961
1741146305059 3256.321143 1962
1741146315766 3256.4193030000006 1963
1741146326662 3258.264682 1964
1741146337435 3258.341915 1965
1741146349684 3258.3489100000006 1966
1741146359842 3258.375049 1967
1741146372164 3258.3986060000007 1968
1741146382252 3258.4279940000006 1969
1741146394676 3258.4551380000003 1970
1741146404825 3258.4712130000007 1971
1741146417071 3258.480181 1972
1741146435259 3258.5021350000006 1973
1741146446357 3258.576489 1974
1741146457220 3258.638812 1975
1741146468253 3258.6943070000007 1976
1741146479134 3258.9190340000005 1977
1741146490033 3259.032102 1978
1741146501471 3260.8194510000003 1979
1741146512346 3262.248109 1980
1741146523301 3262.2787260000005 1981
1741146534241 3262.3422490000003 1982
1741146545110 3285.7630090000002 1983
1741146555798 3285.7731700000004 1984
1741146566667 3288.482691 1985
1741146577719 3290.158518 1986
1741146588975 3292.1953790000007 1987
1741146599655 3292.255317 1988
1741146610512 3292.2797580000006 1989
1741146621226 3293.1236360000003 1990
1741146633538 3294.7325010000004 1991
1741146643686 3296.8835130000007 1992
1741146656522 3298.3649560000003 1993
1741146666611 3300.38055 1994
1741146679065 3301.7644410000003 1995
1741146689197 3303.7098450000003 1996
1741146701631 3305.0010060000004 1997
1741146711718 3306.002708 1998
1741146721813 3321.379151 1999
1741146731966 3323.2708410000005 2000
1741146742057 3327.293023 2001
1741146752880 3330.823004 2002
1741146763795 3336.5563600000005 2003
1741146774578 3337.0570610000004 2004
1741146785401 3338.764064 2005
1741146796269 3340.111635 2006
1741146807222 3340.249028 2007
1741146818221 3342.8904190000003 2008
1741146829198 3345.1956760000003 2009
1741146840113 3346.481917 2010
1741146851110 3346.627783 2011
1741146861909 3347.620565 2012
1741146872693 3365.3836600000004 2013
1741146883401 3366.5025000000005 2014
1741146894326 3366.520337 2015
1741146905170 3366.7942590000002 2016
1741146917446 3367.0750000000007 2017
1741146927625 3367.1423030000005 2018
1741146940158 3367.7397010000004 2019
1741146950228 3367.9703280000003 2020
1741146963065 3367.9746890000006 2021
1741146973247 3372.643277 2022
1741146985600 3373.473366 2023
1741146995687 3374.5962120000004 2024
1741147005784 3378.814453 2025
1741147015867 3380.5398430000005 2026
1741147025952 3381.926735 2027
1741147036465 3381.9919500000005 2028
1741147047267 3382.134586 2029
1741147058226 3383.8087100000002 2030
1741147069213 3389.425983 2031
1741147080154 3389.50695 2032
1741147091116 3390.7906620000003 2033
1741147101993 3391.3633360000003 2034
1741147112924 3394.125161 2035
1741147123890 3397.580844 2036
1741147134755 3397.7140370000006 2037
1741147145550 3397.8251120000004 2038
1741147156356 3397.938247 2039
1741147167381 3398.0318670000006 2040
1741147178283 3398.0585980000005 2041
1741147189326 3398.2573570000004 2042
1741147201910 3398.567865 2043
1741147211993 3403.8130730000003 2044
1741147224731 3403.8566790000004 2045
1741147234822 3404.7560060000005 2046
1741147247622 3406.023868 2047
1741147257790 3406.179623 2048
1741147270364 3407.8662330000006 2049
1741147280452 3416.809496 2050
1741147290608 3416.828109 2051
1741147300685 3417.3219960000006 2052
1741147310750 3417.3314770000006 2053
1741147324445 3417.7175000000007 2054
1741147341605 3431.5925290000005 2055
1741147353397 3445.4477640000005 2056
1741147364832 3445.5063530000007 2057
1741147376112 3445.5360200000005 2058
1741147387448 3445.588165 2059
1741147398718 3445.630642 2060
1741147409919 3445.6515560000007 2061
1741147421196 3445.657085 2062
1741147432570 3445.664498 2063
1741147444006 3445.7158010000003 2064
1741147455265 3445.728508 2065
1741147466297 3445.7473770000006 2066
1741147477256 3445.751996 2067
1741147488596 3445.7564360000006 2068
1741147501206 3445.7907880000002 2069
1741147511280 3445.795368 2070
1741147524318 3445.8138290000006 2071
1741147534413 3445.818153 2072
1741147547185 3445.8258180000003 2073
1741147557264 3445.848962 2074
1741147570038 3445.8594360000006 2075
1741147580132 3445.870487 2076
1741147590292 3445.8724230000007 2077
1741147600807 3445.8752130000003 2078
1741147611841 3445.880497 2079
1741147622740 3445.8841840000005 2080
1741147633813 3445.890706 2081
1741147644841 3445.910495 2082
1741147655822 3445.9243350000006 2083
1741147667027 3445.9363160000003 2084
1741147678043 3445.9605410000004 2085
1741147689084 3445.9656730000006 2086
1741147700336 3445.983368 2087
1741147711938 3446.0077140000003 2088
1741147722949 3446.0184800000006 2089
1741147734489 3446.024203 2090
1741147745478 3446.04479 2091
1741147756654 3446.048036 2092
1741147767640 3446.058467 2093
1741147778868 3446.0608790000006 2094
1741147791673 3446.0694170000006 2095
1741147801845 3446.1020200000003 2096
1741147814754 3446.112492 2097
1741147824847 3446.117762 2098
1741147837981 3446.1225460000005 2099
1741147848086 3446.1293720000003 2100
1741147860636 3446.1381520000004 2101
1741147870731 3446.141678 2102
1741147880799 3446.152454 2103
1741147890939 3446.16021 2104
1741147901024 3446.1710220000004 2105
1741147911911 3446.1765910000004 2106
1741147922853 3446.2037330000003 2107
1741147933797 3446.2291480000004 2108
1741147944771 3446.2512080000006 2109
1741147956019 3446.256314 2110
1741147966995 3446.262595 2111
1741147978172 3446.2802920000004 2112
1741147989207 3446.300728 2113
1741148000187 3446.3042140000007 2114
1741148011238 3446.3275750000003 2115
1741148022339 3446.329694 2116
1741148033367 3446.335266 2117
1741148044606 3446.353045 2118
1741148055646 3446.3595430000005 2119
1741148066716 3446.36308 2120
1741148079119 3446.367352 2121
1741148089209 3446.370917 2122
1741148102341 3446.904109 2123
1741148112428 3447.5760660000005 2124
1741148125421 3449.3626430000004 2125
1741148135519 3450.3572410000006 2126
1741148148318 3450.9671130000006 2127
1741148166809 3451.995949 2128
1741148177914 3453.6816880000006 2129
1741148188892 3454.4611840000007 2130
1741148199964 3456.4165860000003 2131
1741148211135 3458.395294 2132
1741148222391 3459.554217 2133
1741148233553 3461.49863 2134
1741148244720 3462.8060350000005 2135
1741148256002 3464.7210290000003 2136
1741148266909 3465.6782410000005 2137
1741148278217 3467.0857450000003 2138
1741148289389 3468.1328490000005 2139
1741148300360 3472.342861 2140
1741148311304 3474.315579 2141
1741148322307 3476.3273370000006 2142
1741148333595 3477.8278800000007 2143
1741148344942 3479.903134 2144
1741148355931 3480.4624220000005 2145
1741148368656 3481.0536710000006 2146
1741148378737 3482.5107720000005 2147
1741148392026 3483.15445 2148
1741148402167 3484.239082 2149
1741148414998 3485.1712000000007 2150
1741148425088 3486.1896450000004 2151
1741148437791 3486.5447890000005 2152
1741148447884 3486.5584770000005 2153
1741148457992 3486.5868950000004 2154
1741148468072 3486.5940520000004 2155
1741148478568 3486.599032 2156
1741148489741 3486.6168860000007 2157
1741148500887 3486.6236770000005 2158
1741148512028 3486.629771 2159
1741148523129 3486.6733380000005 2160
1741148534190 3486.681697 2161
1741148545210 3486.6969820000004 2162
1741148556537 3486.7041740000004 2163
1741148567712 3486.7200140000004 2164
1741148578745 3486.741277 2165
1741148589825 3486.7578630000007 2166
1741148600966 3486.7664510000004 2167
1741148611859 3486.794492 2168
1741148623225 3486.8080200000004 2169
1741148634452 3486.8284540000004 2170
1741148645523 3486.8579100000006 2171
1741148658093 3486.8704180000004 2172
1741148668175 3486.879446 2173
1741148678264 3486.885483 2174
1741148691172 3486.891568 2175
1741148701350 3486.9366880000007 2176
1741148714538 3486.9478210000007 2177
1741148724633 3486.955207 2178
