1741125236481 0.0 0
1741125246561 0.3735830000000533 1
1741125256645 2.4546609999999873 2
1741125266750 10.557604000000083 3
1741125276901 10.596508000000085 4
1741125286988 10.679214999999886 5
1741125297077 23.89134799999988 6
1741125307171 25.851883000000043 7
1741125317237 27.69447500000001 8
1741125327336 27.713690999999926 9
1741125337413 27.861374999999953 10
1741125347476 27.864072999999962 11
1741125357558 27.870695999999953 12
1741125367587 27.89029800000003 13
1741125377618 27.90438599999993 14
1741125387697 27.917079000000058 15
1741125397747 27.929873999999927 16
1741125407793 27.935261000000082 17
1741125417908 27.9693749999999 18
1741125427937 28.023009999999886 19
1741125437990 28.04499499999997 20
1741125448038 28.062445000000025 21
1741125458128 28.070602000000008 22
1741125468189 28.07181199999991 23
1741125478237 28.082879000000048 24
1741125488263 28.58489899999995 25
1741125498319 28.686116999999967 26
1741125508403 28.707914999999957 27
1741125518499 28.710198999999875 28
1741125528586 28.715721999999914 29
1741125538686 28.738841000000093 30
1741125548944 28.78652299999999 31
1741125558980 28.811414999999897 32
1741125569026 28.819075999999995 33
1741125579110 28.911068999999998 34
1741125589207 28.913285000000087 35
1741125599300 28.91504400000008 36
1741125609336 28.934901999999965 37
1741125619612 28.95057500000007 38
1741125629723 28.96363199999996 39
1741125639769 28.965590999999904 40
1741125649804 28.968679000000066 41
1741125659847 28.980690000000095 42
1741125669896 29.059995999999956 43
1741125679987 29.075963999999885 44
1741125690233 29.077240000000074 45
1741125700292 30.813926000000038 46
1741125710361 32.194659999999885 47
1741125720445 32.66848200000004 48
1741125730595 33.31445800000006 49
1741125740935 34.12086999999997 50
1741125751073 42.903912999999875 51
1741125761123 44.94238300000006 52
1741125771179 45.609085999999934 53
1741125781273 45.95955099999992 54
1741125791322 47.237681000000066 55
1741125801374 48.05570599999987 56
1741125811477 48.57121299999994 57
1741125821500 50.80336199999988 58
1741125831557 52.30438400000003 59
1741125841655 54.51625899999999 60
1741125851689 57.23537800000008 61
1741125861732 57.35701700000004 62
1741125871825 59.46853800000008 63
1741125881875 61.54511600000001 64
1741125891915 63.42068100000006 65
1741125902273 64.43904300000008 66
1741125912312 64.44741700000009 67
1741125922366 65.43544999999995 68
1741125932405 66.28622199999995 69
1741125942455 68.9043509999999 70
1741125952494 70.46836099999996 71
1741125962580 71.95434699999987 72
1741125972603 73.60569200000009 73
1741125982647 74.96812 74
1741125992743 76.17540299999996 75
1741126002787 84.71035699999993 76
1741126012822 84.71210399999995 77
1741126022845 93.14896999999996 78
1741126032889 98.63489699999991 79
1741126042951 103.669531 80
1741126053058 103.7168670000001 81
1741126063086 109.0942070000001 82
1741126073121 111.41118699999993 83
1741126083204 111.54985099999999 84
1741126093256 113.707267 85
1741126103313 114.13781300000005 86
1741126113411 115.46468299999992 87
1741126123451 115.54095800000005 88
1741126133487 115.56143999999995 89
1741126143982 115.91504699999996 90
1741126154015 119.99066300000004 91
1741126164095 120.74769199999992 92
1741126174301 120.787781 93
1741126184414 120.80244700000003 94
1741126194442 120.8133479999999 95
1741126204545 120.82446299999992 96
1741126214572 126.95620200000008 97
1741126224605 129.73061000000007 98
1741126234696 130.64876800000002 99
1741126245151 131.17369400000007 100
1741126255574 131.5849330000001 101
1741126265878 135.9095030000001 102
1741126276004 147.39527199999998 103
1741126286052 149.4288959999999 104
1741126296156 149.6160829999999 105
1741126306176 149.61720300000002 106
1741126316225 149.6288360000001 107
1741126326393 150.66614099999993 108
1741126336458 160.16938699999992 109
1741126346510 161.15542200000004 110
1741126356585 161.1570959999999 111
1741126366630 162.5875249999999 112
1741126376681 165.23755499999993 113
1741126386915 168.59550999999988 114
1741126397137 178.1520579999999 115
1741126407165 179.19444900000008 116
1741126417238 183.0555139999999 117
1741126427291 187.99840300000005 118
1741126437317 190.78739599999994 119
1741126447367 195.543367 120
1741126457467 198.4032299999999 121
1741126467539 198.40393900000004 122
1741126477590 200.50255399999992 123
1741126487638 202.28415199999995 124
1741126497663 204.65591700000004 125
1741126507714 211.410433 126
1741126517812 219.41287699999998 127
1741126527836 222.5575469999999 128
1741126538230 225.6822729999999 129
1741126548301 225.71562100000006 130
1741126558639 229.41533000000004 131
1741126568723 229.479867 132
1741126578847 230.14786200000003 133
1741126588901 230.1642159999999 134
1741126598947 232.04033000000004 135
1741126608998 233.89703499999996 136
1741126619041 234.00716599999987 137
1741126629081 234.06622599999992 138
1741126639678 235.5358329999999 139
1741126649707 236.50124400000004 140
1741126659756 240.34961500000009 141
1741126669814 240.3773409999999 142
1741126679839 243.55241999999998 143
1741126689881 247.68959300000006 144
1741126699994 248.48123899999996 145
1741126710035 249.0583019999999 146
1741126720430 250.91459200000008 147
1741126730493 253.82539399999996 148
1741126740536 258.94112199999995 149
1741126750575 270.05926 150
1741126760687 270.61020299999996 151
1741126770749 271.58062100000006 152
1741126780814 273.35446 153
1741126790850 274.147281 154
1741126800883 281.36311 155
1741126810924 282.6351850000001 156
1741126821370 282.7014629999999 157
1741126831514 284.15020400000003 158
1741126841563 284.15739699999995 159
1741126851627 284.920347 160
1741126861678 286.1576130000001 161
1741126871735 286.56621900000005 162
1741126881832 287.207637 163
1741126891875 287.886532 164
1741126901979 288.5341639999999 165
1741126912595 289.08625600000005 166
1741126922781 289.7943989999999 167
1741126932829 290.662339 168
1741126942870 290.702055 169
1741126952970 290.712452 170
1741126963015 290.715424 171
1741126973083 290.71837099999993 172
1741126983258 290.7375850000001 173
1741126993312 290.82355600000005 174
1741127003374 291.70666499999993 175
1741127013469 292.13803699999994 176
1741127023520 292.7417639999999 177
1741127033571 293.3779629999999 178
1741127043607 294.1410719999999 179
1741127053656 294.801831 180
1741127063696 296.0638999999999 181
1741127073732 296.82778400000007 182
1741127083944 297.35007100000007 183
1741127094271 297.993827 184
1741127104533 298.2943009999999 185
1741127114889 298.7634579999999 186
1741127125088 299.349909 187
1741127135192 300.0139549999999 188
1741127145234 300.87713699999995 189
1741127155732 301.661339 190
1741127165969 302.25898299999994 191
1741127176207 302.86632499999996 192
1741127186663 303.33976099999995 193
1741127197056 308.02721799999995 194
1741127207519 309.98510899999997 195
1741127217585 312.67041399999994 196
1741127227705 314.29711599999996 197
1741127237758 316.2061550000001 198
1741127247804 316.4288469999999 199
1741127257903 317.9359139999999 200
1741127267958 318.24871800000005 201
1741127278002 318.9872949999999 202
1741127288100 319.5148730000001 203
1741127298156 320.3156019999999 204
1741127308735 320.40649600000006 205
1741127318826 321.4528149999999 206
1741127329087 322.27991199999997 207
1741127339120 323.78221499999995 208
1741127349188 324.64735999999994 209
1741127359308 325.6829029999999 210
1741127369356 326.3563280000001 211
1741127379525 326.5759209999999 212
1741127390037 328.08409299999994 213
1741127400670 328.93633 214
1741127411302 329.364646 215
1741127421412 329.9430950000001 216
1741127431483 330.438854 217
1741127441532 330.839561 218
1741127451563 331.40627700000005 219
1741127461621 331.973669 220
1741127471661 332.130938 221
1741127482182 333.40541800000005 222
1741127492816 334.11813299999994 223
1741127502872 334.866847 224
1741127512920 335.45432800000003 225
1741127522980 335.8148120000001 226
1741127533059 336.44453 227
1741127543150 337.0940720000001 228
1741127553662 338.2231179999999 229
1741127564405 338.7149790000001 230
1741127575118 339.23286800000005 231
1741127585779 340.40518399999996 232
1741127596504 340.46210599999995 233
1741127607224 340.52339099999995 234
1741127617986 341.112476 235
1741127628264 345.8371749999999 236
1741127638352 346.58566700000006 237
1741127648451 347.475723 238
1741127658506 347.82499800000005 239
1741127669243 348.472585 240
1741127680039 349.83691999999996 241
1741127690095 350.0560909999999 242
1741127701721 351.5032779999999 243
1741127711774 352.087272 244
1741127721877 352.7278570000001 245
1741127731930 353.22872800000005 246
1741127741976 353.68729699999994 247
1741127752015 354.1014620000001 248
1741127762061 354.716582 249
1741127772658 355.9828789999999 250
1741127783543 356.59210800000005 251
1741127793595 357.426148 252
1741127803662 358.6756869999999 253
1741127813747 359.16896999999994 254
1741127824533 359.74264500000004 255
1741127834616 360.2213179999999 256
1741127844665 360.75604999999996 257
1741127854706 361.2164379999999 258
1741127866102 361.72530000000006 259
1741127876154 362.1192900000001 260
1741127886273 362.6620009999999 261
1741127896330 363.74876700000004 262
1741127906374 364.26812300000006 263
1741127916473 364.97686799999997 264
1741127926872 365.504862 265
1741127936925 366.33643299999994 266
1741127947038 366.40513699999997 267
1741127957754 366.4062469999999 268
1741127967817 366.4339849999999 269
1741127977919 366.45489999999995 270
1741127987986 366.456404 271
1741127998813 366.4580269999999 272
1741128008911 366.5344399999999 273
1741128018975 366.7802670000001 274
1741128029435 367.416596 275
1741128040462 367.9611769999999 276
1741128050603 368.5415459999999 277
1741128060656 369.029816 278
1741128070708 369.61456999999996 279
1741128080870 370.21900800000003 280
1741128091094 370.72827200000006 281
1741128101168 371.84628599999996 282
1741128111217 372.5131779999999 283
1741128121927 373.4226100000001 284
1741128131987 374.05512 285
1741128142106 374.83285 286
1741128152164 375.520219 287
1741128162734 376.3333089999999 288
1741128172797 377.1971960000001 289
1741128183208 377.582316 290
1741128193265 378.26410699999997 291
1741128204244 378.821152 292
1741128214284 379.4216160000001 293
1741128224330 380.4171489999999 294
1741128235210 381.165487 295
1741128245268 381.7913799999999 296
1741128255339 382.9325100000001 297
1741128265399 383.6075779999999 298
1741128277299 384.34192200000007 299
1741128287421 384.58948899999996 300
1741128297445 386.17103399999996 301
1741128307584 386.8577640000001 302
1741128318343 387.3082569999999 303
1741128328386 387.9695260000001 304
1741128338482 389.36178700000005 305
1741128348516 390.10403199999996 306
1741128358574 390.5337749999999 307
1741128369603 391.1968219999999 308
1741128379646 392.7818689999999 309
1741128389684 393.321921 310
1741128399812 393.718801 311
1741128409859 393.7237190000001 312
1741128419907 394.45053299999995 313
1741128430726 395.131889 314
1741128440787 395.591369 315
1741128450838 396.632425 316
1741128460879 397.35607000000005 317
1741128470936 398.23578799999996 318
1741128480999 398.929881 319
1741128491043 399.638105 320
1741128501102 399.643143 321
1741128511170 400.214694 322
1741128521222 400.99240800000007 323
1741128531287 401.678682 324
1741128541336 402.19900600000005 325
1741128551397 403.569966 326
1741128561560 403.6461549999999 327
1741128571608 403.81765999999993 328
1741128581791 405.4800969999999 329
1741128591841 406.1398979999999 330
1741128602124 406.15590900000007 331
1741128612490 406.1578569999999 332
1741128622840 406.732385 333
1741128633035 408.126268 334
1741128644203 408.8727409999999 335
1741128654238 409.5793739999999 336
1741128664917 409.58089999999993 337
1741128674989 410.55647799999997 338
1741128685614 411.037421 339
1741128695665 411.061295 340
1741128706240 411.47607500000004 341
1741128716290 411.68184900000006 342
1741128726328 412.2916869999999 343
1741128736620 414.2385469999999 344
1741128747132 414.87561000000005 345
1741128757222 414.88506099999995 346
1741128767270 415.7230299999999 347
1741128777661 416.52756999999997 348
1741128787768 417.4829460000001 349
1741128798232 417.885888 350
1741128808278 417.8906689999999 351
1741128818894 418.6664350000001 352
1741128828945 419.2908399999999 353
1741128839771 419.8789770000001 354
1741128850828 419.9034449999999 355
1741128861508 420.9147069999999 356
1741128871552 421.316139 357
1741128882678 421.830011 358
1741128892732 422.338084 359
1741128903645 423.22196600000007 360
1741128913692 424.3672079999999 361
1741128924259 425.3000870000001 362
1741128934301 425.309849 363
1741128945191 425.7478859999999 364
1741128955244 426.1120289999999 365
1741128965936 426.11831299999994 366
1741128976838 426.12046899999996 367
1741128986890 426.7663070000001 368
1741128997321 427.2237789999999 369
1741129007379 428.07975199999987 370
1741129018362 428.7810609999999 371
1741129028453 429.8775499999999 372
1741129039297 429.88788 373
1741129049345 429.89005199999997 374
1741129060474 431.05846999999994 375
1741129070516 431.62200499999994 376
1741129080580 431.86952399999996 377
1741129091077 432.3914319999999 378
1741129101822 433.346084 379
1741129113158 433.35669899999994 380
1741129123211 433.451595 381
1741129133266 438.7044149999999 382
1741129143609 438.76739999999995 383
1741129153658 438.78091700000004 384
1741129164799 440.2303300000001 385
1741129174849 440.4594589999999 386
1741129185953 440.932505 387
1741129197304 441.6026549999999 388
1741129208390 442.2293609999999 389
1741129219407 443.41335000000004 390
1741129229440 443.927289 391
1741129239734 444.3100549999999 392
1741129249776 445.03447800000004 393
1741129259831 446.20576000000005 394
1741129269930 446.239499 395
1741129279993 446.24579700000004 396
1741129290044 447.92126299999995 397
1741129300141 448.141895 398
1741129310177 448.62474199999997 399
1741129321329 449.08476599999995 400
1741129332200 449.9093599999999 401
1741129342474 450.73682099999996 402
1741129352527 451.41532800000004 403
1741129362584 452.7833800000001 404
1741129372667 453.04297399999996 405
1741129382718 454.452624 406
1741129392847 454.463164 407
1741129402966 455.6650729999999 408
1741129413017 456.26068699999996 409
1741129423107 456.7753989999999 410
1741129433187 458.13448199999993 411
1741129444283 458.7333899999999 412
1741129454331 458.74352 413
1741129464429 458.81019100000003 414
1741129474491 458.8154749999999 415
1741129484543 459.9282390000001 416
1741129494591 461.01470599999993 417
1741129505476 461.828489 418
1741129515532 462.86903899999993 419
1741129525804 463.52069200000005 420
1741129536319 464.16614000000004 421
1741129546378 464.18293199999994 422
1741129556472 465.88357900000005 423
1741129566529 469.0362539999999 424
1741129576618 469.8232639999999 425
1741129587896 470.4073209999999 426
1741129597945 470.5964569999999 427
1741129607994 471.41490999999996 428
1741129618058 472.28136700000005 429
1741129629294 473.042737 430
1741129639347 473.6761549999999 431
1741129649428 474.345652 432
1741129659547 475.0782449999999 433
1741129670645 475.872846 434
1741129680696 476.6494889999999 435
1741129690827 477.0969889999999 436
1741129700872 477.7064519999999 437
1741129710922 478.29103499999997 438
1741129721012 478.313762 439
1741129731069 478.71998400000007 440
1741129741119 479.50245100000006 441
1741129751209 480.324065 442
1741129761259 481.63628199999994 443
1741129772348 482.09305100000006 444
1741129782457 482.65869999999995 445
1741129792507 483.326546 446
1741129802558 483.7601789999999 447
1741129813543 484.191108 448
1741129823623 485.2518170000001 449
1741129833657 485.8984459999999 450
1741129843724 486.32864799999993 451
1741129853765 487.0118829999999 452
1741129863822 487.02019700000005 453
1741129873892 487.0471520000001 454
1741129884008 488.375415 455
1741129894058 489.10111000000006 456
1741129905265 490.3209589999999 457
1741129915310 490.87633200000005 458
1741129925363 491.3248450000001 459
1741129935413 491.79333700000007 460
1741129945510 492.20580399999994 461
1741129956667 492.2175809999999 462
1741129966710 493.83584199999996 463
1741129976814 495.18919200000005 464
1741129986864 495.6250520000001 465
1741129996908 496.41240199999993 466
1741130007018 496.85480600000005 467
1741130017069 497.365869 468
1741130027117 498.1584129999999 469
1741130037214 500.60966200000007 470
1741130047280 501.73684000000003 471
1741130057338 502.3805379999999 472
1741130067455 503.0925030000001 473
1741130077501 504.3202530000001 474
1741130088826 505.172452 475
1741130098948 505.6888999999999 476
1741130109054 507.04510000000005 477
1741130119109 507.5758659999999 478
1741130129185 507.9590639999999 479
1741130139245 508.5301529999999 480
1741130149308 509.303484 481
1741130159354 510.19995500000005 482
1741130169456 514.468889 483
1741130179530 514.58509 484
1741130189624 514.59375 485
1741130199750 514.6021860000001 486
1741130209797 515.772044 487
1741130219846 516.397221 488
1741130231219 516.9592789999999 489
1741130241270 517.3174819999999 490
1741130251845 518.46937 491
1741130261950 519.7724249999999 492
1741130272009 519.7955019999999 493
1741130282200 519.7970170000001 494
1741130293567 519.799231 495
1741130304374 521.084312 496
1741130314639 521.678817 497
1741130324686 522.9452650000001 498
1741130334734 523.375814 499
1741130344771 523.9819540000001 500
1741130354840 524.7635479999999 501
1741130364978 525.133683 502
1741130375029 525.754657 503
1741130385093 526.605853 504
1741130395149 527.0818830000001 505
1741130406369 527.7132019999999 506
1741130416611 528.3079989999999 507
1741130426781 528.8852320000001 508
1741130437007 530.141073 509
1741130447108 530.5312409999999 510
1741130457198 531.951779 511
1741130468403 532.1589019999999 512
1741130478499 532.764355 513
1741130488605 532.8319039999999 514
1741130498935 533.6813669999999 515
1741130509010 534.8539289999999 516
1741130519126 535.9670040000001 517
1741130529164 537.2366790000001 518
1741130539214 538.2389089999999 519
1741130549312 538.692297 520
1741130559364 539.151509 521
1741130569609 539.1529579999999 522
1741130579840 539.818618 523
1741130590051 540.376201 524
1741130600372 541.001172 525
1741130610468 541.749859 526
1741130620595 543.9549239999999 527
1741130630650 544.864374 528
1741130640711 545.4008449999999 529
1741130650831 546.126612 530
1741130660884 547.169081 531
1741130670935 547.723512 532
1741130681035 548.363605 533
1741130691236 548.767646 534
1741130701377 549.4312749999999 535
1741130711740 550.164626 536
1741130721797 550.6069689999999 537
1741130731839 551.662615 538
1741130741944 551.7004469999999 539
1741130751980 553.2800090000001 540
1741130762234 554.03388 541
1741130772322 554.52359 542
1741130783089 554.5243579999999 543
1741130793379 555.2394649999999 544
1741130803836 555.8915569999999 545
1741130814148 557.4745619999999 546
1741130824460 557.763365 547
1741130834760 558.513876 548
1741130844975 559.161535 549
1741130855272 559.921233 550
1741130865553 560.5991220000001 551
1741130875841 561.1011000000001 552
1741130886872 561.6529129999999 553
1741130897369 562.0638449999999 554
1741130907644 562.425532 555
1741130918323 562.9815530000001 556
1741130928597 563.6333629999999 557
1741130940955 564.1507650000001 558
1741130951432 565.027425 559
1741130961793 565.4433240000001 560
1741130972274 565.9678670000001 561
1741130982520 566.357319 562
1741130992787 566.643763 563
1741131003210 566.985066 564
1741131013358 567.305345 565
1741131023621 567.6122680000001 566
1741131034127 568.114926 567
1741131044214 568.5918750000001 568
1741131054276 568.960094 569
1741131064711 569.5885470000001 570
1741131075071 570.2899319999999 571
1741131085738 571.3259199999998 572
1741131095793 572.0012409999999 573
1741131107267 572.681607 574
1741131117661 573.4457520000001 575
1741131127972 573.9315160000001 576
1741131138382 574.7049579999998 577
1741131148885 575.5813979999998 578
1741131159405 576.2011579999999 579
1741131169877 576.5809180000001 580
1741131180196 577.2084159999999 581
1741131190573 578.6786029999998 582
1741131201028 578.916858 583
1741131212502 579.5701159999999 584
1741131223221 580.1232690000002 585
1741131233919 580.6443060000001 586
1741131244470 581.2413379999998 587
1741131256514 581.2973059999999 588
1741131267692 582.2955659999998 589
1741131278267 583.504563 590
1741131288920 583.9172800000001 591
1741131299434 584.4000120000001 592
1741131309919 584.7627790000001 593
1741131320451 585.1791149999999 594
1741131330807 585.5673430000002 595
1741131341290 586.0443679999998 596
1741131351893 586.9447260000002 597
1741131362456 588.2021559999998 598
1741131372553 588.8509319999998 599
1741131382632 589.259708 600
1741131393637 589.9232379999999 601
1741131404493 590.557616 602
1741131415465 591.0032970000002 603
1741131425510 591.652 604
1741131436691 591.6650129999998 605
1741131447400 591.666706 606
1741131457897 591.729245 607
1741131468420 594.2901649999999 608
1741131479014 594.381961 609
1741131489479 594.5838309999999 610
1741131500102 596.88922 611
1741131510689 597.4884259999999 612
1741131521318 598.1018159999999 613
1741131532040 598.4700640000001 614
1741131543532 599.6895890000001 615
1741131554477 600.350199 616
1741131565404 600.758988 617
1741131576436 601.1441559999998 618
1741131587299 602.2846840000002 619
1741131599922 602.9259579999998 620
1741131610648 603.4431300000001 621
1741131621219 603.7889890000001 622
1741131631740 604.3509170000002 623
1741131642356 604.6143739999998 624
1741131653033 605.0059329999999 625
1741131663735 605.446989 626
1741131674319 606.3549029999999 627
1741131685294 607.5177020000001 628
1741131696022 608.5316600000001 629
1741131706078 609.2883750000001 630
1741131716798 610.4375850000001 631
1741131728081 611.380553 632
1741131739116 611.947568 633
1741131750188 612.2628119999999 634
1741131760238 612.5864069999998 635
1741131770286 612.9040949999999 636
1741131780400 613.2591379999999 637
1741131790455 613.8035439999999 638
1741131800768 614.461037 639
1741131811360 615.6392999999998 640
1741131822235 616.2803749999998 641
1741131833098 617.4338320000002 642
1741131843885 618.5776649999998 643
1741131854581 619.06133 644
1741131865313 619.626636 645
1741131875377 619.9943840000001 646
1741131886161 620.5007649999998 647
1741131897446 621.732634 648
1741131908351 622.2792650000001 649
1741131919368 622.8365640000002 650
1741131929456 623.2569170000002 651
1741131939506 623.8822570000002 652
1741131949556 624.6271740000002 653
1741131959671 625.4515879999999 654
1741131970396 625.985075 655
1741131981357 626.5768790000002 656
1741131992274 627.0225970000001 657
1741132003012 627.6625960000001 658
1741132013803 628.1500980000001 659
1741132024755 628.6479469999999 660
1741132035721 629.1844500000002 661
1741132045756 630.0614999999998 662
1741132056885 630.0702259999998 663
1741132068146 630.8433530000002 664
1741132079405 631.3990319999998 665
1741132090847 631.8581389999999 666
1741132100899 632.103787 667
1741132111025 632.7832239999998 668
1741132121068 633.485772 669
1741132131331 634.055828 670
1741132142168 634.407287 671
1741132153155 634.8195390000001 672
1741132164120 635.4087920000002 673
1741132175185 636.3419279999998 674
1741132186081 636.8627040000001 675
1741132197071 637.2697199999998 676
1741132208094 637.8565239999998 677
1741132218182 638.5298790000002 678
1741132229549 639.2225600000002 679
1741132239601 639.8160760000001 680
1741132249875 640.219693 681
1741132261367 640.471333 682
1741132271417 640.9410870000002 683
1741132282837 641.3803079999998 684
1741132293689 642.0181849999999 685
1741132304819 642.6737840000001 686
1741132316133 643.2390009999999 687
1741132327173 643.77468 688
1741132338108 643.9023769999999 689
1741132349224 643.9253629999998 690
1741132360233 643.9363450000001 691
1741132371393 644.173683 692
1741132382408 648.5317530000002 693
1741132392450 650.030338 694
1741132404028 652.2231029999998 695
1741132415460 652.5695479999999 696
1741132426779 652.57825 697
1741132438187 652.6346309999999 698
1741132448233 653.1277690000002 699
1741132458336 653.6515719999998 700
1741132468388 654.1874680000001 701
1741132478865 655.440376 702
1741132490005 655.630827 703
1741132501062 656.1790609999998 704
1741132511971 656.8025029999999 705
1741132523016 657.5494140000001 706
1741132533947 658.4341 707
1741132545035 659.1125729999999 708
1741132556240 660.15384 709
1741132566544 660.7600440000001 710
1741132578046 661.206083 711
1741132588111 661.6033969999999 712
1741132598409 662.1496280000001 713
1741132610177 662.792543 714
1741132620427 663.4816489999998 715
1741132632134 663.8638569999998 716
1741132643262 664.4443609999998 717
1741132654384 665.0113550000001 718
1741132665711 665.9189259999998 719
1741132677033 666.3535860000002 720
1741132688249 667.3909629999998 721
1741132699398 667.6234089999998 722
1741132710600 668.1775419999999 723
1741132721628 668.9174170000001 724
1741132732890 669.478173 725
1741132743218 670.0575509999999 726
1741132753259 670.4688959999999 727
1741132763844 671.990972 728
1741132775419 671.994318 729
1741132785533 673.1812540000001 730
1741132795863 673.2536730000002 731
1741132809119 673.2787789999998 732
1741132820565 674.8581869999998 733
1741132831700 675.363683 734
1741132842819 675.9801779999998 735
1741132854130 676.9420709999999 736
1741132865442 677.5344759999998 737
1741132876708 677.8683070000002 738
1741132887976 677.9311240000002 739
1741132899269 678.498955 740
1741132910491 679.0564570000001 741
1741132920765 680.164812 742
1741132930843 680.4380820000001 743
1741132941528 680.4414280000001 744
1741132953213 680.9882069999999 745
1741132964761 682.1164530000001 746
1741132975066 682.2011339999999 747
1741132986720 682.8083579999998 748
1741132997902 683.3792779999999 749
1741133009141 683.960595 750
1741133020524 684.6974879999998 751
1741133031978 685.310661 752
1741133043217 685.337485 753
1741133054582 685.3644810000001 754
1741133066006 685.3736180000001 755
1741133077427 685.884313 756
1741133088728 686.1057799999999 757
1741133099142 686.2910179999999 758
1741133109212 686.3434910000001 759
1741133120012 686.3746510000001 760
1741133131682 686.444117 761
1741133141759 686.672219 762
1741133152786 686.6954890000002 763
1741133166010 686.6972049999999 764
1741133177310 686.7353779999999 765
1741133188677 686.7369180000001 766
1741133198745 686.7395969999998 767
1741133208812 686.7769410000001 768
1741133219390 686.7835930000001 769
1741133230997 687.094654 770
1741133242353 699.1132729999999 771
1741133254116 704.5401109999998 772
1741133264183 707.6892990000001 773
1741133274743 710.1718940000001 774
1741133285175 712.0504850000002 775
1741133295255 715.253134 776
1741133306668 716.927929 777
1741133318372 718.1392000000001 778
1741133328446 720.0777320000002 779
1741133338574 721.1867050000001 780
1741133349532 722.797611 781
1741133361062 723.4471629999998 782
1741133373121 724.0444480000001 783
1741133383241 725.956197 784
1741133393734 727.0125130000001 785
1741133405218 728.4126470000001 786
1741133416622 729.8061419999999 787
1741133427990 730.82726 788
1741133439367 732.307996 789
1741133450722 733.217693 790
1741133462373 734.2170769999998 791
1741133472488 736.2546280000001 792
1741133483440 736.949474 793
1741133493515 737.5192999999999 794
1741133504303 737.99071 795
1741133514376 739.285265 796
1741133524442 741.256421 797
1741133534568 742.2271989999999 798
1741133544632 742.977515 799
1741133555987 743.4902910000001 800
1741133567650 744.5212470000001 801
1741133579310 745.9564 802
1741133591061 749.3971160000001 803
1741133602612 756.1193360000002 804
1741133614240 758.736645 805
1741133625713 772.8513210000001 806
1741133637494 788.7569910000002 807
1741133648407 791.6554849999998 808
1741133658487 792.6127689999998 809
1741133669871 797.8608060000001 810
1741133679952 800.1137469999999 811
1741133691202 802.7640430000001 812
1741133703150 808.8022390000001 813
1741133716626 814.7910729999999 814
1741133728239 821.8055810000001 815
1741133739947 828.9926879999998 816
1741133751527 833.742236 817
1741133763283 838.538912 818
1741133774781 841.2534850000002 819
1741133786326 847.1246799999999 820
1741133798020 854.3908310000002 821
1741133809720 861.5978089999999 822
1741133821414 864.58196 823
1741133832362 870.22053 824
1741133842439 875.0307579999999 825
1741133854184 879.4903220000001 826
1741133864311 887.1239350000001 827
1741133875630 892.7321339999999 828
1741133885698 898.0839919999999 829
1741133895790 902.573097 830
1741133905858 904.9679409999999 831
1741133917601 907.250669 832
1741133929383 912.4643339999998 833
1741133941175 918.4064560000002 834
1741133952948 919.0638130000002 835
1741133964731 921.070479 836
1741133976352 923.0917199999999 837
1741133987921 924.8820209999999 838
1741133999477 929.6104789999999 839
1741134011195 937.09782 840
1741134021278 940.9452809999998 841
1741134031391 947.1055339999998 842
1741134043249 950.09969 843
1741134053337 955.8304010000002 844
1741134064996 959.2586299999998 845
1741134075959 965.0354120000002 846
1741134087916 969.7830720000002 847
1741134099805 974.9842290000001 848
1741134111535 978.9640169999998 849
1741134123348 981.5644910000001 850
1741134135022 985.5699810000001 851
1741134146790 988.6891540000001 852
1741134158621 995.895454 853
1741134168689 1000.3705810000001 854
1741134178815 1004.0458570000001 855
1741134190230 1005.8537809999998 856
1741134202070 1011.4794860000002 857
1741134212220 1019.1893169999998 858
1741134222279 1024.313604 859
1741134233892 1026.2177780000002 860
1741134243974 1031.4167579999998 861
1741134255734 1037.2882869999999 862
1741134265801 1040.431177 863
1741134275869 1045.3240729999998 864
1741134287402 1052.543634 865
1741134297489 1053.9352210000002 866
1741134307578 1055.0620319999998 867
1741134319014 1058.7975470000001 868
1741134330962 1063.8653949999998 869
1741134342820 1065.922622 870
1741134352883 1069.2944149999998 871
1741134362972 1071.2628209999998 872
1741134374526 1078.724247 873
1741134384607 1088.41034 874
1741134394667 1093.941406 875
1741134406472 1098.1522639999998 876
1741134416542 1109.009364 877
1741134426597 1114.322145 878
1741134437803 1118.660961 879
1741134447882 1122.0246849999999 880
1741134457944 1128.616528 881
1741134468494 1133.5232339999998 882
1741134480500 1135.039104 883
1741134492376 1136.9648280000001 884
1741134502439 1139.2330200000001 885
1741134516191 1142.5099409999998 886
1741134528117 1152.299039 887
1741134538182 1155.964899 888
1741134548256 1159.3235490000002 889
1741134560181 1163.7118209999999 890
1741134572077 1170.3334570000002 891
1741134583408 1177.047336 892
1741134593489 1180.542828 893
1741134603584 1181.6374380000002 894
1741134615013 1183.926688 895
1741134625079 1187.138317 896
1741134635157 1190.766403 897
1741134645270 1194.212012 898
1741134655333 1197.7127649999998 899
1741134666246 1200.990455 900
1741134676391 1205.756002 901
1741134686549 1209.6233160000002 902
1741134696606 1212.881195 903
1741134706712 1215.604894 904
1741134718665 1217.8633140000002 905
1741134728737 1220.6420269999999 906
1741134738844 1222.8323329999998 907
1741134750873 1224.658907 908
1741134760937 1226.0788929999999 909
1741134771342 1228.345585 910
1741134781467 1231.423917 911
1741134791535 1233.6032180000002 912
1741134801616 1236.245092 913
1741134813457 1238.0694039999998 914
1741134823511 1242.4268040000002 915
1741134834770 1244.926043 916
1741134847003 1249.603247 917
1741134859028 1253.3809580000002 918
1741134869231 1257.313176 919
1741134879289 1264.187085 920
1741134889342 1266.1985599999998 921
1741134899547 1270.3311050000002 922
1741134909626 1275.5751970000001 923
1741134919707 1281.5511860000001 924
1741134931696 1283.607356 925
1741134941781 1285.1640040000002 926
1741134952002 1287.464067 927
1741134964124 1291.9040599999998 928
1741134974214 1295.1396289999998 929
1741134984269 1300.365006 930
1741134994386 1305.72237 931
1741135004542 1306.563231 932
1741135016246 1307.8340779999999 933
1741135027643 1313.3782350000001 934
1741135039822 1315.227816 935
1741135049928 1321.0131430000001 936
1741135060305 1326.181631 937
1741135070394 1330.596208 938
1741135081206 1332.2676499999998 939
1741135091285 1334.298643 940
1741135101413 1337.8731939999998 941
1741135113496 1343.066992 942
1741135123579 1347.5226750000002 943
1741135134083 1351.115488 944
1741135144209 1356.302208 945
1741135154592 1359.4877999999999 946
1741135165536 1364.204272 947
1741135175630 1366.6262259999999 948
1741135185714 1367.2747100000001 949
1741135195785 1368.1837890000002 950
1741135205832 1368.905147 951
1741135217846 1369.930315 952
1741135227907 1370.866615 953
1741135239115 1371.8185010000002 954
1741135249192 1374.942383 955
1741135260584 1377.0128719999998 956
1741135270677 1378.6124639999998 957
1741135282029 1379.886321 958
1741135292084 1380.936619 959
1741135302585 1381.7352930000002 960
1741135312668 1383.149026 961
1741135322965 1384.696231 962
1741135333047 1386.8559999999998 963
1741135343510 1387.794848 964
1741135356108 1388.716857 965
1741135366201 1390.3353499999998 966
1741135376276 1392.234163 967
1741135386366 1393.5735289999998 968
1741135396435 1394.685137 969
1741135406516 1395.872508 970
1741135418401 1396.9117150000002 971
1741135428506 1398.774266 972
1741135438570 1400.1520649999998 973
1741135449037 1400.9604989999998 974
1741135459097 1401.75396 975
1741135469796 1402.6535130000002 976
1741135479845 1403.3454149999998 977
1741135490880 1406.482942 978
1741135500970 1407.4185590000002 979
1741135511216 1408.249217 980
1741135521293 1409.2408059999998 981
1741135531897 1410.6384950000001 982
1741135541975 1411.279392 983
1741135552730 1412.271386 984
1741135562796 1413.573344 985
1741135572860 1416.0987690000002 986
1741135582947 1418.7153170000001 987
1741135593012 1420.8054339999999 988
1741135603111 1422.2537349999998 989
1741135613183 1423.0452500000001 990
1741135623257 1424.512083 991
1741135634066 1425.136539 992
1741135644140 1426.3980769999998 993
1741135654804 1427.5042279999998 994
1741135664870 1429.1638870000002 995
1741135675582 1430.9027350000001 996
1741135685705 1431.755705 997
1741135696453 1432.3632630000002 998
1741135706546 1433.040414 999
1741135717493 1433.9899649999998 1000
1741135727560 1434.7628060000002 1001
1741135738490 1435.4135110000002 1002
1741135751261 1440.920189 1003
1741135761348 1441.975343 1004
1741135771421 1442.5328100000002 1005
1741135781495 1442.9824749999998 1006
1741135791576 1444.181419 1007
1741135801642 1447.078168 1008
1741135811733 1449.116216 1009
1741135821798 1450.6767530000002 1010
1741135832633 1453.480161 1011
1741135842709 1455.894323 1012
1741135853421 1457.398596 1013
1741135863502 1459.7260459999998 1014
1741135874264 1461.741255 1015
1741135884337 1468.2856120000001 1016
1741135894896 1472.813279 1017
1741135904952 1473.57233 1018
1741135915808 1474.4755180000002 1019
1741135925868 1475.386258 1020
1741135936594 1476.4943709999998 1021
1741135949502 1478.793162 1022
1741135959685 1481.7988420000001 1023
1741135969784 1483.080801 1024
1741135979847 1485.61951 1025
1741135989923 1487.7944899999998 1026
1741136000000 1490.0068929999998 1027
1741136010092 1490.630603 1028
1741136020166 1491.605275 1029
1741136031679 1493.437875 1030
1741136041741 1495.052807 1031
1741136052516 1496.0037630000002 1032
1741136062591 1498.359446 1033
1741136073478 1501.6966400000001 1034
1741136083560 1504.3290080000002 1035
1741136094767 1506.9002759999998 1036
1741136104840 1509.987579 1037
1741136115543 1510.779129 1038
1741136125613 1513.509007 1039
1741136136400 1515.614388 1040
1741136149284 1521.8621210000001 1041
1741136159765 1531.280691 1042
1741136170055 1535.435817 1043
1741136180272 1539.3765640000001 1044
1741136190456 1541.9149499999999 1045
1741136200700 1541.918423 1046
1741136210787 1544.1377109999999 1047
1741136220859 1545.9982960000002 1048
1741136230925 1548.8136089999998 1049
1741136241871 1549.4292 1050
1741136251927 1552.72159 1051
1741136263268 1552.733302 1052
1741136273325 1553.864326 1053
1741136284818 1555.247692 1054
1741136294861 1556.340431 1055
1741136306259 1557.8643160000001 1056
1741136316380 1559.428531 1057
1741136327390 1561.012366 1058
1741136337429 1565.783918 1059
1741136348525 1568.4804629999999 1060
1741136359819 1572.8532650000002 1061
1741136370649 1576.2910809999998 1062
1741136380987 1579.091227 1063
1741136391516 1581.653519 1064
1741136402069 1584.838624 1065
1741136412420 1585.9155540000002 1066
1741136427322 1587.1663440000002 1067
1741136437477 1589.82195 1068
1741136448883 1594.2365020000002 1069
1741136458960 1596.5582100000001 1070
1741136469973 1599.524446 1071
1741136480071 1601.6453740000002 1072
1741136490986 1604.3258810000002 1073
1741136501066 1605.2443779999999 1074
1741136512109 1607.051144 1075
1741136522177 1608.270226 1076
1741136533300 1614.4631060000002 1077
1741136543367 1616.7395729999998 1078
1741136553617 1619.213788 1079
1741136563801 1622.8836019999999 1080
1741136573993 1624.487431 1081
1741136584129 1626.2260179999998 1082
1741136594288 1628.493466 1083
1741136604763 1630.0596609999998 1084
1741136614838 1631.1359269999998 1085
1741136626827 1632.7641170000002 1086
1741136636899 1637.352155 1087
1741136647963 1639.8278999999998 1088
1741136658044 1641.3029609999999 1089
1741136669073 1642.802776 1090
1741136679142 1645.0160970000002 1091
1741136690210 1647.142144 1092
1741136700283 1647.9604960000001 1093
1741136711471 1647.9676410000002 1094
1741136721608 1650.7884239999998 1095
1741136732590 1652.817087 1096
1741136745474 1655.302655 1097
1741136755785 1657.357892 1098
1741136765937 1660.1227 1099
1741136776259 1662.057283 1100
1741136786539 1664.684342 1101
1741136796784 1669.2021829999999 1102
1741136806843 1670.336703 1103
1741136818205 1671.410547 1104
1741136828308 1672.392499 1105
1741136839421 1673.658363 1106
1741136849502 1674.1264350000001 1107
1741136860804 1674.9016769999998 1108
1741136870892 1675.7762050000001 1109
1741136881996 1677.233346 1110
1741136892082 1679.146295 1111
1741136903713 1680.664464 1112
1741136913789 1682.131438 1113
1741136925096 1683.4925130000001 1114
1741136935168 1685.524035 1115
1741136945710 1687.157874 1116
1741136956092 1689.139706 1117
1741136966748 1690.757518 1118
1741136977263 1693.1409250000002 1119
1741136987680 1697.665489 1120
1741136998119 1708.4903559999998 1121
1741137008197 1713.966383 1122
1741137020175 1715.1518809999998 1123
1741137030244 1717.541424 1124
1741137041846 1721.992526 1125
1741137051910 1724.269879 1126
1741137063349 1725.819607 1127
1741137073416 1726.8350719999999 1128
1741137085187 1728.6079570000002 1129
1741137095256 1730.2177700000002 1130
1741137106518 1730.6641100000002 1131
1741137116587 1731.861414 1132
1741137128013 1733.860157 1133
1741137140911 1735.346943 1134
1741137151370 1736.438998 1135
1741137161753 1737.894416 1136
1741137172318 1739.332523 1137
1741137182921 1741.1709569999998 1138
1741137193272 1744.537671 1139
1741137203367 1745.957614 1140
1741137214801 1746.951238 1141
1741137224867 1748.973531 1142
1741137236700 1752.335556 1143
1741137246843 1759.802045 1144
1741137258224 1767.4156509999998 1145
1741137268288 1775.339466 1146
1741137279863 1780.5623679999999 1147
1741137289935 1784.3698140000001 1148
1741137301575 1786.75817 1149
1741137311647 1789.00018 1150
1741137323339 1793.069657 1151
1741137333382 1795.252137 1152
1741137344220 1796.0178070000002 1153
1741137354686 1799.0364949999998 1154
1741137364982 1800.726337 1155
1741137375529 1805.085426 1156
1741137386045 1810.400549 1157
1741137396592 1817.467471 1158
1741137406672 1826.203633 1159
1741137416753 1829.725814 1160
1741137428030 1830.223877 1161
1741137438094 1831.502786 1162
1741137449945 1833.273525 1163
1741137460024 1846.203176 1164
1741137471728 1846.3796320000001 1165
1741137481806 1847.972597 1166
1741137493448 1848.7013900000002 1167
1741137503589 1848.915066 1168
1741137515165 1848.9410939999998 1169
1741137525231 1848.944074 1170
1741137536579 1848.9648240000001 1171
1741137548618 1851.706154 1172
1741137559315 1854.1701629999998 1173
1741137570154 1857.0336269999998 1174
1741137580906 1859.9896939999999 1175
1741137591442 1863.2629889999998 1176
1741137601763 1866.9522769999999 1177
1741137616786 1870.041276 1178
1741137626849 1872.0055699999998 1179
1741137638705 1873.745058 1180
1741137648784 1884.6286300000002 1181
1741137660816 1886.3565629999998 1182
1741137670873 1888.5148399999998 1183
1741137682927 1896.325046 1184
1741137693026 1907.7499739999998 1185
1741137703095 1907.773557 1186
1741137713166 1907.782956 1187
1741137723233 1907.7912000000001 1188
1741137735424 1907.8037989999998 1189
1741137748825 1907.873564 1190
1741137759346 1908.1609250000001 1191
1741137770220 1908.504845 1192
1741137780882 1909.1057110000002 1193
1741137792600 1913.7054739999999 1194
1741137803153 1921.261188 1195
1741137813214 1924.128561 1196
1741137825280 1926.6791520000002 1197
1741137835352 1930.5460520000001 1198
1741137847514 1934.887056 1199
1741137857566 1938.0104929999998 1200
1741137869340 1942.167691 1201
1741137879454 1945.5569030000001 1202
1741137891261 1948.627273 1203
1741137901332 1952.246212 1204
1741137913435 1954.658442 1205
1741137923580 1960.5995670000002 1206
1741137935394 1968.240762 1207
1741137945472 1974.381804 1208
1741137957103 1979.00029 1209
1741137967885 1980.7773240000001 1210
1741137978624 1982.0717319999999 1211
1741137989462 1982.7024390000001 1212
1741138000543 1984.2870360000002 1213
1741138011400 1988.0936579999998 1214
1741138021478 1989.9321019999998 1215
1741138031557 1992.370879 1216
1741138043404 1994.43687 1217
1741138053470 1999.4277379999999 1218
1741138065509 2001.4407740000001 1219
1741138075583 2005.318361 1220
1741138087912 2010.0480699999998 1221
1741138097964 2019.1077300000002 1222
1741138110121 2023.1609709999998 1223
1741138120231 2026.2574319999999 1224
1741138132456 2028.7324899999999 1225
1741138142533 2032.3072200000001 1226
1741138154645 2035.1032059999998 1227
1741138166898 2036.6606499999998 1228
1741138177689 2043.291157 1229
1741138188464 2045.3334 1230
1741138199089 2045.437332 1231
1741138209895 2045.662475 1232
1741138220320 2046.156105 1233
1741138230394 2058.996086 1234
1741138240499 2060.961067 1235
1741138250579 2063.282187 1236
1741138262472 2064.606484 1237
1741138272556 2066.111082 1238
1741138284799 2067.752001 1239
1741138294864 2069.373948 1240
1741138307076 2071.330506 1241
1741138317143 2072.187439 1242
1741138329554 2074.47474 1243
1741138339634 2075.967071 1244
1741138349692 2077.400694 1245
1741138360565 2079.18219 1246
1741138372793 2080.560634 1247
1741138383691 2082.757508 1248
1741138394728 2083.39494 1249
1741138405520 2085.122476 1250
1741138416511 2086.729801 1251
1741138427260 2088.764953 1252
1741138437344 2090.310018 1253
1741138447485 2091.842112 1254
1741138457557 2092.999167 1255
1741138467612 2094.659764 1256
1741138477655 2096.473505 1257
1741138490062 2097.810543 1258
1741138500742 2097.8321 1259
1741138510864 2097.905088 1260
1741138523138 2106.405729 1261
1741138533260 2106.447198 1262
1741138543384 2106.469913 1263
1741138555515 2106.5663329999998 1264
1741138565648 2106.679012 1265
1741138578204 2106.685556 1266
1741138589434 2107.651289 1267
1741138600285 2107.665873 1268
1741138611110 2116.058148 1269
1741138621967 2116.839888 1270
1741138632799 2134.153255 1271
1741138642919 2151.593239 1272
1741138654985 2159.98721 1273
1741138665114 2160.259884 1274
1741138677448 2160.362355 1275
1741138687579 2161.4502469999998 1276
1741138699944 2170.912221 1277
1741138710112 2171.138602 1278
1741138720256 2171.451753 1279
1741138730311 2171.499549 1280
1741138740440 2171.515753 1281
1741138750679 2171.548719 1282
1741138760790 2171.556207 1283
1741138773984 2171.567329 1284
1741138785570 2171.5972229999998 1285
1741138797017 2171.616238 1286
1741138808122 2171.665989 1287
1741138818901 2173.287441 1288
1741138829928 2174.529734 1289
1741138841039 2177.8747 1290
1741138852069 2179.648756 1291
1741138862233 2187.223492 1292
1741138874598 2189.621453 1293
1741138884728 2189.789882 1294
1741138894861 2190.800256 1295
1741138906503 2190.823674 1296
1741138916640 2196.661382 1297
1741138929161 2196.728826 1298
1741138939291 2196.764715 1299
1741138949442 2204.471833 1300
1741138961015 2206.19271 1301
1741138971078 2207.667671 1302
1741138981199 2216.0139599999998 1303
1741138992944 2216.178767 1304
1741139008138 2226.364283 1305
1741139020278 2228.043921 1306
1741139032110 2229.760736 1307
1741139044026 2230.767027 1308
1741139055433 2231.347221 1309
1741139067352 2232.734722 1310
1741139077657 2233.995645 1311
1741139091252 2235.262112 1312
1741139101857 2236.558058 1313
1741139112007 2237.3848669999998 1314
1741139124551 2237.969953 1315
1741139134661 2239.189121 1316
1741139144768 2240.346363 1317
1741139156533 2241.670775 1318
1741139166669 2243.456222 1319
1741139176785 2244.578711 1320
1741139188761 2245.348439 1321
1741139198902 2246.237467 1322
1741139208971 2247.622279 1323
1741139220828 2254.566888 1324
1741139233375 2262.816699 1325
1741139244530 2265.918243 1326
1741139255655 2267.118592 1327
1741139266850 2268.448462 1328
1741139278245 2275.782686 1329
1741139291346 2276.968273 1330
1741139304421 2277.227559 1331
1741139314541 2286.826488 1332
1741139324657 2286.881696 1333
1741139336828 2286.907556 1334
1741139346965 2287.111959 1335
1741139357094 2287.192332 1336
1741139369004 2287.272209 1337
1741139379141 2287.400945 1338
1741139389217 2287.422415 1339
1741139401014 2287.42601 1340
1741139411124 2287.56631 1341
1741139421251 2287.604129 1342
1741139432717 2287.623596 1343
1741139442836 2287.668627 1344
1741139453079 2290.742706 1345
1741139464402 2292.309678 1346
1741139475666 2302.125016 1347
1741139487078 2310.3825 1348
1741139498235 2314.635512 1349
1741139508301 2316.08717 1350
1741139518421 2318.55699 1351
1741139530785 2321.594442 1352
1741139540909 2325.359057 1353
1741139551034 2325.792995 1354
1741139563092 2325.808387 1355
1741139573161 2326.680193 1356
1741139583308 2326.762411 1357
1741139596054 2326.766423 1358
1741139606519 2326.786198 1359
1741139616664 2326.933207 1360
1741139626749 2326.934625 1361
1741139636844 2326.948242 1362
1741139647019 2326.95126 1363
1741139657851 2328.227635 1364
1741139667942 2328.240333 1365
1741139680889 2328.249345 1366
1741139696388 2328.267857 1367
1741139706531 2349.109656 1368
1741139717751 2350.935457 1369
1741139730450 2354.286304 1370
1741139740516 2355.666703 1371
1741139750597 2357.275572 1372
1741139760683 2357.277884 1373
1741139770756 2357.298365 1374
1741139780890 2357.358226 1375
1741139790968 2357.3648279999998 1376
1741139801046 2357.529275 1377
1741139811134 2357.557942 1378
1741139821232 2357.561 1379
1741139831306 2358.433872 1380
1741139841443 2362.788153 1381
1741139851567 2366.96343 1382
1741139861725 2370.178952 1383
1741139871806 2374.179826 1384
1741139881978 2376.4397559999998 1385
1741139894613 2381.411265 1386
1741139906027 2383.665819 1387
1741139918178 2384.031627 1388
1741139930197 2384.823295 1389
1741139942089 2385.076319 1390
1741139953959 2385.563686 1391
1741139964091 2385.59194 1392
1741139977321 2385.5951489999998 1393
1741139987403 2386.967777 1394
1741139997527 2386.972192 1395
1741140009960 2387.135817 1396
1741140020084 2390.693879 1397
1741140030202 2390.710514 1398
1741140040337 2390.785612 1399
1741140052473 2391.556709 1400
1741140062609 2392.700934 1401
1741140072759 2392.735013 1402
1741140082887 2396.400844 1403
1741140095243 2400.905477 1404
1741140105410 2405.111956 1405
1741140115495 2408.337426 1406
1741140126045 2409.219007 1407
1741140137969 2409.736477 1408
1741140149441 2414.210604 1409
1741140160834 2414.690374 1410
1741140172206 2417.521439 1411
1741140182392 2432.649222 1412
1741140195454 2434.745161 1413
1741140205601 2439.767466 1414
1741140215750 2441.590365 1415
1741140228314 2446.306501 1416
1741140238451 2448.437199 1417
1741140248584 2451.085208 1418
1741140258707 2451.700821 1419
1741140270655 2452.995797 1420
1741140280770 2457.229743 1421
1741140290847 2458.828708 1422
1741140300987 2481.061805 1423
1741140313330 2483.399419 1424
1741140323453 2484.94271 1425
1741140333594 2485.522294 1426
1741140344240 2488.780914 1427
1741140356018 2489.813605 1428
1741140367637 2493.837299 1429
1741140379340 2494.068469 1430
1741140390699 2497.056208 1431
1741140400846 2504.688778 1432
1741140413829 2508.238514 1433
1741140423947 2510.627783 1434
1741140434062 2512.182248 1435
1741140444187 2514.051539 1436
1741140456836 2516.88389 1437
1741140466928 2519.31387 1438
1741140477057 2519.937781 1439
1741140487173 2522.701445 1440
1741140499344 2523.104172 1441
1741140509488 2523.129525 1442
1741140519628 2523.15954 1443
1741140529698 2523.234054 1444
1741140542060 2523.353434 1445
1741140552203 2523.598882 1446
1741140563768 2523.811064 1447
1741140575815 2525.940504 1448
1741140587272 2526.332171 1449
1741140599015 2526.910817 1450
1741140610567 2530.036517 1451
1741140620807 2533.340229 1452
1741140634232 2534.848132 1453
1741140644367 2538.909843 1454
1741140654450 2539.760428 1455
1741140664586 2540.672142 1456
1741140676872 2543.795626 1457
1741140687019 2545.904407 1458
1741140697171 2547.185418 1459
1741140709796 2550.604433 1460
1741140719937 2552.359404 1461
1741140730083 2554.91492 1462
1741140740235 2556.898846 1463
1741140752533 2558.971278 1464
1741140762691 2566.847635 1465
1741140772755 2570.0776769999998 1466
1741140783551 2576.100678 1467
1741140795571 2581.596649 1468
1741140807342 2583.341924 1469
1741140819076 2586.743116 1470
1741140830928 2589.006328 1471
1741140841184 2593.023597 1472
1741140854627 2598.096717 1473
1741140864775 2600.662424 1474
1741140874947 2603.509536 1475
1741140885110 2605.230753 1476
1741140897319 2605.898714 1477
1741140907477 2606.190376 1478
1741140917629 2606.356473 1479
1741140927804 2607.139145 1480
1741140939915 2607.571801 1481
1741140949978 2609.562 1482
1741140960122 2610.4801469999998 1483
1741140970292 2610.544465 1484
1741140982744 2614.9567739999998 1485
1741140992921 2621.237018 1486
1741141004620 2626.1432160000004 1487
1741141016344 2629.5625899999995 1488
1741141028224 2631.99949 1489
1741141040078 2632.051617 1490
1741141051912 2632.0554819999998 1491
1741141062233 2633.6589670000003 1492
1741141077063 2643.591891 1493
1741141087240 2647.538573 1494
1741141097400 2649.4161910000003 1495
1741141107573 2653.9878200000003 1496
1741141117721 2656.738915 1497
1741141130792 2656.758476 1498
1741141143083 2657.5119999999997 1499
1741141155183 2657.6169680000003 1500
1741141167152 2658.582931 1501
1741141178279 2662.738526 1502
1741141189014 2666.307841 1503
1741141199930 2669.0537080000004 1504
1741141210111 2673.4820069999996 1505
1741141220229 2677.145603 1506
1741141230656 2682.907883 1507
1741141243277 2686.729244 1508
1741141256362 2690.599521 1509
1741141266511 2692.7802220000003 1510
1741141277915 2696.0285839999997 1511
1741141290518 2698.8834909999996 1512
1741141305152 2700.1538570000002 1513
1741141320272 2701.3205310000003 1514
1741141330787 2702.4818569999998 1515
1741141340894 2703.1800299999995 1516
1741141351051 2708.36783 1517
1741141361107 2714.073268 1518
1741141371168 2714.73917 1519
1741141381315 2717.281417 1520
1741141393642 2718.667533 1521
1741141403740 2720.946898 1522
1741141413856 2722.588385 1523
1741141423946 2724.1469429999997 1524
1741141434036 2725.989453 1525
1741141444165 2727.801472 1526
1741141456762 2729.973629 1527
1741141466849 2732.2147240000004 1528
1741141478523 2734.2113980000004 1529
1741141490751 2735.7192999999997 1530
1741141502580 2737.732502 1531
1741141514457 2740.9416760000004 1532
1741141526366 2742.5122840000004 1533
1741141536454 2744.9316959999996 1534
1741141546896 2745.9855749999997 1535
1741141557144 2748.9409450000003 1536
1741141567231 2750.1977749999996 1537
1741141577365 2751.8555619999997 1538
1741141587444 2753.0533299999997 1539
1741141597527 2754.372625 1540
1741141607674 2755.0256550000004 1541
1741141620202 2755.043267 1542
1741141630290 2755.2678690000002 1543
1741141640374 2760.6589160000003 1544
1741141650457 2769.5675819999997 1545
1741141660532 2769.581085 1546
1741141670665 2769.586967 1547
1741141683297 2769.6197110000003 1548
1741141693378 2770.801383 1549
1741141705331 2770.8044069999996 1550
1741141717418 2772.34725 1551
1741141729508 2773.9074259999998 1552
1741141741473 2774.062156 1553
1741141753778 2774.1741970000003 1554
1741141763870 2774.2108369999996 1555
1741141774019 2774.218562 1556
1741141784085 2774.2253010000004 1557
1741141794178 2774.229606 1558
1741141804318 2777.444853 1559
1741141814379 2779.529324 1560
1741141824467 2780.4482470000003 1561
1741141834592 2782.054712 1562
1741141844652 2784.5161609999996 1563
1741141854719 2785.0486300000002 1564
1741141864803 2785.9300839999996 1565
1741141875049 2786.6318650000003 1566
1741141885136 2787.6850670000003 1567
1741141895282 2788.299857 1568
1741141905603 2789.242682 1569
1741141916136 2789.956069 1570
1741141927035 2790.952685 1571
1741141937110 2791.8185000000003 1572
1741141949492 2792.5452809999997 1573
1741141962477 2793.19852 1574
1741141972593 2794.239681 1575
1741141984397 2795.1919749999997 1576
1741141999041 2795.9102599999997 1577
1741142015039 2797.0166900000004 1578
1741142025844 2799.293611 1579
1741142036291 2800.639634 1580
1741142047116 2801.530508 1581
1741142058342 2802.3350769999997 1582
1741142070019 2802.6275459999997 1583
1741142081576 2803.4951650000003 1584
1741142093131 2805.888017 1585
1741142103307 2806.244772 1586
1741142113383 2812.6424020000004 1587
1741142123447 2822.792235 1588
1741142133597 2823.027204 1589
1741142143652 2823.0650219999998 1590
1741142153723 2823.0795179999996 1591
1741142168581 2825.3336769999996 1592
1741142180807 2826.9477100000004 1593
1741142192925 2829.5921390000003 1594
1741142205150 2830.961381 1595
1741142217797 2832.903211 1596
1741142230037 2835.3004170000004 1597
1741142240842 2836.9332400000003 1598
1741142255766 2839.200581 1599
1741142265847 2840.4828209999996 1600
1741142275937 2842.9799890000004 1601
1741142286080 2844.870232 1602
1741142296175 2847.623947 1603
1741142306265 2848.7017459999997 1604
1741142316318 2851.2662 1605
1741142326374 2852.3852420000003 1606
1741142336445 2853.106334 1607
1741142346540 2853.5720890000002 1608
1741142356672 2854.326672 1609
1741142366739 2855.194316 1610
1741142376841 2855.2917159999997 1611
1741142386900 2855.3072970000003 1612
1741142400546 2857.7062130000004 1613
1741142413296 2860.879358 1614
1741142425777 2863.326362 1615
1741142437917 2865.95835 1616
1741142450034 2866.1543920000004 1617
1741142462242 2869.3728300000002 1618
1741142473165 2869.764042 1619
1741142487244 2881.4283889999997 1620
1741142497331 2886.952255 1621
1741142507417 2887.3112490000003 1622
1741142517505 2887.6615220000003 1623
1741142527593 2889.106876 1624
1741142537765 2889.138314 1625
1741142548373 2889.209592 1626
1741142559871 2889.2655750000004 1627
1741142571379 2889.3125870000003 1628
1741142582594 2889.3526760000004 1629
1741142593525 2889.3804579999996 1630
1741142604798 2889.3850919999995 1631
1741142616554 2889.428774 1632
1741142627923 2889.5128000000004 1633
1741142638200 2889.5303750000003 1634
1741142649376 2889.551324 1635
1741142659582 2889.557001 1636
1741142671956 2889.5728120000003 1637
1741142682092 2889.5766000000003 1638
1741142694212 2889.57935 1639
1741142704340 2889.5810069999998 1640
1741142716451 2889.609835 1641
1741142726576 2889.611196 1642
1741142738754 2889.6218900000003 1643
1741142749515 2889.631587 1644
1741142760319 2889.6638569999996 1645
1741142771840 2889.919245 1646
1741142782557 2889.96706 1647
1741142793800 2889.989135 1648
1741142805077 2890.0517040000004 1649
1741142816011 2890.0712729999996 1650
1741142827256 2890.2072829999997 1651
1741142838383 2890.4327460000004 1652
1741142849232 2890.53493 1653
1741142859695 2890.557401 1654
1741142870976 2890.563241 1655
1741142882247 2891.072827 1656
1741142893079 2891.374831 1657
1741142904265 2891.4168849999996 1658
1741142914383 2891.46145 1659
1741142927423 2891.5259530000003 1660
1741142937499 2891.5578720000003 1661
1741142949625 2891.583603 1662
1741142962561 2891.6225670000003 1663
1741142975576 2891.66601 1664
1741142985665 2891.7232029999996 1665
1741142998641 2891.7751639999997 1666
1741143008830 2891.913069 1667
1741143019154 2891.9299300000002 1668
1741143030388 2891.933037 1669
1741143041000 2892.277132 1670
1741143051547 2892.5328959999997 1671
1741143061867 2892.557304 1672
1741143072300 2892.5809419999996 1673
1741143082748 2892.5974340000002 1674
1741143093534 2892.626504 1675
1741143104125 2892.6780449999997 1676
1741143114453 2892.723161 1677
1741143125265 2892.779085 1678
1741143136022 2892.8222939999996 1679
1741143148075 2892.895829 1680
1741143161120 2893.4471809999995 1681
1741143173918 2893.623503 1682
1741143186794 2893.6919479999997 1683
1741143199768 2893.747963 1684
1741143212705 2893.773714 1685
1741143224895 2893.803374 1686
1741143240837 2894.008608 1687
1741143251475 2894.0485580000004 1688
1741143261813 2894.0548989999998 1689
1741143272285 2894.0632859999996 1690
1741143282561 2894.1689239999996 1691
1741143292958 2894.178661 1692
1741143303220 2894.1901669999997 1693
1741143313686 2894.224574 1694
1741143324092 2894.244512 1695
1741143335765 2894.263882 1696
1741143346746 2895.8087029999997 1697
1741143357252 2895.840878 1698
1741143367631 2895.880588 1699
1741143378377 2895.938118 1700
1741143389267 2896.016401 1701
1741143400077 2896.0976929999997 1702
1741143412957 2896.120175 1703
1741143423063 2896.16287 1704
1741143435511 2896.2225930000004 1705
1741143448595 2896.238161 1706
1741143462016 2896.2903850000002 1707
1741143474144 2896.380016 1708
1741143490380 2896.520308 1709
1741143501229 2896.7920240000003 1710
1741143512028 2896.913598 1711
1741143522982 2897.0221840000004 1712
1741143533774 2897.1299740000004 1713
1741143544190 2897.1938950000003 1714
1741143555297 2897.237285 1715
1741143565965 2897.266756 1716
1741143576731 2897.27917 1717
1741143587135 2897.2951009999997 1718
1741143597629 2897.310002 1719
1741143608508 2897.3130090000004 1720
1741143619074 2897.375102 1721
1741143629982 2897.4301640000003 1722
1741143640938 2897.4404910000003 1723
1741143651758 2897.6601279999995 1724
1741143661854 2897.705258 1725
1741143673714 2897.755293 1726
1741143686496 2903.0438830000003 1727
1741143699347 2905.059827 1728
1741143709428 2906.881891 1729
1741143721360 2907.27642 1730
1741143731470 2907.315754 1731
1741143741697 2907.361863 1732
1741143751786 2907.398819 1733
1741143761866 2907.4628869999997 1734
1741143772428 2907.7813610000003 1735
1741143782838 2907.835202 1736
1741143793623 2907.8594460000004 1737
1741143804186 2907.9266930000003 1738
1741143815247 2907.9386539999996 1739
1741143825663 2908.0536730000003 1740
1741143836720 2909.071027 1741
1741143847640 2910.691172 1742
1741143858942 2912.450868 1743
1741143870353 2913.925238 1744
1741143881508 2915.0733410000003 1745
1741143892313 2916.1568509999997 1746
1741143903478 2917.341896 1747
1741143913570 2918.3969479999996 1748
1741143925874 2919.106388 1749
1741143935959 2919.8079260000004 1750
1741143948875 2921.663076 1751
1741143958958 2923.6181420000003 1752
1741143971526 2924.491873 1753
1741143981633 2924.974158 1754
1741143996374 2925.4259439999996 1755
1741144007223 2926.8518489999997 1756
1741144018162 2927.474779 1757
1741144029271 2928.352197 1758
1741144040287 2929.51231 1759
1741144052400 2930.52408 1760
1741144064066 2931.5072120000004 1761
1741144075018 2934.6582019999996 1762
1741144085676 2935.3405139999995 1763
1741144096878 2936.010633 1764
1741144107769 2937.018801 1765
1741144119053 2938.474454 1766
1741144130084 2939.9321360000004 1767
1741144141327 2940.860253 1768
1741144152225 2942.3226189999996 1769
1741144163807 2944.583039 1770
1741144173899 2946.8201929999996 1771
1741144183988 2949.041945 1772
1741144197285 2950.5831630000002 1773
1741144207455 2953.0364010000003 1774
1741144219893 2953.9954639999996 1775
1741144230005 2956.2675950000003 1776
1741144240416 2956.7499989999997 1777
1741144256045 2960.928532 1778
1741144266829 2963.97724 1779
1741144277778 2965.3387119999998 1780
1741144288592 2967.2053260000002 1781
1741144299325 2968.8191129999996 1782
1741144310482 2969.4037399999997 1783
1741144321733 2970.490406 1784
1741144332957 2971.269856 1785
1741144344202 2972.4167289999996 1786
1741144356033 2973.8744720000004 1787
1741144368182 2975.0810650000003 1788
1741144379117 2976.08885 1789
1741144389935 2977.057119 1790
1741144400598 2977.7240760000004 1791
1741144411260 2979.131451 1792
1741144422593 2979.8906660000002 1793
1741144432690 2980.7582140000004 1794
1741144445153 2981.570463 1795
1741144455259 2983.3112680000004 1796
1741144467743 2983.9043300000003 1797
1741144477908 2984.9172470000003 1798
1741144490068 2986.24798 1799
1741144500131 2987.3370429999995 1800
1741144511759 2987.878025 1801
1741144522353 2990.7858960000003 1802
1741144532938 3002.8340829999997 1803
1741144543554 3003.470588 1804
1741144553883 3003.4927740000003 1805
1741144564323 3003.5328950000003 1806
1741144575018 3004.4277009999996 1807
1741144585395 3006.8859190000003 1808
1741144595868 3009.3640050000004 1809
1741144606412 3010.133285 1810
1741144616897 3020.581883 1811
1741144627395 3020.9977440000002 1812
1741144638021 3021.142728 1813
1741144648436 3023.4306559999995 1814
1741144658806 3024.6028159999996 1815
1741144669551 3029.026428 1816
1741144679646 3029.523722 1817
1741144691794 3031.315705 1818
1741144701872 3033.7503800000004 1819
1741144713739 3037.01862 1820
1741144723833 3037.6666400000004 1821
1741144735823 3039.0258489999997 1822
1741144745906 3040.2871210000003 1823
1741144759116 3041.79212 1824
1741144770164 3043.1133200000004 1825
1741144780730 3044.476038 1826
1741144791389 3044.9718380000004 1827
1741144802541 3046.2973949999996 1828
1741144813532 3047.1797210000004 1829
1741144824768 3048.547918 1830
1741144836237 3049.5292390000004 1831
1741144847801 3050.8499519999996 1832
1741144858740 3051.8211300000003 1833
1741144870026 3053.516433 1834
1741144881352 3054.214624 1835
1741144892647 3057.41085 1836
1741144904108 3058.1350060000004 1837
1741144914782 3059.3133399999997 1838
1741144927366 3059.998971 1839
1741144937475 3061.0889690000004 1840
1741144950729 3061.9777670000003 1841
1741144960865 3063.712506 1842
1741144974071 3064.670386 1843
1741144986464 3065.3336339999996 1844
1741144996543 3068.3088159999998 1845
1741145006753 3069.6726609999996 1846
1741145020496 3071.36435 1847
1741145031526 3073.212391 1848
1741145042378 3073.8798720000004 1849
1741145053078 3074.530407 1850
1741145064081 3075.2989079999998 1851
1741145074888 3076.1490000000003 1852
1741145085668 3077.386249 1853
1741145096626 3078.5611630000003 1854
1741145108241 3079.950046 1855
1741145119233 3081.2593269999998 1856
1741145130085 3085.6193789999998 1857
1741145140941 3087.1938549999995 1858
1741145151938 3088.1478530000004 1859
1741145163312 3089.052065 1860
1741145174004 3089.843916 1861
1741145185384 3090.770644 1862
1741145195464 3091.7969169999997 1863
1741145208934 3092.91222 1864
1741145219046 3094.636818 1865
1741145229203 3096.0003770000003 1866
1741145242149 3097.145687 1867
1741145252241 3100.6341949999996 1868
1741145263355 3102.784441 1869
1741145278725 3103.174862 1870
1741145290419 3104.4540450000004 1871
1741145301469 3104.5016379999997 1872
1741145312673 3105.857255 1873
1741145323775 3105.933898 1874
1741145334753 3105.9658799999997 1875
1741145345780 3105.986183 1876
1741145356920 3106.0107959999996 1877
1741145368346 3107.5138770000003 1878
1741145379916 3107.5303510000003 1879
1741145390873 3107.6169980000004 1880
1741145402104 3107.696537 1881
1741145413840 3107.783082 1882
1741145425493 3107.8376420000004 1883
1741145436886 3107.8729599999997 1884
1741145448583 3107.883194 1885
1741145459811 3107.9154639999997 1886
1741145471287 3107.9252640000004 1887
1741145483914 3107.9351720000004 1888
1741145493985 3107.986709 1889
1741145504054 3108.0128619999996 1890
1741145517146 3108.062446 1891
1741145527212 3108.142874 1892
1741145537278 3108.157843 1893
1741145550357 3108.1693269999996 1894
1741145560517 3108.1902529999998 1895
1741145573294 3108.207045 1896
1741145584439 3108.2346879999996 1897
1741145595732 3108.2416430000003 1898
1741145606607 3108.299682 1899
1741145617511 3108.339736 1900
1741145629672 3108.370357 1901
1741145641062 3108.455041 1902
1741145652418 3108.538501 1903
1741145663622 3108.640415 1904
1741145675647 3108.7211859999998 1905
1741145687063 3108.7803489999997 1906
1741145698119 3108.826476 1907
1741145708894 3108.858206 1908
1741145720093 3108.877346 1909
1741145730669 3108.910368 1910
1741145741530 3110.32892 1911
1741145752158 3114.820436 1912
1741145763033 3115.0337959999997 1913
1741145775274 3117.3807049999996 1914
1741145785432 3119.898094 1915
1741145798130 3119.9841340000003 1916
1741145808222 3120.0463790000003 1917
1741145820547 3120.055013 1918
1741145830678 3120.079938 1919
1741145843304 3120.1298509999997 1920
1741145853400 3120.1767010000003 1921
1741145863551 3120.212504 1922
1741145874901 3120.221138 1923
1741145885992 3120.2899399999997 1924
1741145896865 3120.320025 1925
1741145907895 3120.3427789999996 1926
1741145919032 3120.3586349999996 1927
1741145930101 3120.3871069999996 1928
1741145940793 3120.414108 1929
1741145952008 3120.4245870000004 1930
1741145963277 3120.4318350000003 1931
1741145974332 3120.461853 1932
1741145985729 3120.491714 1933
1741145996792 3120.4988139999996 1934
1741146007908 3120.507941 1935
1741146018817 3120.520547 1936
1741146029565 3120.528945 1937
1741146040487 3120.539293 1938
1741146051952 3120.5426589999997 1939
1741146064377 3120.5690750000003 1940
1741146074525 3120.5791449999997 1941
1741146086694 3120.5901089999998 1942
1741146096792 3120.6169170000003 1943
1741146109918 3120.648379 1944
1741146120040 3120.683416 1945
1741146132888 3120.7051089999995 1946
1741146142991 3120.723822 1947
1741146153060 3120.7338010000003 1948
1741146163210 3120.750384 1949
1741146174192 3120.7557930000003 1950
1741146186023 3121.095816 1951
1741146197026 3121.3572130000002 1952
1741146207788 3121.7442499999997 1953
1741146218768 3123.792678 1954
1741146229518 3128.0345319999997 1955
1741146240238 3130.2389890000004 1956
1741146251011 3130.6466769999997 1957
1741146261849 3130.6617189999997 1958
1741146272643 3130.6715299999996 1959
1741146283290 3130.6825129999997 1960
1741146294240 3130.692422 1961
1741146305059 3130.753355 1962
1741146315766 3130.8432110000003 1963
1741146326662 3132.6870849999996 1964
1741146337435 3132.775871 1965
1741146349684 3132.7834569999995 1966
1741146359842 3132.80828 1967
1741146372164 3132.824942 1968
1741146382252 3132.844381 1969
1741146394676 3132.865688 1970
1741146404825 3132.8786360000004 1971
1741146417071 3132.885249 1972
1741146435259 3132.905879 1973
1741146446357 3132.969946 1974
1741146457220 3133.0251129999997 1975
1741146468253 3133.0504410000003 1976
1741146479134 3133.2738179999997 1977
1741146490033 3133.3776230000003 1978
1741146501471 3135.164184 1979
1741146512346 3136.579637 1980
1741146523301 3136.609944 1981
1741146534241 3136.6821499999996 1982
1741146545110 3160.0976069999997 1983
1741146555798 3160.115613 1984
1741146566667 3162.8238039999997 1985
1741146577719 3164.4977259999996 1986
1741146588975 3166.529335 1987
1741146599655 3166.5953980000004 1988
1741146610512 3166.6151040000004 1989
1741146621226 3167.456112 1990
1741146633538 3169.0599679999996 1991
1741146643686 3171.2123469999997 1992
1741146656522 3172.7011060000004 1993
1741146666611 3174.713987 1994
1741146679065 3176.0939719999997 1995
1741146689197 3178.036456 1996
1741146701631 3179.3260760000003 1997
1741146711718 3180.3268930000004 1998
1741146721813 3195.7008640000004 1999
1741146731966 3197.591512 2000
1741146742057 3201.60639 2001
1741146752880 3205.1152890000003 2002
1741146763795 3210.863373 2003
1741146774578 3211.376932 2004
1741146785401 3213.0796549999995 2005
1741146796269 3214.4180560000004 2006
1741146807222 3214.55306 2007
1741146818221 3217.1826330000004 2008
1741146829198 3219.4866730000003 2009
1741146840113 3220.7804269999997 2010
1741146851110 3220.9237489999996 2011
1741146861909 3221.916187 2012
1741146872693 3239.6754730000002 2013
1741146883401 3240.791865 2014
1741146894326 3240.8176649999996 2015
1741146905170 3241.090144 2016
1741146917446 3241.366672 2017
1741146927625 3241.4314350000004 2018
1741146940158 3242.0278479999997 2019
1741146950228 3242.25712 2020
1741146963065 3242.261842 2021
1741146973247 3246.9518209999997 2022
1741146985600 3247.780431 2023
1741146995687 3248.900108 2024
1741147005784 3253.1175030000004 2025
1741147015867 3254.8471769999996 2026
1741147025952 3256.232435 2027
1741147036465 3256.2899429999998 2028
1741147047267 3256.4335570000003 2029
1741147058226 3258.107645 2030
1741147069213 3263.724497 2031
1741147080154 3263.798157 2032
1741147091116 3265.0719849999996 2033
1741147101993 3265.6461259999996 2034
1741147112924 3268.394875 2035
1741147123890 3271.8508570000004 2036
1741147134755 3271.994605 2037
1741147145550 3272.1043259999997 2038
1741147156356 3272.2125180000003 2039
1741147167381 3272.30591 2040
1741147178283 3272.3284679999997 2041
1741147189326 3272.5264859999997 2042
1741147201910 3272.844099 2043
1741147211993 3278.083866 2044
1741147224731 3278.1263900000004 2045
1741147234822 3279.0216440000004 2046
1741147247622 3280.2877630000003 2047
1741147257790 3280.4509070000004 2048
1741147270364 3282.1322419999997 2049
1741147280452 3291.070818 2050
1741147290608 3291.089522 2051
1741147300685 3291.579178 2052
1741147310750 3291.586921 2053
1741147324445 3291.6167290000003 2054
1741147341605 3292.6640390000002 2055
1741147353397 3293.092377 2056
1741147364832 3293.167644 2057
1741147376112 3293.217686 2058
1741147387448 3293.2676869999996 2059
1741147398718 3293.2919789999996 2060
1741147409919 3293.2999959999997 2061
1741147421196 3293.3039120000003 2062
1741147432570 3293.316086 2063
1741147444006 3293.3509480000002 2064
1741147455265 3293.3612919999996 2065
1741147466297 3293.3775459999997 2066
1741147477256 3293.3791650000003 2067
1741147488596 3293.3843209999995 2068
1741147501206 3293.428699 2069
1741147511280 3293.4299899999996 2070
1741147524318 3293.4413059999997 2071
1741147534413 3293.4428260000004 2072
1741147547185 3293.450632 2073
1741147557264 3293.4734049999997 2074
1741147570038 3293.4829659999996 2075
1741147580132 3293.4930160000004 2076
1741147590292 3293.4944450000003 2077
1741147600807 3293.496413 2078
1741147611841 3293.5154789999997 2079
1741147622740 3293.5175090000002 2080
1741147633813 3293.5219559999996 2081
1741147644841 3293.525238 2082
1741147655822 3293.5381770000004 2083
1741147667027 3293.549132 2084
1741147678043 3293.570019 2085
1741147689084 3293.5741179999995 2086
1741147700336 3293.58522 2087
1741147711938 3293.5985140000003 2088
1741147722949 3293.607819 2089
1741147734489 3293.625416 2090
1741147745478 3293.643881 2091
1741147756654 3293.6489650000003 2092
1741147767640 3293.6532509999997 2093
1741147778868 3293.655157 2094
1741147791673 3293.6585560000003 2095
1741147801845 3293.6945379999997 2096
1741147814754 3293.69837 2097
1741147824847 3293.701588 2098
1741147837981 3293.703558 2099
1741147848086 3293.708063 2100
1741147860636 3293.73279 2101
1741147870731 3293.735729 2102
1741147880799 3293.74344 2103
1741147890939 3293.747099 2104
1741147901024 3293.7529219999997 2105
1741147911911 3293.7569219999996 2106
1741147922853 3293.777327 2107
1741147933797 3293.804607 2108
1741147944771 3293.8258319999995 2109
1741147956019 3293.8274840000004 2110
1741147966995 3293.8319389999997 2111
1741147978172 3293.873084 2112
1741147989207 3293.890235 2113
1741148000187 3293.8936489999996 2114
1741148011238 3293.9012700000003 2115
1741148022339 3293.902951 2116
1741148033367 3293.9085109999996 2117
1741148044606 3293.9216699999997 2118
1741148055646 3293.9278480000003 2119
1741148066716 3293.928745 2120
1741148079119 3293.933322 2121
1741148089209 3293.937051 2122
1741148102341 3294.482913 2123
1741148112428 3295.1569499999996 2124
1741148125421 3296.943368 2125
1741148135519 3297.934556 2126
1741148148318 3298.5449369999997 2127
1741148166809 3299.5800209999998 2128
1741148177914 3301.2652980000003 2129
1741148188892 3302.03802 2130
1741148199964 3303.9932909999998 2131
1741148211135 3305.972028 2132
1741148222391 3307.1457330000003 2133
1741148233553 3309.0861189999996 2134
1741148244720 3310.384338 2135
1741148256002 3312.2938780000004 2136
1741148266909 3313.248678 2137
1741148278217 3314.659009 2138
1741148289389 3315.701524 2139
1741148300360 3319.910554 2140
1741148311304 3321.8598380000003 2141
1741148322307 3323.8695610000004 2142
1741148333595 3325.3733 2143
1741148344942 3327.4659659999998 2144
1741148355931 3328.026916 2145
1741148368656 3328.6171860000004 2146
1741148378737 3330.070557 2147
1741148392026 3330.7158179999997 2148
1741148402167 3331.7966619999997 2149
1741148414998 3332.728706 2150
1741148425088 3333.744302 2151
1741148437791 3334.0919299999996 2152
1741148447884 3334.1033770000004 2153
1741148457992 3334.1442589999997 2154
1741148468072 3334.149407 2155
1741148478568 3334.1536020000003 2156
1741148489741 3334.1638380000004 2157
1741148500887 3334.1688029999996 2158
1741148512028 3334.172845 2159
1741148523129 3334.2154330000003 2160
1741148534190 3334.230211 2161
1741148545210 3334.2437879999998 2162
1741148556537 3334.2526559999997 2163
1741148567712 3334.2727590000004 2164
1741148578745 3334.3118219999997 2165
1741148589825 3334.3294349999996 2166
1741148600966 3334.338256 2167
1741148611859 3334.348792 2168
1741148623225 3334.360165 2169
1741148634452 3334.3779590000004 2170
1741148645523 3334.402432 2171
1741148658093 3334.407056 2172
1741148668175 3334.411376 2173
1741148678264 3334.4150879999997 2174
1741148691172 3334.419154 2175
1741148701350 3334.478613 2176
1741148714538 3334.488767 2177
1741148724633 3334.494877 2178
