1741125236481 65.9 0
1741125246561 70.4 1
1741125256645 71.2 2
1741125266750 72.1 3
1741125276901 72.4 4
1741125286988 73.3 5
1741125297077 74.1 6
1741125307171 74.3 7
1741125317237 76.8 8
1741125327336 76.7 9
1741125337413 79.5 10
1741125347476 80.1 11
1741125357558 81.0 12
1741125367587 82.2 13
1741125377618 82.9 14
1741125387697 79.1 15
1741125397747 79.3 16
1741125407793 78.5 17
1741125417908 78.2 18
1741125427937 81.0 19
1741125437990 81.7 20
1741125448038 82.4 21
1741125458128 82.9 22
1741125468189 79.2 23
1741125478237 80.7 24
1741125488263 83.5 25
1741125498319 82.1 26
1741125508403 82.6 27
1741125518499 82.7 28
1741125528586 82.3 29
1741125538686 83.2 30
1741125548944 83.6 31
1741125558980 80.7 32
1741125569026 82.7 33
1741125579110 82.6 34
1741125589207 82.9 35
1741125599300 82.7 36
1741125609336 83.1 37
1741125619612 84.9 38
1741125629723 85.4 39
1741125639769 86.0 40
1741125649804 82.6 41
1741125659847 83.0 42
1741125669896 82.8 43
1741125679987 82.5 44
1741125690233 82.8 45
1741125700292 83.5 46
1741125710361 84.1 47
1741125720445 84.8 48
1741125730595 82.1 49
1741125740935 82.0 50
1741125751073 82.4 51
1741125761123 82.4 52
1741125771179 83.0 53
1741125781273 83.5 54
1741125791322 83.9 55
1741125801374 84.6 56
1741125811477 82.0 57
1741125821500 81.9 58
1741125831557 83.3 59
1741125841655 81.9 60
1741125851689 81.9 61
1741125861732 82.4 62
1741125871825 83.0 63
1741125881875 83.6 64
1741125891915 84.4 65
1741125902273 81.5 66
1741125912312 81.5 67
1741125922366 81.8 68
1741125932405 82.1 69
1741125942455 83.9 70
1741125952494 84.5 71
1741125962580 85.1 72
1741125972603 85.5 73
1741125982647 86.4 74
1741125992743 83.0 75
1741126002787 82.7 76
1741126012822 82.4 77
1741126022845 82.7 78
1741126032889 83.1 79
1741126042951 83.6 80
1741126053058 84.4 81
1741126063086 84.9 82
1741126073121 85.5 83
1741126083204 82.5 84
1741126093256 82.9 85
1741126103313 82.9 86
1741126113411 83.0 87
1741126123451 83.5 88
1741126133487 83.3 89
1741126143982 84.1 90
1741126154015 84.7 91
1741126164095 85.2 92
1741126174301 83.4 93
1741126184414 83.9 94
1741126194442 84.2 95
1741126204545 83.5 96
1741126214572 83.7 97
1741126224605 83.7 98
1741126234696 84.3 99
1741126245151 84.9 100
1741126255574 85.6 101
1741126265878 83.0 102
1741126276004 83.4 103
1741126286052 83.4 104
1741126296156 83.4 105
1741126306176 83.7 106
1741126316225 84.2 107
1741126326393 84.8 108
1741126336458 85.5 109
1741126346510 86.0 110
1741126356585 83.2 111
1741126366630 83.2 112
1741126376681 83.6 113
1741126386915 83.6 114
1741126397137 84.0 115
1741126407165 84.4 116
1741126417238 85.0 117
1741126427291 85.6 118
1741126437317 86.0 119
1741126447367 85.8 120
1741126457467 85.8 121
1741126467539 86.0 122
1741126477590 82.1 123
1741126487638 82.4 124
1741126497663 82.3 125
1741126507714 82.5 126
1741126517812 82.7 127
1741126527836 82.8 128
1741126538230 82.5 129
1741126548301 82.8 130
1741126558639 83.9 131
1741126568723 83.0 132
1741126578847 83.1 133
1741126588901 83.0 134
1741126598947 83.0 135
1741126608998 83.1 136
1741126619041 83.1 137
1741126629081 83.6 138
1741126639678 83.4 139
1741126649707 83.3 140
1741126659756 83.5 141
1741126669814 83.5 142
1741126679839 83.5 143
1741126689881 83.6 144
1741126699994 83.6 145
1741126710035 83.7 146
1741126720430 83.8 147
1741126730493 83.2 148
1741126740536 83.2 149
1741126750575 85.2 150
1741126760687 83.6 151
1741126770749 83.6 152
1741126780814 83.5 153
1741126790850 83.6 154
1741126800883 83.5 155
1741126810924 83.7 156
1741126821370 84.2 157
1741126831514 84.2 158
1741126841563 84.1 159
1741126851627 84.4 160
1741126861678 84.4 161
1741126871735 84.4 162
1741126881832 84.5 163
1741126891875 84.4 164
1741126901979 84.4 165
1741126912595 84.5 166
1741126922781 84.4 167
1741126932829 84.4 168
1741126942870 85.1 169
1741126952970 84.8 170
1741126963015 84.7 171
1741126973083 84.7 172
1741126983258 84.7 173
1741126993312 84.7 174
1741127003374 86.0 175
1741127013469 86.6 176
1741127023520 86.6 177
1741127033571 87.5 178
1741127043607 87.9 179
1741127053656 86.8 180
1741127063696 87.2 181
1741127073732 87.1 182
1741127083944 87.1 183
1741127094271 87.0 184
1741127104533 86.9 185
1741127114889 86.9 186
1741127125088 85.4 187
1741127135192 85.4 188
1741127145234 87.0 189
1741127155732 85.6 190
1741127165969 85.7 191
1741127176207 85.7 192
1741127186663 85.7 193
1741127197056 85.7 194
1741127207519 86.3 195
1741127217585 86.9 196
1741127227705 86.1 197
1741127237758 86.0 198
1741127247804 88.3 199
1741127257903 86.3 200
1741127267958 86.4 201
1741127278002 86.6 202
1741127288100 86.5 203
1741127298156 86.5 204
1741127308735 86.6 205
1741127318826 87.0 206
1741127329087 86.7 207
1741127339120 85.2 208
1741127349188 87.3 209
1741127359308 85.7 210
1741127369356 85.5 211
1741127379525 85.5 212
1741127390037 85.7 213
1741127400670 85.5 214
1741127411302 85.5 215
1741127421412 85.9 216
1741127431483 85.7 217
1741127441532 85.7 218
1741127451563 87.7 219
1741127461621 85.9 220
1741127471661 86.0 221
1741127482182 86.0 222
1741127492816 86.0 223
1741127502872 85.9 224
1741127512920 86.0 225
1741127522980 86.1 226
1741127533059 86.0 227
1741127543150 86.1 228
1741127553662 87.7 229
1741127564405 86.4 230
1741127575118 86.4 231
1741127585779 86.6 232
1741127596504 86.6 233
1741127607224 86.6 234
1741127617986 86.5 235
1741127628264 83.9 236
1741127638352 82.2 237
1741127648451 82.2 238
1741127658506 83.8 239
1741127669243 82.3 240
1741127680039 82.3 241
1741127690095 82.5 242
1741127701721 82.5 243
1741127711774 82.7 244
1741127721877 82.6 245
1741127731930 82.7 246
1741127741976 82.6 247
1741127752015 82.6 248
1741127762061 83.1 249
1741127772658 82.9 250
1741127783543 82.9 251
1741127793595 83.1 252
1741127803662 83.0 253
1741127813747 83.0 254
1741127824533 83.1 255
1741127834616 83.1 256
1741127844665 83.1 257
1741127854706 83.2 258
1741127866102 83.0 259
1741127876154 83.4 260
1741127886273 83.5 261
1741127896330 83.4 262
1741127906374 83.4 263
1741127916473 83.4 264
1741127926872 83.4 265
1741127936925 81.3 266
1741127947038 81.5 267
1741127957754 81.5 268
1741127967817 81.5 269
1741127977919 82.5 270
1741127987986 81.8 271
1741127998813 81.8 272
1741128008911 82.0 273
1741128018975 81.9 274
1741128029435 82.0 275
1741128040462 82.0 276
1741128050603 81.9 277
1741128060656 82.1 278
1741128070708 82.1 279
1741128080870 82.1 280
1741128091094 82.5 281
1741128101168 82.4 282
1741128111217 82.5 283
1741128121927 82.5 284
1741128131987 82.5 285
1741128142106 82.5 286
1741128152164 82.5 287
1741128162734 82.5 288
1741128172797 82.6 289
1741128183208 82.7 290
1741128193265 82.6 291
1741128204244 82.9 292
1741128214284 82.9 293
1741128224330 82.9 294
1741128235210 82.8 295
1741128245268 82.8 296
1741128255339 82.9 297
1741128265399 82.9 298
1741128277299 82.9 299
1741128287421 82.8 300
1741128297445 82.9 301
1741128307584 83.4 302
1741128318343 83.0 303
1741128328386 83.0 304
1741128338482 83.0 305
1741128348516 83.0 306
1741128358574 83.0 307
1741128369603 83.1 308
1741128379646 83.1 309
1741128389684 83.2 310
1741128399812 83.2 311
1741128409859 83.2 312
1741128419907 84.1 313
1741128430726 83.4 314
1741128440787 83.5 315
1741128450838 83.5 316
1741128460879 83.4 317
1741128470936 83.4 318
1741128480999 83.5 319
1741128491043 83.5 320
1741128501102 83.6 321
1741128511170 83.7 322
1741128521222 84.3 323
1741128531287 82.4 324
1741128541336 82.6 325
1741128551397 82.7 326
1741128561560 82.9 327
1741128571608 82.9 328
1741128581791 82.8 329
1741128591841 82.8 330
1741128602124 82.8 331
1741128612490 82.9 332
1741128622840 84.0 333
1741128633035 83.8 334
1741128644203 83.7 335
1741128654238 83.9 336
1741128664917 83.9 337
1741128674989 84.0 338
1741128685614 84.1 339
1741128695665 84.1 340
1741128706240 84.1 341
1741128716290 84.1 342
1741128726328 84.1 343
1741128736620 84.2 344
1741128747132 84.2 345
1741128757222 84.2 346
1741128767270 86.9 347
1741128777661 84.4 348
1741128787768 84.5 349
1741128798232 84.4 350
1741128808278 84.4 351
1741128818894 84.4 352
1741128828945 84.4 353
1741128839771 84.3 354
1741128850828 84.5 355
1741128861508 84.5 356
1741128871552 84.5 357
1741128882678 86.0 358
1741128892732 84.9 359
1741128903645 84.8 360
1741128913692 84.9 361
1741128924259 84.9 362
1741128934301 84.8 363
1741128945191 84.8 364
1741128955244 84.8 365
1741128965936 84.9 366
1741128976838 84.9 367
1741128986890 84.9 368
1741128997321 85.4 369
1741129007379 85.1 370
1741129018362 85.1 371
1741129028453 85.1 372
1741129039297 85.1 373
1741129049345 85.1 374
1741129060474 85.1 375
1741129070516 85.1 376
1741129080580 85.2 377
1741129091077 85.4 378
1741129101822 85.5 379
1741129113158 85.4 380
1741129123211 85.4 381
1741129133266 85.5 382
1741129143609 85.4 383
1741129153658 85.5 384
1741129164799 85.5 385
1741129174849 85.5 386
1741129185953 85.5 387
1741129197304 85.5 388
1741129208390 85.5 389
1741129219407 85.8 390
1741129229440 85.8 391
1741129239734 88.0 392
1741129249776 85.9 393
1741129259831 85.8 394
1741129269930 85.9 395
1741129279993 85.8 396
1741129290044 85.9 397
1741129300141 85.9 398
1741129310177 85.8 399
1741129321329 85.9 400
1741129332200 86.1 401
1741129342474 86.0 402
1741129352527 86.0 403
1741129362584 85.9 404
1741129372667 86.0 405
1741129382718 85.9 406
1741129392847 87.5 407
1741129402966 85.5 408
1741129413017 85.5 409
1741129423107 85.5 410
1741129433187 84.1 411
1741129444283 84.3 412
1741129454331 84.3 413
1741129464429 84.4 414
1741129474491 84.3 415
1741129484543 84.8 416
1741129494591 84.7 417
1741129505476 84.7 418
1741129515532 85.0 419
1741129525804 84.9 420
1741129536319 84.8 421
1741129546378 85.1 422
1741129556472 85.2 423
1741129566529 85.2 424
1741129576618 85.2 425
1741129587896 85.2 426
1741129597945 85.1 427
1741129607994 85.3 428
1741129618058 85.2 429
1741129629294 85.2 430
1741129639347 85.2 431
1741129649428 85.2 432
1741129659547 85.1 433
1741129670645 85.1 434
1741129680696 85.2 435
1741129690827 86.5 436
1741129700872 85.4 437
1741129710922 85.4 438
1741129721012 85.4 439
1741129731069 85.4 440
1741129741119 85.5 441
1741129751209 85.5 442
1741129761259 85.5 443
1741129772348 85.5 444
1741129782457 85.4 445
1741129792507 85.6 446
1741129802558 85.6 447
1741129813543 85.6 448
1741129823623 85.6 449
1741129833657 85.6 450
1741129843724 87.3 451
1741129853765 85.8 452
1741129863822 85.9 453
1741129873892 85.9 454
1741129884008 85.9 455
1741129894058 85.9 456
1741129905265 85.9 457
1741129915310 86.0 458
1741129925363 86.0 459
1741129935413 85.9 460
1741129945510 86.2 461
1741129956667 86.1 462
1741129966710 86.1 463
1741129976814 86.1 464
1741129986864 86.1 465
1741129996908 87.7 466
1741130007018 85.9 467
1741130017069 85.9 468
1741130027117 85.9 469
1741130037214 86.0 470
1741130047280 86.0 471
1741130057338 86.0 472
1741130067455 86.0 473
1741130077501 85.9 474
1741130088826 86.0 475
1741130098948 86.0 476
1741130109054 86.1 477
1741130119109 86.1 478
1741130129185 86.1 479
1741130139245 86.1 480
1741130149308 86.3 481
1741130159354 86.4 482
1741130169456 86.4 483
1741130179530 86.4 484
1741130189624 86.4 485
1741130199750 86.4 486
1741130209797 86.4 487
1741130219846 86.5 488
1741130231219 86.5 489
1741130241270 86.5 490
1741130251845 86.5 491
1741130261950 86.6 492
1741130272009 86.6 493
1741130282200 86.6 494
1741130293567 86.7 495
1741130304374 86.6 496
1741130314639 86.8 497
1741130324686 86.8 498
1741130334734 85.4 499
1741130344771 85.7 500
1741130354840 85.7 501
1741130364978 85.8 502
1741130375029 85.8 503
1741130385093 85.8 504
1741130395149 85.8 505
1741130406369 85.9 506
1741130416611 86.0 507
1741130426781 86.0 508
1741130437007 86.0 509
1741130447108 86.0 510
1741130457198 86.0 511
1741130468403 88.6 512
1741130478499 86.2 513
1741130488605 86.2 514
1741130498935 86.2 515
1741130509010 86.2 516
1741130519126 86.2 517
1741130529164 86.2 518
1741130539214 86.2 519
1741130549312 86.2 520
1741130559364 86.2 521
1741130569609 86.2 522
1741130579840 86.2 523
1741130590051 86.3 524
1741130600372 86.3 525
1741130610468 86.3 526
1741130620595 86.4 527
1741130630650 86.4 528
1741130640711 86.6 529
1741130650831 86.7 530
1741130660884 86.5 531
1741130670935 86.5 532
1741130681035 86.6 533
1741130691236 86.6 534
1741130701377 86.6 535
1741130711740 86.6 536
1741130721797 86.7 537
1741130731839 86.6 538
1741130741944 86.7 539
1741130751980 86.6 540
1741130762234 86.6 541
1741130772322 86.6 542
1741130783089 87.3 543
1741130793379 86.8 544
1741130803836 86.9 545
1741130814148 86.9 546
1741130824460 87.0 547
1741130834760 87.1 548
1741130844975 87.1 549
1741130855272 87.1 550
1741130865553 87.0 551
1741130875841 87.4 552
1741130886872 87.4 553
1741130897369 87.1 554
1741130907644 87.2 555
1741130918323 87.1 556
1741130928597 87.0 557
1741130940955 87.0 558
1741130951432 87.3 559
1741130961793 87.2 560
1741130972274 87.3 561
1741130982520 87.3 562
1741130992787 87.3 563
1741131003210 87.3 564
1741131013358 87.4 565
1741131023621 87.4 566
1741131034127 87.4 567
1741131044214 87.6 568
1741131054276 87.7 569
1741131064711 87.8 570
1741131075071 87.8 571
1741131085738 87.8 572
1741131095793 87.8 573
1741131107267 88.2 574
1741131117661 87.7 575
1741131127972 87.6 576
1741131138382 87.6 577
1741131148885 87.6 578
1741131159405 87.6 579
1741131169877 87.6 580
1741131180196 87.6 581
1741131190573 87.6 582
1741131201028 87.6 583
1741131212502 87.7 584
1741131223221 87.8 585
1741131233919 88.3 586
1741131244470 86.8 587
1741131256514 86.7 588
1741131267692 86.7 589
1741131278267 86.9 590
1741131288920 87.0 591
1741131299434 87.3 592
1741131309919 87.3 593
1741131320451 87.3 594
1741131330807 87.3 595
1741131341290 87.2 596
1741131351893 87.3 597
1741131362456 87.2 598
1741131372553 87.3 599
1741131382632 87.4 600
1741131393637 87.3 601
1741131404493 87.5 602
1741131415465 87.4 603
1741131425510 87.5 604
1741131436691 88.0 605
1741131447400 87.6 606
1741131457897 87.6 607
1741131468420 87.6 608
1741131479014 87.6 609
1741131489479 87.8 610
1741131500102 87.8 611
1741131510689 87.8 612
1741131521318 87.7 613
1741131532040 87.7 614
1741131543532 87.7 615
1741131554477 87.6 616
1741131565404 87.5 617
1741131576436 87.5 618
1741131587299 87.5 619
1741131599922 87.5 620
1741131610648 87.6 621
1741131621219 87.5 622
1741131631740 87.7 623
1741131642356 87.6 624
1741131653033 87.6 625
1741131663735 87.7 626
1741131674319 87.8 627
1741131685294 87.8 628
1741131696022 87.7 629
1741131706078 87.8 630
1741131716798 87.8 631
1741131728081 87.8 632
1741131739116 87.9 633
1741131750188 87.9 634
1741131760238 87.8 635
1741131770286 88.2 636
1741131780400 87.9 637
1741131790455 88.0 638
1741131800768 88.0 639
1741131811360 88.1 640
1741131822235 88.0 641
1741131833098 88.0 642
1741131843885 88.0 643
1741131854581 88.0 644
1741131865313 88.1 645
1741131875377 88.2 646
1741131886161 88.3 647
1741131897446 88.1 648
1741131908351 88.1 649
1741131919368 88.1 650
1741131929456 88.1 651
1741131939506 88.5 652
1741131949556 88.3 653
1741131959671 88.4 654
1741131970396 88.4 655
1741131981357 88.5 656
1741131992274 88.5 657
1741132003012 88.4 658
1741132013803 88.4 659
1741132024755 88.4 660
1741132035721 88.5 661
1741132045756 88.5 662
1741132056885 88.5 663
1741132068146 88.6 664
1741132079405 88.6 665
1741132090847 88.5 666
1741132100899 88.6 667
1741132111025 89.0 668
1741132121068 88.5 669
1741132131331 88.5 670
1741132142168 87.5 671
1741132153155 87.5 672
1741132164120 87.6 673
1741132175185 87.6 674
1741132186081 87.6 675
1741132197071 87.6 676
1741132208094 87.6 677
1741132218182 87.6 678
1741132229549 87.7 679
1741132239601 87.7 680
1741132249875 87.7 681
1741132261367 87.7 682
1741132271417 87.7 683
1741132282837 87.7 684
1741132293689 88.0 685
1741132304819 88.0 686
1741132316133 88.0 687
1741132327173 88.1 688
1741132338108 88.1 689
1741132349224 88.1 690
1741132360233 88.1 691
1741132371393 88.1 692
1741132382408 88.1 693
1741132392450 88.1 694
1741132404028 88.2 695
1741132415460 88.1 696
1741132426779 88.2 697
1741132438187 88.1 698
1741132448233 88.1 699
1741132458336 88.5 700
1741132468388 88.4 701
1741132478865 88.4 702
1741132490005 88.5 703
1741132501062 88.6 704
1741132511971 88.7 705
1741132523016 88.7 706
1741132533947 88.7 707
1741132545035 88.6 708
1741132556240 88.6 709
1741132566544 89.2 710
1741132578046 89.1 711
1741132588111 89.1 712
1741132598409 88.6 713
1741132610177 88.6 714
1741132620427 88.6 715
1741132632134 88.5 716
1741132643262 88.7 717
1741132654384 88.8 718
1741132665711 88.8 719
1741132677033 88.8 720
1741132688249 89.2 721
1741132699398 89.2 722
1741132710600 89.3 723
1741132721628 88.7 724
1741132732890 88.7 725
1741132743218 88.6 726
1741132753259 88.9 727
1741132763844 88.8 728
1741132775419 88.8 729
1741132785533 88.9 730
1741132795863 88.9 731
1741132809119 88.6 732
1741132820565 88.9 733
1741132831700 88.9 734
1741132842819 88.9 735
1741132854130 88.9 736
1741132865442 89.0 737
1741132876708 89.0 738
1741132887976 89.0 739
1741132899269 89.0 740
1741132910491 89.0 741
1741132920765 89.1 742
1741132930843 89.1 743
1741132941528 89.1 744
1741132953213 89.1 745
1741132964761 89.1 746
1741132975066 89.1 747
1741132986720 89.3 748
1741132997902 89.4 749
1741133009141 89.4 750
1741133020524 89.4 751
1741133031978 89.4 752
1741133043217 88.1 753
1741133054582 88.2 754
1741133066006 88.3 755
1741133077427 88.2 756
1741133088728 88.2 757
1741133099142 88.2 758
1741133109212 88.4 759
1741133120012 88.4 760
1741133131682 88.4 761
1741133141759 88.4 762
1741133152786 88.4 763
1741133166010 88.3 764
1741133177310 88.7 765
1741133188677 88.7 766
1741133198745 88.7 767
1741133208812 88.7 768
1741133219390 88.8 769
1741133230997 88.8 770
1741133242353 88.8 771
1741133254116 88.8 772
1741133264183 90.2 773
1741133274743 91.1 774
1741133285175 90.5 775
1741133295255 90.6 776
1741133306668 90.6 777
1741133318372 90.3 778
1741133328446 90.4 779
1741133338574 90.2 780
1741133349532 90.3 781
1741133361062 90.4 782
1741133373121 90.3 783
1741133383241 91.6 784
1741133393734 92.2 785
1741133405218 91.4 786
1741133416622 91.4 787
1741133427990 90.8 788
1741133439367 90.8 789
1741133450722 90.5 790
1741133462373 90.5 791
1741133472488 90.6 792
1741133483440 90.5 793
1741133493515 90.5 794
1741133504303 90.5 795
1741133514376 90.5 796
1741133524442 90.5 797
1741133534568 91.0 798
1741133544632 90.2 799
1741133555987 90.4 800
1741133567650 90.3 801
1741133579310 90.4 802
1741133591061 90.4 803
1741133602612 90.4 804
1741133614240 89.6 805
1741133625713 89.5 806
1741133637494 89.5 807
1741133648407 88.9 808
1741133658487 88.8 809
1741133669871 88.9 810
1741133679952 88.9 811
1741133691202 88.9 812
1741133703150 88.9 813
1741133716626 88.8 814
1741133728239 89.1 815
1741133739947 89.0 816
1741133751527 89.0 817
1741133763283 89.1 818
1741133774781 89.2 819
1741133786326 89.2 820
1741133798020 89.1 821
1741133809720 89.1 822
1741133821414 89.2 823
1741133832362 89.3 824
1741133842439 89.2 825
1741133854184 89.2 826
1741133864311 88.9 827
1741133875630 88.9 828
1741133885698 89.0 829
1741133895790 88.9 830
1741133905858 91.3 831
1741133917601 89.0 832
1741133929383 89.1 833
1741133941175 89.2 834
1741133952948 87.4 835
1741133964731 87.8 836
1741133976352 87.8 837
1741133987921 87.8 838
1741133999477 87.9 839
1741134011195 87.9 840
1741134021278 87.8 841
1741134031391 87.9 842
1741134043249 87.9 843
1741134053337 87.9 844
1741134064996 88.0 845
1741134075959 87.9 846
1741134087916 88.1 847
1741134099805 88.3 848
1741134111535 88.4 849
1741134123348 88.5 850
1741134135022 88.5 851
1741134146790 88.5 852
1741134158621 88.4 853
1741134168689 88.4 854
1741134178815 88.5 855
1741134190230 88.5 856
1741134202070 88.5 857
1741134212220 88.5 858
1741134222279 88.5 859
1741134233892 88.5 860
1741134243974 88.8 861
1741134255734 88.8 862
1741134265801 88.8 863
1741134275869 89.0 864
1741134287402 89.0 865
1741134297489 89.0 866
1741134307578 89.1 867
1741134319014 89.2 868
1741134330962 89.0 869
1741134342820 89.0 870
1741134352883 89.0 871
1741134362972 89.0 872
1741134374526 89.0 873
1741134384607 89.0 874
1741134394667 89.1 875
1741134406472 89.0 876
1741134416542 89.1 877
1741134426597 89.1 878
1741134437803 89.1 879
1741134447882 89.1 880
1741134457944 89.1 881
1741134468494 91.3 882
1741134480500 89.8 883
1741134492376 89.8 884
1741134502439 89.8 885
1741134516191 89.7 886
1741134528117 89.7 887
1741134538182 89.8 888
1741134548256 89.7 889
1741134560181 89.8 890
1741134572077 89.8 891
1741134583408 89.8 892
1741134593489 89.8 893
1741134603584 89.7 894
1741134615013 89.6 895
1741134625079 89.7 896
1741134635157 89.6 897
1741134645270 89.6 898
1741134655333 90.1 899
1741134666246 90.0 900
1741134676391 89.9 901
1741134686549 89.9 902
1741134696606 89.9 903
1741134706712 89.9 904
1741134718665 90.0 905
1741134728737 90.0 906
1741134738844 90.0 907
1741134750873 90.1 908
1741134760937 90.0 909
1741134771342 90.0 910
1741134781467 90.0 911
1741134791535 90.0 912
1741134801616 89.9 913
1741134813457 90.0 914
1741134823511 90.0 915
1741134834770 90.0 916
1741134847003 90.3 917
1741134859028 89.2 918
1741134869231 89.2 919
1741134879289 89.2 920
1741134889342 89.2 921
1741134899547 89.3 922
1741134909626 89.4 923
1741134919707 89.4 924
1741134931696 89.5 925
1741134941781 89.4 926
1741134952002 89.4 927
1741134964124 89.4 928
1741134974214 89.3 929
1741134984269 89.4 930
1741134994386 89.4 931
1741135004542 89.5 932
1741135016246 89.5 933
1741135027643 89.5 934
1741135039822 89.4 935
1741135049928 89.9 936
1741135060305 89.7 937
1741135070394 90.2 938
1741135081206 90.2 939
1741135091285 90.3 940
1741135101413 90.3 941
1741135113496 90.3 942
1741135123579 90.2 943
1741135134083 90.1 944
1741135144209 90.1 945
1741135154592 90.0 946
1741135165536 90.0 947
1741135175630 90.0 948
1741135185714 90.1 949
1741135195785 90.3 950
1741135205832 90.4 951
1741135217846 90.3 952
1741135227907 90.0 953
1741135239115 92.2 954
1741135249192 90.1 955
1741135260584 91.1 956
1741135270677 91.8 957
1741135282029 92.0 958
1741135292084 91.8 959
1741135302585 91.6 960
1741135312668 90.7 961
1741135322965 90.5 962
1741135333047 90.5 963
1741135343510 90.5 964
1741135356108 90.4 965
1741135366201 90.4 966
1741135376276 90.5 967
1741135386366 90.5 968
1741135396435 90.5 969
1741135406516 90.4 970
1741135418401 90.4 971
1741135428506 90.3 972
1741135438570 90.7 973
1741135449037 90.7 974
1741135459097 90.8 975
1741135469796 90.5 976
1741135479845 90.5 977
1741135490880 90.5 978
1741135500970 90.6 979
1741135511216 90.5 980
1741135521293 90.5 981
1741135531897 90.6 982
1741135541975 90.6 983
1741135552730 90.6 984
1741135562796 90.6 985
1741135572860 90.7 986
1741135582947 90.8 987
1741135593012 90.7 988
1741135603111 90.7 989
1741135613183 90.6 990
1741135623257 90.7 991
1741135634066 93.0 992
1741135644140 90.8 993
1741135654804 90.9 994
1741135664870 90.9 995
1741135675582 90.8 996
1741135685705 90.9 997
1741135696453 90.9 998
1741135706546 90.9 999
1741135717493 90.8 1000
1741135727560 90.9 1001
1741135738490 91.0 1002
1741135751261 91.1 1003
1741135761348 89.3 1004
1741135771421 89.5 1005
1741135781495 89.3 1006
1741135791576 89.3 1007
1741135801642 89.4 1008
1741135811733 89.4 1009
1741135821798 89.4 1010
1741135832633 91.8 1011
1741135842709 89.7 1012
1741135853421 89.7 1013
1741135863502 89.9 1014
1741135874264 89.9 1015
1741135884337 89.9 1016
1741135894896 89.9 1017
1741135904952 89.9 1018
1741135915808 89.8 1019
1741135925868 89.9 1020
1741135936594 89.9 1021
1741135949502 89.9 1022
1741135959685 89.7 1023
1741135969784 89.7 1024
1741135979847 89.7 1025
1741135989923 89.8 1026
1741136000000 89.7 1027
1741136010092 89.8 1028
1741136020166 89.7 1029
1741136031679 91.9 1030
1741136041741 90.0 1031
1741136052516 90.1 1032
1741136062591 90.1 1033
1741136073478 90.1 1034
1741136083560 90.1 1035
1741136094767 90.1 1036
1741136104840 90.3 1037
1741136115543 90.3 1038
1741136125613 90.3 1039
1741136136400 90.2 1040
1741136149284 90.2 1041
1741136159765 90.4 1042
1741136170055 90.5 1043
1741136180272 90.4 1044
1741136190456 90.4 1045
1741136200700 90.6 1046
1741136210787 90.9 1047
1741136220859 90.7 1048
1741136230925 93.0 1049
1741136241871 91.2 1050
1741136251927 91.0 1051
1741136263268 90.9 1052
1741136273325 90.9 1053
1741136284818 91.1 1054
1741136294861 91.0 1055
1741136306259 90.9 1056
1741136316380 91.0 1057
1741136327390 91.0 1058
1741136337429 91.0 1059
1741136348525 90.6 1060
1741136359819 90.7 1061
1741136370649 90.7 1062
1741136380987 90.6 1063
1741136391516 90.7 1064
1741136402069 90.7 1065
1741136412420 90.5 1066
1741136427322 90.6 1067
1741136437477 90.6 1068
1741136448883 90.7 1069
1741136458960 90.7 1070
1741136469973 90.8 1071
1741136480071 90.8 1072
1741136490986 90.5 1073
1741136501066 90.5 1074
1741136512109 90.7 1075
1741136522177 90.5 1076
1741136533300 90.7 1077
1741136543367 90.6 1078
1741136553617 90.5 1079
1741136563801 90.5 1080
1741136573993 90.6 1081
1741136584129 90.7 1082
1741136594288 90.6 1083
1741136604763 90.6 1084
1741136614838 90.6 1085
1741136626827 92.7 1086
1741136636899 90.9 1087
1741136647963 90.9 1088
1741136658044 89.8 1089
1741136669073 89.9 1090
1741136679142 90.0 1091
1741136690210 90.0 1092
1741136700283 90.0 1093
1741136711471 90.1 1094
1741136721608 90.2 1095
1741136732590 90.1 1096
1741136745474 90.1 1097
1741136755785 90.2 1098
1741136765937 90.3 1099
1741136776259 90.2 1100
1741136786539 90.2 1101
1741136796784 90.2 1102
1741136806843 90.2 1103
1741136818205 90.3 1104
1741136828308 90.5 1105
1741136839421 90.6 1106
1741136849502 90.6 1107
1741136860804 90.5 1108
1741136870892 90.5 1109
1741136881996 90.6 1110
1741136892082 90.6 1111
1741136903713 90.6 1112
1741136913789 90.5 1113
1741136925096 90.7 1114
1741136935168 90.6 1115
1741136945710 90.6 1116
1741136956092 90.6 1117
1741136966748 90.7 1118
1741136977263 90.6 1119
1741136987680 90.6 1120
1741136998119 90.6 1121
1741137008197 90.6 1122
1741137020175 92.9 1123
1741137030244 90.9 1124
1741137041846 90.9 1125
1741137051910 91.0 1126
1741137063349 91.0 1127
1741137073416 91.0 1128
1741137085187 91.0 1129
1741137095256 91.0 1130
1741137106518 91.0 1131
1741137116587 91.0 1132
1741137128013 91.0 1133
1741137140911 91.1 1134
1741137151370 91.0 1135
1741137161753 91.1 1136
1741137172318 91.1 1137
1741137182921 91.1 1138
1741137193272 90.9 1139
1741137203367 91.0 1140
1741137214801 91.1 1141
1741137224867 91.2 1142
1741137236700 91.3 1143
1741137246843 91.4 1144
1741137258224 91.4 1145
1741137268288 91.4 1146
1741137279863 91.4 1147
1741137289935 91.4 1148
1741137301575 91.4 1149
1741137311647 91.4 1150
1741137323339 91.4 1151
1741137333382 91.4 1152
1741137344220 91.3 1153
1741137354686 91.4 1154
1741137364982 91.6 1155
1741137375529 91.5 1156
1741137386045 91.5 1157
1741137396592 91.5 1158
1741137406672 91.5 1159
1741137416753 93.6 1160
1741137428030 91.8 1161
1741137438094 91.8 1162
1741137449945 91.8 1163
1741137460024 91.8 1164
1741137471728 91.8 1165
1741137481806 91.8 1166
1741137493448 91.9 1167
1741137503589 91.9 1168
1741137515165 91.9 1169
1741137525231 91.9 1170
1741137536579 91.9 1171
1741137548618 92.0 1172
1741137559315 90.8 1173
1741137570154 91.1 1174
1741137580906 91.1 1175
1741137591442 91.1 1176
1741137601763 91.1 1177
1741137616786 91.1 1178
1741137626849 91.4 1179
1741137638705 91.4 1180
1741137648784 91.5 1181
1741137660816 91.5 1182
1741137670873 91.5 1183
1741137682927 91.6 1184
1741137693026 92.0 1185
1741137703095 93.1 1186
1741137713166 93.3 1187
1741137723233 93.3 1188
1741137735424 93.4 1189
1741137748825 92.6 1190
1741137759346 92.1 1191
1741137770220 92.0 1192
1741137780882 92.0 1193
1741137792600 91.9 1194
1741137803153 93.5 1195
1741137813214 92.5 1196
1741137825280 92.4 1197
1741137835352 92.3 1198
1741137847514 92.4 1199
1741137857566 92.3 1200
1741137869340 92.3 1201
1741137879454 92.1 1202
1741137891261 92.1 1203
1741137901332 92.2 1204
1741137913435 92.2 1205
1741137923580 92.2 1206
1741137935394 92.2 1207
1741137945472 92.2 1208
1741137957103 92.1 1209
1741137967885 92.3 1210
1741137978624 92.2 1211
1741137989462 92.2 1212
1741138000543 92.2 1213
1741138011400 92.3 1214
1741138021478 92.2 1215
1741138031557 94.1 1216
1741138043404 92.2 1217
1741138053470 92.2 1218
1741138065509 92.3 1219
1741138075583 92.5 1220
1741138087912 92.7 1221
1741138097964 92.7 1222
1741138110121 92.6 1223
1741138120231 92.5 1224
1741138132456 92.5 1225
1741138142533 92.5 1226
1741138154645 90.4 1227
1741138166898 90.4 1228
1741138177689 90.5 1229
1741138188464 90.5 1230
1741138199089 90.5 1231
1741138209895 90.5 1232
1741138220320 90.5 1233
1741138230394 90.5 1234
1741138240499 93.9 1235
1741138250579 90.8 1236
1741138262472 90.8 1237
1741138272556 90.9 1238
1741138284799 90.9 1239
1741138294864 90.6 1240
1741138307076 90.6 1241
1741138317143 90.7 1242
1741138329554 90.8 1243
1741138339634 90.7 1244
1741138349692 90.8 1245
1741138360565 90.8 1246
1741138372793 90.6 1247
1741138383691 90.8 1248
1741138394728 90.8 1249
1741138405520 90.8 1250
1741138416511 90.8 1251
1741138427260 90.7 1252
1741138437344 90.7 1253
1741138447485 94.1 1254
1741138457557 91.7 1255
1741138467612 89.9 1256
1741138477655 91.7 1257
1741138490062 91.3 1258
1741138500742 91.2 1259
1741138510864 90.6 1260
1741138523138 90.6 1261
1741138533260 90.5 1262
1741138543384 90.4 1263
1741138555515 90.4 1264
1741138565648 90.5 1265
1741138578204 90.5 1266
1741138589434 90.5 1267
1741138600285 90.6 1268
1741138611110 90.5 1269
1741138621967 90.4 1270
1741138632799 90.5 1271
1741138642919 90.4 1272
1741138654985 90.2 1273
1741138665114 91.8 1274
1741138677448 91.1 1275
1741138687579 91.1 1276
1741138699944 91.2 1277
1741138710112 91.4 1278
1741138720256 91.4 1279
1741138730311 91.5 1280
1741138740440 91.7 1281
1741138750679 91.8 1282
1741138760790 91.9 1283
1741138773984 91.6 1284
1741138785570 93.7 1285
1741138797017 94.0 1286
1741138808122 93.9 1287
1741138818901 93.4 1288
1741138829928 93.2 1289
1741138841039 92.7 1290
1741138852069 92.6 1291
1741138862233 93.0 1292
1741138874598 93.1 1293
1741138884728 92.8 1294
1741138894861 92.7 1295
1741138906503 92.7 1296
1741138916640 92.8 1297
1741138929161 92.8 1298
1741138939291 92.9 1299
1741138949442 92.8 1300
1741138961015 92.6 1301
1741138971078 92.4 1302
1741138981199 92.5 1303
1741138992944 92.6 1304
1741139008138 92.6 1305
1741139020278 92.1 1306
1741139032110 92.2 1307
1741139044026 92.3 1308
1741139055433 90.4 1309
1741139067352 90.4 1310
1741139077657 90.4 1311
1741139091252 90.4 1312
1741139101857 90.8 1313
1741139112007 91.8 1314
1741139124551 91.5 1315
1741139134661 91.4 1316
1741139144768 91.2 1317
1741139156533 91.2 1318
1741139166669 91.1 1319
1741139176785 91.1 1320
1741139188761 91.0 1321
1741139198902 91.0 1322
1741139208971 91.1 1323
1741139220828 91.1 1324
1741139233375 90.6 1325
1741139244530 90.6 1326
1741139255655 90.6 1327
1741139266850 90.6 1328
1741139278245 90.6 1329
1741139291346 90.6 1330
1741139304421 90.5 1331
1741139314541 90.9 1332
1741139324657 90.8 1333
1741139336828 90.8 1334
1741139346965 90.9 1335
1741139357094 90.6 1336
1741139369004 89.2 1337
1741139379141 89.1 1338
1741139389217 89.1 1339
1741139401014 89.2 1340
1741139411124 89.3 1341
1741139421251 89.2 1342
1741139432717 89.2 1343
1741139442836 89.0 1344
1741139453079 89.1 1345
1741139464402 89.1 1346
1741139475666 89.1 1347
1741139487078 89.2 1348
1741139498235 89.1 1349
1741139508301 89.1 1350
1741139518421 91.3 1351
1741139530785 89.4 1352
1741139540909 89.4 1353
1741139551034 89.4 1354
1741139563092 89.4 1355
1741139573161 89.5 1356
1741139583308 89.5 1357
1741139596054 89.5 1358
1741139606519 91.1 1359
1741139616664 91.1 1360
1741139626749 90.7 1361
1741139636844 90.8 1362
1741139647019 90.8 1363
1741139657851 90.1 1364
1741139667942 90.1 1365
1741139680889 90.1 1366
1741139696388 90.3 1367
1741139706531 90.3 1368
1741139717751 90.3 1369
1741139730450 90.0 1370
1741139740516 89.8 1371
1741139750597 92.1 1372
1741139760683 90.2 1373
1741139770756 90.4 1374
1741139780890 90.4 1375
1741139790968 90.4 1376
1741139801046 90.1 1377
1741139811134 90.1 1378
1741139821232 90.1 1379
1741139831306 90.1 1380
1741139841443 90.1 1381
1741139851567 90.1 1382
1741139861725 90.0 1383
1741139871806 90.1 1384
1741139881978 90.2 1385
1741139894613 90.2 1386
1741139906027 90.2 1387
1741139918178 90.0 1388
1741139930197 90.3 1389
1741139942089 90.4 1390
1741139953959 89.8 1391
1741139964091 90.2 1392
1741139977321 90.1 1393
1741139987403 90.3 1394
1741139997527 90.3 1395
1741140009960 90.3 1396
1741140020084 90.3 1397
1741140030202 90.3 1398
1741140040337 90.2 1399
1741140052473 90.1 1400
1741140062609 90.1 1401
1741140072759 90.2 1402
1741140082887 90.2 1403
1741140095243 90.1 1404
1741140105410 90.2 1405
1741140115495 90.1 1406
1741140126045 90.1 1407
1741140137969 90.3 1408
1741140149441 90.2 1409
1741140160834 90.2 1410
1741140172206 90.2 1411
1741140182392 90.2 1412
1741140195454 90.3 1413
1741140205601 90.5 1414
1741140215750 90.5 1415
1741140228314 90.6 1416
1741140238451 90.6 1417
1741140248584 90.7 1418
1741140258707 90.0 1419
1741140270655 89.0 1420
1741140280770 88.9 1421
1741140290847 89.0 1422
1741140300987 89.1 1423
1741140313330 89.2 1424
1741140323453 89.2 1425
1741140333594 89.0 1426
1741140344240 89.1 1427
1741140356018 89.2 1428
1741140367637 89.2 1429
1741140379340 89.2 1430
1741140390699 89.2 1431
1741140400846 89.2 1432
1741140413829 89.1 1433
1741140423947 89.5 1434
1741140434062 89.6 1435
1741140444187 89.4 1436
1741140456836 89.3 1437
1741140466928 89.3 1438
1741140477057 89.3 1439
1741140487173 89.3 1440
1741140499344 89.4 1441
1741140509488 89.5 1442
1741140519628 89.4 1443
1741140529698 89.9 1444
1741140542060 89.8 1445
1741140552203 88.8 1446
1741140563768 87.8 1447
1741140575815 87.8 1448
1741140587272 87.6 1449
1741140599015 87.6 1450
1741140610567 87.6 1451
1741140620807 87.6 1452
1741140634232 87.5 1453
1741140644367 87.8 1454
1741140654450 87.8 1455
1741140664586 87.9 1456
1741140676872 87.9 1457
1741140687019 87.9 1458
1741140697171 87.9 1459
1741140709796 87.9 1460
1741140719937 87.9 1461
1741140730083 87.9 1462
1741140740235 87.9 1463
1741140752533 87.9 1464
1741140762691 87.9 1465
1741140772755 87.8 1466
1741140783551 87.8 1467
1741140795571 87.9 1468
1741140807342 87.9 1469
1741140819076 87.9 1470
1741140830928 87.9 1471
1741140841184 87.9 1472
1741140854627 87.9 1473
1741140864775 86.5 1474
1741140874947 86.5 1475
1741140885110 86.5 1476
1741140897319 86.5 1477
1741140907477 86.7 1478
1741140917629 86.6 1479
1741140927804 86.6 1480
1741140939915 86.6 1481
1741140949978 86.8 1482
1741140960122 86.8 1483
1741140970292 86.9 1484
1741140982744 86.9 1485
1741140992921 87.0 1486
1741141004620 86.9 1487
1741141016344 85.0 1488
1741141028224 85.0 1489
1741141040078 85.0 1490
1741141051912 85.0 1491
1741141062233 85.0 1492
1741141077063 85.0 1493
1741141087240 85.4 1494
1741141097400 85.4 1495
1741141107573 85.4 1496
1741141117721 85.4 1497
1741141130792 85.5 1498
1741141143083 88.2 1499
1741141155183 89.7 1500
1741141167152 88.7 1501
1741141178279 89.0 1502
1741141189014 88.2 1503
1741141199930 88.7 1504
1741141210111 88.4 1505
1741141220229 88.4 1506
1741141230656 88.3 1507
1741141243277 88.5 1508
1741141256362 88.5 1509
1741141266511 88.6 1510
1741141277915 88.8 1511
1741141290518 88.8 1512
1741141305152 88.8 1513
1741141320272 88.8 1514
1741141330787 88.0 1515
1741141340894 89.1 1516
1741141351051 88.8 1517
1741141361107 88.7 1518
1741141371168 88.7 1519
1741141381315 88.8 1520
1741141393642 88.8 1521
1741141403740 88.8 1522
1741141413856 88.7 1523
1741141423946 88.7 1524
1741141434036 88.7 1525
1741141444165 88.8 1526
1741141456762 88.3 1527
1741141466849 88.1 1528
1741141478523 88.2 1529
1741141490751 88.3 1530
1741141502580 88.4 1531
1741141514457 88.4 1532
1741141526366 88.4 1533
1741141536454 87.8 1534
1741141546896 88.5 1535
1741141557144 88.2 1536
1741141567231 88.3 1537
1741141577365 88.6 1538
1741141587444 89.1 1539
1741141597527 86.9 1540
1741141607674 87.0 1541
1741141620202 87.0 1542
1741141630290 87.1 1543
1741141640374 87.0 1544
1741141650457 87.0 1545
1741141660532 87.0 1546
1741141670665 86.7 1547
1741141683297 87.0 1548
1741141693378 87.0 1549
1741141705331 87.0 1550
1741141717418 87.0 1551
1741141729508 87.0 1552
1741141741473 87.0 1553
1741141753778 87.1 1554
1741141763870 86.9 1555
1741141774019 87.5 1556
1741141784085 87.4 1557
1741141794178 87.2 1558
1741141804318 87.0 1559
1741141814379 87.0 1560
1741141824467 87.1 1561
1741141834592 87.0 1562
1741141844652 87.4 1563
1741141854719 89.2 1564
1741141864803 89.2 1565
1741141875049 89.0 1566
1741141885136 88.6 1567
1741141895282 88.0 1568
1741141905603 88.0 1569
1741141916136 88.0 1570
1741141927035 87.9 1571
1741141937110 87.9 1572
1741141949492 87.9 1573
1741141962477 88.0 1574
1741141972593 88.5 1575
1741141984397 88.4 1576
1741141999041 88.5 1577
1741142015039 88.6 1578
1741142025844 92.9 1579
1741142036291 93.4 1580
1741142047116 92.7 1581
1741142058342 90.6 1582
1741142070019 95.0 1583
1741142081576 95.0 1584
1741142093131 86.7 1585
1741142103307 83.6 1586
1741142113383 83.2 1587
1741142123447 82.2 1588
1741142133597 81.2 1589
1741142143652 81.7 1590
1741142153723 81.6 1591
1741142168581 81.6 1592
1741142180807 81.0 1593
1741142192925 80.9 1594
1741142205150 81.0 1595
1741142217797 81.0 1596
1741142230037 81.4 1597
1741142240842 81.3 1598
1741142255766 81.2 1599
1741142265847 81.1 1600
1741142275937 81.5 1601
1741142286080 81.2 1602
1741142296175 81.2 1603
1741142306265 81.1 1604
1741142316318 81.0 1605
1741142326374 81.0 1606
1741142336445 81.0 1607
1741142346540 80.6 1608
1741142356672 80.3 1609
1741142366739 80.3 1610
1741142376841 80.0 1611
1741142386900 79.7 1612
1741142400546 80.2 1613
1741142413296 80.2 1614
1741142425777 80.2 1615
1741142437917 80.2 1616
1741142450034 80.2 1617
1741142462242 80.3 1618
1741142473165 80.3 1619
1741142487244 80.2 1620
1741142497331 78.7 1621
1741142507417 78.9 1622
1741142517505 79.0 1623
1741142527593 79.1 1624
1741142537765 80.3 1625
1741142548373 80.4 1626
1741142559871 81.4 1627
1741142571379 83.5 1628
1741142582594 84.0 1629
1741142593525 82.7 1630
1741142604798 82.6 1631
1741142616554 82.6 1632
1741142627923 82.8 1633
1741142638200 82.4 1634
1741142649376 82.4 1635
1741142659582 82.1 1636
1741142671956 82.1 1637
1741142682092 81.8 1638
1741142694212 81.9 1639
1741142704340 82.0 1640
1741142716451 82.1 1641
1741142726576 81.8 1642
1741142738754 82.3 1643
1741142749515 82.4 1644
1741142760319 82.3 1645
1741142771840 82.9 1646
1741142782557 83.2 1647
1741142793800 82.7 1648
1741142805077 83.1 1649
1741142816011 82.9 1650
1741142827256 84.3 1651
1741142838383 85.5 1652
1741142849232 85.5 1653
1741142859695 85.4 1654
1741142870976 84.6 1655
1741142882247 86.8 1656
1741142893079 87.7 1657
1741142904265 87.9 1658
1741142914383 87.7 1659
1741142927423 87.7 1660
1741142937499 86.9 1661
1741142949625 86.9 1662
1741142962561 87.3 1663
1741142975576 87.0 1664
1741142985665 86.8 1665
1741142998641 89.9 1666
1741143008830 87.7 1667
1741143019154 87.6 1668
1741143030388 87.7 1669
1741143041000 88.8 1670
1741143051547 89.6 1671
1741143061867 89.6 1672
1741143072300 88.9 1673
1741143082748 89.3 1674
1741143093534 89.2 1675
1741143104125 89.1 1676
1741143114453 89.7 1677
1741143125265 89.8 1678
1741143136022 89.6 1679
1741143148075 90.5 1680
1741143161120 91.2 1681
1741143173918 91.4 1682
1741143186794 91.7 1683
1741143199768 91.7 1684
1741143212705 92.3 1685
1741143224895 91.9 1686
1741143240837 93.5 1687
1741143251475 92.6 1688
1741143261813 90.7 1689
1741143272285 91.2 1690
1741143282561 90.7 1691
1741143292958 90.6 1692
1741143303220 90.7 1693
1741143313686 90.7 1694
1741143324092 91.2 1695
1741143335765 90.8 1696
1741143346746 91.1 1697
1741143357252 91.0 1698
1741143367631 90.8 1699
1741143378377 90.8 1700
1741143389267 90.8 1701
1741143400077 90.9 1702
1741143412957 91.4 1703
1741143423063 92.0 1704
1741143435511 92.8 1705
1741143448595 92.5 1706
1741143462016 92.2 1707
1741143474144 92.7 1708
1741143490380 93.3 1709
1741143501229 93.8 1710
1741143512028 93.6 1711
1741143522982 94.0 1712
1741143533774 93.1 1713
1741143544190 93.2 1714
1741143555297 92.9 1715
1741143565965 91.3 1716
1741143576731 91.0 1717
1741143587135 90.8 1718
1741143597629 90.1 1719
1741143608508 90.3 1720
1741143619074 90.8 1721
1741143629982 91.0 1722
1741143640938 90.9 1723
1741143651758 92.2 1724
1741143661854 92.2 1725
1741143673714 92.8 1726
1741143686496 92.2 1727
1741143699347 92.0 1728
1741143709428 91.7 1729
1741143721360 92.8 1730
1741143731470 92.8 1731
1741143741697 95.4 1732
1741143751786 93.1 1733
1741143761866 93.8 1734
1741143772428 93.4 1735
1741143782838 92.8 1736
1741143793623 92.6 1737
1741143804186 92.5 1738
1741143815247 92.2 1739
1741143825663 92.3 1740
1741143836720 92.1 1741
1741143847640 94.5 1742
1741143858942 93.9 1743
1741143870353 91.2 1744
1741143881508 92.7 1745
1741143892313 92.8 1746
1741143903478 92.3 1747
1741143913570 92.4 1748
1741143925874 92.4 1749
1741143935959 92.4 1750
1741143948875 93.6 1751
1741143958958 93.7 1752
1741143971526 93.0 1753
1741143981633 92.6 1754
1741143996374 94.2 1755
1741144007223 89.3 1756
1741144018162 89.1 1757
1741144029271 89.2 1758
1741144040287 90.1 1759
1741144052400 90.3 1760
1741144064066 91.6 1761
1741144075018 93.4 1762
1741144085676 92.5 1763
1741144096878 90.0 1764
1741144107769 90.9 1765
1741144119053 90.8 1766
1741144130084 90.4 1767
1741144141327 90.4 1768
1741144152225 89.6 1769
1741144163807 88.4 1770
1741144173899 87.8 1771
1741144183988 87.5 1772
1741144197285 90.3 1773
1741144207455 89.9 1774
1741144219893 89.5 1775
1741144230005 89.1 1776
1741144240416 88.6 1777
1741144256045 88.7 1778
1741144266829 89.3 1779
1741144277778 89.5 1780
1741144288592 89.4 1781
1741144299325 89.3 1782
1741144310482 89.0 1783
1741144321733 89.2 1784
1741144332957 88.3 1785
1741144344202 90.7 1786
1741144356033 90.3 1787
1741144368182 92.1 1788
1741144379117 92.1 1789
1741144389935 91.1 1790
1741144400598 90.7 1791
1741144411260 90.5 1792
1741144422593 90.0 1793
1741144432690 90.2 1794
1741144445153 90.3 1795
1741144455259 90.3 1796
1741144467743 88.2 1797
1741144477908 88.2 1798
1741144490068 87.9 1799
1741144500131 88.0 1800
1741144511759 88.6 1801
1741144522353 88.3 1802
1741144532938 88.3 1803
1741144543554 88.3 1804
1741144553883 88.2 1805
1741144564323 88.3 1806
1741144575018 87.8 1807
1741144585395 87.9 1808
1741144595868 87.8 1809
1741144606412 87.7 1810
1741144616897 86.6 1811
1741144627395 86.8 1812
1741144638021 86.7 1813
1741144648436 86.9 1814
1741144658806 86.8 1815
1741144669551 86.7 1816
1741144679646 86.9 1817
1741144691794 87.1 1818
1741144701872 86.9 1819
1741144713739 86.9 1820
1741144723833 86.8 1821
1741144735823 86.8 1822
1741144745906 87.0 1823
1741144759116 87.2 1824
1741144770164 86.0 1825
1741144780730 86.0 1826
1741144791389 83.9 1827
1741144802541 84.4 1828
1741144813532 84.8 1829
1741144824768 84.9 1830
1741144836237 85.6 1831
1741144847801 86.3 1832
1741144858740 86.5 1833
1741144870026 86.5 1834
1741144881352 86.4 1835
1741144892647 87.4 1836
1741144904108 87.3 1837
1741144914782 87.3 1838
1741144927366 87.6 1839
1741144937475 87.7 1840
1741144950729 87.4 1841
1741144960865 87.3 1842
1741144974071 87.3 1843
1741144986464 87.4 1844
1741144996543 87.5 1845
1741145006753 87.1 1846
1741145020496 89.5 1847
1741145031526 88.9 1848
1741145042378 88.6 1849
1741145053078 87.2 1850
1741145064081 86.2 1851
1741145074888 86.5 1852
1741145085668 86.5 1853
1741145096626 86.8 1854
1741145108241 86.6 1855
1741145119233 87.1 1856
1741145130085 86.8 1857
1741145140941 86.9 1858
1741145151938 86.4 1859
1741145163312 86.6 1860
1741145174004 86.9 1861
1741145185384 86.7 1862
1741145195464 87.4 1863
1741145208934 87.1 1864
1741145219046 89.0 1865
1741145229203 89.1 1866
1741145242149 90.9 1867
1741145252241 90.1 1868
1741145263355 89.5 1869
1741145278725 89.2 1870
1741145290419 89.5 1871
1741145301469 89.4 1872
1741145312673 89.1 1873
1741145323775 88.8 1874
1741145334753 88.6 1875
1741145345780 88.8 1876
1741145356920 88.7 1877
1741145368346 88.3 1878
1741145379916 88.5 1879
1741145390873 88.3 1880
1741145402104 88.5 1881
1741145413840 88.9 1882
1741145425493 88.2 1883
1741145436886 86.4 1884
1741145448583 86.3 1885
1741145459811 86.8 1886
1741145471287 87.1 1887
1741145483914 87.2 1888
1741145493985 87.3 1889
1741145504054 87.3 1890
1741145517146 87.7 1891
1741145527212 88.5 1892
1741145537278 88.2 1893
1741145550357 88.2 1894
1741145560517 87.7 1895
1741145573294 88.2 1896
1741145584439 86.8 1897
1741145595732 87.2 1898
1741145606607 87.3 1899
1741145617511 87.4 1900
1741145629672 86.6 1901
1741145641062 88.1 1902
1741145652418 88.8 1903
1741145663622 89.1 1904
1741145675647 88.1 1905
1741145687063 87.5 1906
1741145698119 88.0 1907
1741145708894 87.2 1908
1741145720093 86.9 1909
1741145730669 87.8 1910
1741145741530 86.9 1911
1741145752158 87.1 1912
1741145763033 87.7 1913
1741145775274 87.7 1914
1741145785432 87.9 1915
1741145798130 89.1 1916
1741145808222 88.9 1917
1741145820547 88.7 1918
1741145830678 88.3 1919
1741145843304 89.5 1920
1741145853400 89.3 1921
1741145863551 91.7 1922
1741145874901 89.2 1923
1741145885992 89.7 1924
1741145896865 89.4 1925
1741145907895 89.0 1926
1741145919032 89.4 1927
1741145930101 89.0 1928
1741145940793 89.4 1929
1741145952008 89.0 1930
1741145963277 89.3 1931
1741145974332 88.1 1932
1741145985729 87.0 1933
1741145996792 87.1 1934
1741146007908 87.3 1935
1741146018817 87.0 1936
1741146029565 86.7 1937
1741146040487 86.8 1938
1741146051952 86.5 1939
1741146064377 86.7 1940
1741146074525 86.6 1941
1741146086694 86.6 1942
1741146096792 86.8 1943
1741146109918 86.8 1944
1741146120040 86.9 1945
1741146132888 86.9 1946
1741146142991 87.0 1947
1741146153060 89.6 1948
1741146163210 87.5 1949
1741146174192 86.9 1950
1741146186023 89.0 1951
1741146197026 90.3 1952
1741146207788 90.3 1953
1741146218768 89.4 1954
1741146229518 89.2 1955
1741146240238 88.4 1956
1741146251011 88.5 1957
1741146261849 88.4 1958
1741146272643 87.5 1959
1741146283290 87.3 1960
1741146294240 87.4 1961
1741146305059 87.5 1962
1741146315766 87.6 1963
1741146326662 87.5 1964
1741146337435 87.5 1965
1741146349684 87.4 1966
1741146359842 87.2 1967
1741146372164 87.4 1968
1741146382252 87.4 1969
1741146394676 86.6 1970
1741146404825 86.3 1971
1741146417071 86.1 1972
1741146435259 86.2 1973
1741146446357 86.7 1974
1741146457220 87.0 1975
1741146468253 87.2 1976
1741146479134 85.4 1977
1741146490033 85.8 1978
1741146501471 85.7 1979
1741146512346 85.8 1980
1741146523301 85.6 1981
1741146534241 85.7 1982
1741146545110 85.7 1983
1741146555798 85.7 1984
1741146566667 85.6 1985
1741146577719 85.1 1986
1741146588975 85.4 1987
1741146599655 85.2 1988
1741146610512 85.2 1989
1741146621226 85.2 1990
1741146633538 85.0 1991
1741146643686 85.0 1992
1741146656522 85.1 1993
1741146666611 85.3 1994
1741146679065 85.4 1995
1741146689197 85.1 1996
1741146701631 85.0 1997
1741146711718 84.9 1998
1741146721813 87.8 1999
1741146731966 85.6 2000
1741146742057 85.5 2001
1741146752880 85.5 2002
1741146763795 85.5 2003
1741146774578 85.4 2004
1741146785401 85.4 2005
1741146796269 85.4 2006
1741146807222 85.3 2007
1741146818221 85.3 2008
1741146829198 85.4 2009
1741146840113 85.4 2010
1741146851110 85.5 2011
1741146861909 87.1 2012
1741146872693 86.9 2013
1741146883401 87.0 2014
1741146894326 87.0 2015
1741146905170 86.9 2016
1741146917446 87.0 2017
1741146927625 86.9 2018
1741146940158 86.8 2019
1741146950228 86.9 2020
1741146963065 87.0 2021
1741146973247 87.2 2022
1741146985600 87.2 2023
1741146995687 87.1 2024
1741147005784 89.7 2025
1741147015867 87.5 2026
1741147025952 87.6 2027
1741147036465 87.8 2028
1741147047267 87.6 2029
1741147058226 87.5 2030
1741147069213 87.5 2031
1741147080154 87.7 2032
1741147091116 87.7 2033
1741147101993 87.6 2034
1741147112924 87.6 2035
1741147123890 87.6 2036
1741147134755 87.5 2037
1741147145550 87.5 2038
1741147156356 87.4 2039
1741147167381 87.3 2040
1741147178283 87.3 2041
1741147189326 87.4 2042
1741147201910 87.4 2043
1741147211993 87.4 2044
1741147224731 87.4 2045
1741147234822 87.3 2046
1741147247622 87.3 2047
1741147257790 87.5 2048
1741147270364 87.5 2049
1741147280452 87.4 2050
1741147290608 89.8 2051
1741147300685 87.6 2052
1741147310750 87.8 2053
1741147324445 88.5 2054
1741147341605 92.2 2055
1741147353397 93.4 2056
1741147364832 91.4 2057
1741147376112 91.2 2058
1741147387448 91.1 2059
1741147398718 91.2 2060
1741147409919 91.4 2061
1741147421196 91.4 2062
1741147432570 91.5 2063
1741147444006 91.6 2064
1741147455265 90.7 2065
1741147466297 90.8 2066
1741147477256 90.7 2067
1741147488596 90.6 2068
1741147501206 90.4 2069
1741147511280 90.4 2070
1741147524318 90.4 2071
1741147534413 90.4 2072
1741147547185 90.4 2073
1741147557264 90.4 2074
1741147570038 90.2 2075
1741147580132 90.3 2076
1741147590292 92.7 2077
1741147600807 90.6 2078
1741147611841 90.7 2079
1741147622740 89.3 2080
1741147633813 89.4 2081
1741147644841 89.5 2082
1741147655822 89.5 2083
1741147667027 89.5 2084
1741147678043 89.5 2085
1741147689084 89.5 2086
1741147700336 89.5 2087
1741147711938 89.5 2088
1741147722949 89.6 2089
1741147734489 89.6 2090
1741147745478 89.6 2091
1741147756654 89.7 2092
1741147767640 89.5 2093
1741147778868 87.5 2094
1741147791673 87.5 2095
1741147801845 87.7 2096
1741147814754 87.8 2097
1741147824847 87.8 2098
1741147837981 87.8 2099
1741147848086 87.8 2100
1741147860636 87.9 2101
1741147870731 87.8 2102
1741147880799 90.6 2103
1741147890939 88.2 2104
1741147901024 88.3 2105
1741147911911 88.4 2106
1741147922853 88.2 2107
1741147933797 88.3 2108
1741147944771 88.3 2109
1741147956019 88.3 2110
1741147966995 88.2 2111
1741147978172 88.3 2112
1741147989207 88.4 2113
1741148000187 88.4 2114
1741148011238 88.4 2115
1741148022339 88.3 2116
1741148033367 88.3 2117
1741148044606 88.4 2118
1741148055646 88.4 2119
1741148066716 88.4 2120
1741148079119 88.4 2121
1741148089209 88.4 2122
1741148102341 88.5 2123
1741148112428 88.6 2124
1741148125421 88.5 2125
1741148135519 88.5 2126
1741148148318 88.6 2127
1741148166809 88.4 2128
1741148177914 88.9 2129
1741148188892 88.9 2130
1741148199964 89.0 2131
1741148211135 89.0 2132
1741148222391 89.0 2133
1741148233553 89.0 2134
1741148244720 89.0 2135
1741148256002 89.0 2136
1741148266909 89.0 2137
1741148278217 89.1 2138
1741148289389 89.1 2139
1741148300360 89.1 2140
1741148311304 89.1 2141
1741148322307 89.0 2142
1741148333595 89.0 2143
1741148344942 89.0 2144
1741148355931 89.3 2145
1741148368656 89.2 2146
1741148378737 89.1 2147
1741148392026 89.2 2148
1741148402167 89.1 2149
1741148414998 89.2 2150
1741148425088 89.0 2151
1741148437791 89.0 2152
1741148447884 89.0 2153
1741148457992 91.7 2154
1741148468072 88.9 2155
1741148478568 88.9 2156
1741148489741 89.1 2157
1741148500887 89.1 2158
1741148512028 89.1 2159
1741148523129 89.8 2160
1741148534190 88.2 2161
1741148545210 88.4 2162
1741148556537 88.4 2163
1741148567712 88.5 2164
1741148578745 88.5 2165
1741148589825 88.5 2166
1741148600966 88.4 2167
1741148611859 88.5 2168
1741148623225 88.4 2169
1741148634452 88.4 2170
1741148645523 88.4 2171
1741148658093 88.4 2172
1741148668175 88.4 2173
1741148678264 88.4 2174
1741148691172 88.4 2175
1741148701350 88.5 2176
1741148714538 88.6 2177
1741148724633 88.5 2178
