1741125236481 11118.8 0
1741125246561 11877.2 1
1741125256645 12016.8 2
1741125266750 12163.0 3
1741125276901 12207.0 4
1741125286988 12359.6 5
1741125297077 12501.5 6
1741125307171 12526.9 7
1741125317237 12951.5 8
1741125327336 12932.0 9
1741125337413 13416.7 10
1741125347476 13509.9 11
1741125357558 13661.7 12
1741125367587 13858.5 13
1741125377618 13988.0 14
1741125387697 13338.2 15
1741125397747 13376.7 16
1741125407793 13237.2 17
1741125417908 13182.3 18
1741125427937 13659.0 19
1741125437990 13778.9 20
1741125448038 13903.8 21
1741125458128 13983.5 22
1741125468189 13358.6 23
1741125478237 13615.0 24
1741125488263 14083.5 25
1741125498319 13843.0 26
1741125508403 13930.0 27
1741125518499 13946.6 28
1741125528586 13884.6 29
1741125538686 14031.0 30
1741125548944 14093.5 31
1741125558980 13616.8 32
1741125569026 13947.7 33
1741125579110 13939.1 34
1741125589207 13990.1 35
1741125599300 13952.8 36
1741125609336 14019.7 37
1741125619612 14320.6 38
1741125629723 14412.5 39
1741125639769 14497.7 40
1741125649804 13932.2 41
1741125659847 13994.0 42
1741125669896 13962.5 43
1741125679987 13919.1 44
1741125690233 13967.2 45
1741125700292 14085.3 46
1741125710361 14187.6 47
1741125720445 14305.4 48
1741125730595 13854.5 49
1741125740935 13825.0 50
1741125751073 13901.0 51
1741125761123 13893.2 52
1741125771179 14004.5 53
1741125781273 14080.1 54
1741125791322 14153.0 55
1741125801374 14267.8 56
1741125811477 13823.6 57
1741125821500 13813.0 58
1741125831557 14051.6 59
1741125841655 13812.3 60
1741125851689 13808.9 61
1741125861732 13893.5 62
1741125871825 14002.1 63
1741125881875 14100.8 64
1741125891915 14229.0 65
1741125902273 13745.4 66
1741125912312 13744.4 67
1741125922366 13799.7 68
1741125932405 13847.4 69
1741125942455 14156.4 70
1741125952494 14247.8 71
1741125962580 14351.7 72
1741125972603 14414.1 73
1741125982647 14568.5 74
1741125992743 13991.3 75
1741126002787 13957.0 76
1741126012822 13899.0 77
1741126022845 13943.0 78
1741126032889 14016.4 79
1741126042951 14107.5 80
1741126053058 14231.4 81
1741126063086 14314.0 82
1741126073121 14420.7 83
1741126083204 13914.4 84
1741126093256 13984.0 85
1741126103313 13979.7 86
1741126113411 13999.2 87
1741126123451 14091.4 88
1741126133487 14051.9 89
1741126143982 14192.1 90
1741126154015 14280.4 91
1741126164095 14367.7 92
1741126174301 14067.4 93
1741126184414 14159.4 94
1741126194442 14205.7 95
1741126204545 14081.9 96
1741126214572 14122.5 97
1741126224605 14114.9 98
1741126234696 14217.1 99
1741126245151 14313.0 100
1741126255574 14433.3 101
1741126265878 14007.6 102
1741126276004 14061.6 103
1741126286052 14063.8 104
1741126296156 14068.5 105
1741126306176 14125.8 106
1741126316225 14203.8 107
1741126326393 14296.8 108
1741126336458 14413.8 109
1741126346510 14505.6 110
1741126356585 14036.9 111
1741126366630 14037.1 112
1741126376681 14093.7 113
1741126386915 14098.9 114
1741126397137 14164.0 115
1741126407165 14239.5 116
1741126417238 14343.3 117
1741126427291 14437.2 118
1741126437317 14501.2 119
1741126447367 14469.4 120
1741126457467 14468.5 121
1741126467539 14500.4 122
1741126477590 13845.7 123
1741126487638 13899.4 124
1741126497663 13882.8 125
1741126507714 13912.2 126
1741126517812 13942.0 127
1741126527836 13973.1 128
1741126538230 13919.9 129
1741126548301 13961.9 130
1741126558639 14156.6 131
1741126568723 13995.7 132
1741126578847 14022.4 133
1741126588901 14003.3 134
1741126598947 14000.1 135
1741126608998 14017.7 136
1741126619041 14015.7 137
1741126629081 14109.1 138
1741126639678 14065.2 139
1741126649707 14054.3 140
1741126659756 14080.9 141
1741126669814 14088.7 142
1741126679839 14089.0 143
1741126689881 14100.3 144
1741126699994 14106.0 145
1741126710035 14109.3 146
1741126720430 14142.4 147
1741126730493 14033.0 148
1741126740536 14036.5 149
1741126750575 14372.5 150
1741126760687 14094.9 151
1741126770749 14096.1 152
1741126780814 14085.9 153
1741126790850 14101.6 154
1741126800883 14091.1 155
1741126810924 14121.6 156
1741126821370 14201.6 157
1741126831514 14202.2 158
1741126841563 14185.4 159
1741126851627 14235.4 160
1741126861678 14233.2 161
1741126871735 14240.7 162
1741126881832 14244.7 163
1741126891875 14243.3 164
1741126901979 14241.3 165
1741126912595 14245.1 166
1741126922781 14242.8 167
1741126932829 14240.8 168
1741126942870 14355.0 169
1741126952970 14305.5 170
1741126963015 14280.6 171
1741126973083 14292.9 172
1741126983258 14293.4 173
1741126993312 14294.4 174
1741127003374 14505.6 175
1741127013469 14613.6 176
1741127023520 14605.2 177
1741127033571 14761.0 178
1741127043607 14823.4 179
1741127053656 14642.8 180
1741127063696 14706.0 181
1741127073732 14689.6 182
1741127083944 14685.9 183
1741127094271 14676.1 184
1741127104533 14654.1 185
1741127114889 14649.5 186
1741127125088 14400.4 187
1741127135192 14404.3 188
1741127145234 14673.0 189
1741127155732 14438.2 190
1741127165969 14454.2 191
1741127176207 14449.1 192
1741127186663 14447.5 193
1741127197056 14453.1 194
1741127207519 14557.4 195
1741127217585 14663.0 196
1741127227705 14521.5 197
1741127237758 14509.0 198
1741127247804 14892.6 199
1741127257903 14561.7 200
1741127267958 14565.3 201
1741127278002 14614.8 202
1741127288100 14591.2 203
1741127298156 14592.9 204
1741127308735 14614.4 205
1741127318826 14676.1 206
1741127329087 14620.0 207
1741127339120 14367.4 208
1741127349188 14717.0 209
1741127359308 14458.3 210
1741127369356 14422.3 211
1741127379525 14422.8 212
1741127390037 14448.2 213
1741127400670 14424.3 214
1741127411302 14428.9 215
1741127421412 14480.9 216
1741127431483 14462.9 217
1741127441532 14452.6 218
1741127451563 14787.2 219
1741127461621 14486.4 220
1741127471661 14499.0 221
1741127482182 14507.4 222
1741127492816 14499.2 223
1741127502872 14496.9 224
1741127512920 14503.8 225
1741127522980 14522.9 226
1741127533059 14513.3 227
1741127543150 14526.9 228
1741127553662 14789.2 229
1741127564405 14567.2 230
1741127575118 14566.3 231
1741127585779 14608.9 232
1741127596504 14614.0 233
1741127607224 14604.4 234
1741127617986 14597.4 235
1741127628264 14153.5 236
1741127638352 13864.6 237
1741127648451 13872.9 238
1741127658506 14142.1 239
1741127669243 13880.0 240
1741127680039 13889.0 241
1741127690095 13910.8 242
1741127701721 13917.1 243
1741127711774 13941.2 244
1741127721877 13925.2 245
1741127731930 13950.8 246
1741127741976 13940.1 247
1741127752015 13929.4 248
1741127762061 14018.0 249
1741127772658 13979.2 250
1741127783543 13989.4 251
1741127793595 14009.2 252
1741127803662 14001.4 253
1741127813747 14000.6 254
1741127824533 14008.9 255
1741127834616 14015.6 256
1741127844665 14017.7 257
1741127854706 14025.4 258
1741127866102 14002.9 259
1741127876154 14059.9 260
1741127886273 14075.8 261
1741127896330 14073.9 262
1741127906374 14074.0 263
1741127916473 14073.2 264
1741127926872 14058.9 265
1741127936925 13707.0 266
1741127947038 13752.6 267
1741127957754 13750.1 268
1741127967817 13748.9 269
1741127977919 13910.2 270
1741127987986 13794.2 271
1741127998813 13805.0 272
1741128008911 13822.4 273
1741128018975 13816.3 274
1741128029435 13823.0 275
1741128040462 13825.7 276
1741128050603 13817.6 277
1741128060656 13849.7 278
1741128070708 13847.2 279
1741128080870 13843.9 280
1741128091094 13908.2 281
1741128101168 13904.5 282
1741128111217 13922.2 283
1741128121927 13913.3 284
1741128131987 13915.5 285
1741128142106 13918.7 286
1741128152164 13922.3 287
1741128162734 13912.5 288
1741128172797 13939.1 289
1741128183208 13944.9 290
1741128193265 13938.8 291
1741128204244 13977.3 292
1741128214284 13984.7 293
1741128224330 13977.7 294
1741128235210 13961.1 295
1741128245268 13967.0 296
1741128255339 13976.1 297
1741128265399 13979.3 298
1741128277299 13977.1 299
1741128287421 13968.5 300
1741128297445 13979.1 301
1741128307584 14070.3 302
1741128318343 14002.5 303
1741128328386 14007.9 304
1741128338482 14000.9 305
1741128348516 14003.3 306
1741128358574 14004.1 307
1741128369603 14014.9 308
1741128379646 14015.4 309
1741128389684 14027.6 310
1741128399812 14026.1 311
1741128409859 14030.0 312
1741128419907 14191.6 313
1741128430726 14075.2 314
1741128440787 14083.9 315
1741128450838 14080.0 316
1741128460879 14072.1 317
1741128470936 14071.6 318
1741128480999 14082.1 319
1741128491043 14083.5 320
1741128501102 14098.3 321
1741128511170 14122.3 322
1741128521222 14221.5 323
1741128531287 13894.4 324
1741128541336 13926.7 325
1741128551397 13948.0 326
1741128561560 13980.9 327
1741128571608 13981.8 328
1741128581791 13960.0 329
1741128591841 13965.9 330
1741128602124 13962.1 331
1741128612490 13977.8 332
1741128622840 14164.6 333
1741128633035 14139.1 334
1741128644203 14118.5 335
1741128654238 14159.7 336
1741128664917 14151.1 337
1741128674989 14167.5 338
1741128685614 14185.8 339
1741128695665 14186.0 340
1741128706240 14188.4 341
1741128716290 14186.8 342
1741128726328 14181.7 343
1741128736620 14195.5 344
1741128747132 14199.7 345
1741128757222 14195.6 346
1741128767270 14661.2 347
1741128777661 14230.7 348
1741128787768 14251.6 349
1741128798232 14239.5 350
1741128808278 14230.0 351
1741128818894 14234.7 352
1741128828945 14228.9 353
1741128839771 14226.1 354
1741128850828 14245.3 355
1741128861508 14255.2 356
1741128871552 14256.4 357
1741128882678 14502.4 358
1741128892732 14315.5 359
1741128903645 14305.6 360
1741128913692 14315.5 361
1741128924259 14319.1 362
1741128934301 14306.9 363
1741128945191 14304.7 364
1741128955244 14311.4 365
1741128965936 14315.9 366
1741128976838 14320.6 367
1741128986890 14323.3 368
1741128997321 14402.2 369
1741129007379 14356.7 370
1741129018362 14355.2 371
1741129028453 14353.5 372
1741129039297 14356.4 373
1741129049345 14357.5 374
1741129060474 14357.1 375
1741129070516 14358.6 376
1741129080580 14374.9 377
1741129091077 14408.6 378
1741129101822 14413.7 379
1741129113158 14403.3 380
1741129123211 14401.8 381
1741129133266 14421.9 382
1741129143609 14411.3 383
1741129153658 14425.5 384
1741129164799 14422.5 385
1741129174849 14422.5 386
1741129185953 14413.2 387
1741129197304 14416.5 388
1741129208390 14425.9 389
1741129219407 14468.6 390
1741129229440 14468.6 391
1741129239734 14835.2 392
1741129249776 14480.2 393
1741129259831 14478.5 394
1741129269930 14484.1 395
1741129279993 14479.0 396
1741129290044 14481.0 397
1741129300141 14480.6 398
1741129310177 14475.6 399
1741129321329 14480.5 400
1741129332200 14520.9 401
1741129342474 14512.3 402
1741129352527 14500.5 403
1741129362584 14494.1 404
1741129372667 14500.5 405
1741129382718 14495.6 406
1741129392847 14759.1 407
1741129402966 14417.9 408
1741129413017 14428.0 409
1741129423107 14423.2 410
1741129433187 14188.9 411
1741129444283 14216.5 412
1741129454331 14223.9 413
1741129464429 14238.7 414
1741129474491 14224.7 415
1741129484543 14301.5 416
1741129494591 14291.4 417
1741129505476 14288.0 418
1741129515532 14328.5 419
1741129525804 14319.3 420
1741129536319 14303.0 421
1741129546378 14357.5 422
1741129556472 14366.8 423
1741129566529 14370.9 424
1741129576618 14370.9 425
1741129587896 14370.2 426
1741129597945 14359.3 427
1741129607994 14391.6 428
1741129618058 14365.4 429
1741129629294 14372.4 430
1741129639347 14365.6 431
1741129649428 14378.2 432
1741129659547 14361.0 433
1741129670645 14359.1 434
1741129680696 14363.2 435
1741129690827 14589.5 436
1741129700872 14403.7 437
1741129710922 14407.0 438
1741129721012 14405.0 439
1741129731069 14406.5 440
1741129741119 14413.5 441
1741129751209 14420.3 442
1741129761259 14414.2 443
1741129772348 14417.9 444
1741129782457 14411.6 445
1741129792507 14439.4 446
1741129802558 14433.6 447
1741129813543 14435.5 448
1741129823623 14444.7 449
1741129833657 14436.6 450
1741129843724 14729.8 451
1741129853765 14475.1 452
1741129863822 14491.6 453
1741129873892 14492.0 454
1741129884008 14490.2 455
1741129894058 14491.5 456
1741129905265 14494.9 457
1741129915310 14503.2 458
1741129925363 14504.7 459
1741129935413 14493.9 460
1741129945510 14535.8 461
1741129956667 14520.1 462
1741129966710 14525.1 463
1741129976814 14530.5 464
1741129986864 14523.6 465
1741129996908 14794.8 466
1741130007018 14493.0 467
1741130017069 14491.1 468
1741130027117 14489.8 469
1741130037214 14502.0 470
1741130047280 14503.1 471
1741130057338 14507.9 472
1741130067455 14501.4 473
1741130077501 14492.8 474
1741130088826 14497.4 475
1741130098948 14497.8 476
1741130109054 14524.4 477
1741130119109 14522.0 478
1741130129185 14528.7 479
1741130139245 14524.8 480
1741130149308 14556.4 481
1741130159354 14564.8 482
1741130169456 14576.5 483
1741130179530 14578.3 484
1741130189624 14574.3 485
1741130199750 14567.6 486
1741130209797 14571.2 487
1741130219846 14582.9 488
1741130231219 14584.6 489
1741130241270 14590.2 490
1741130251845 14594.3 491
1741130261950 14610.8 492
1741130272009 14608.8 493
1741130282200 14608.7 494
1741130293567 14616.3 495
1741130304374 14608.0 496
1741130314639 14634.9 497
1741130324686 14636.0 498
1741130334734 14404.3 499
1741130344771 14449.3 500
1741130354840 14463.0 501
1741130364978 14464.2 502
1741130375029 14467.7 503
1741130385093 14468.9 504
1741130395149 14473.4 505
1741130406369 14487.8 506
1741130416611 14498.7 507
1741130426781 14504.9 508
1741130437007 14501.8 509
1741130447108 14501.0 510
1741130457198 14502.9 511
1741130468403 14936.7 512
1741130478499 14533.6 513
1741130488605 14540.0 514
1741130498935 14535.4 515
1741130509010 14531.0 516
1741130519126 14542.8 517
1741130529164 14544.9 518
1741130539214 14543.8 519
1741130549312 14543.9 520
1741130559364 14540.6 521
1741130569609 14534.7 522
1741130579840 14544.5 523
1741130590051 14551.1 524
1741130600372 14552.6 525
1741130610468 14553.1 526
1741130620595 14577.0 527
1741130630650 14578.4 528
1741130640711 14605.5 529
1741130650831 14621.8 530
1741130660884 14591.6 531
1741130670935 14596.9 532
1741130681035 14608.1 533
1741130691236 14605.0 534
1741130701377 14610.7 535
1741130711740 14612.5 536
1741130721797 14629.1 537
1741130731839 14611.5 538
1741130741944 14626.3 539
1741130751980 14602.5 540
1741130762234 14610.7 541
1741130772322 14609.2 542
1741130783089 14729.7 543
1741130793379 14641.6 544
1741130803836 14652.1 545
1741130814148 14664.6 546
1741130824460 14670.7 547
1741130834760 14696.6 548
1741130844975 14696.8 549
1741130855272 14688.4 550
1741130865553 14671.6 551
1741130875841 14733.5 552
1741130886872 14736.1 553
1741130897369 14699.1 554
1741130907644 14708.7 555
1741130918323 14685.9 556
1741130928597 14682.2 557
1741130940955 14674.0 558
1741130951432 14727.0 559
1741130961793 14702.3 560
1741130972274 14724.6 561
1741130982520 14717.5 562
1741130992787 14719.8 563
1741131003210 14731.2 564
1741131013358 14738.4 565
1741131023621 14745.2 566
1741131034127 14733.6 567
1741131044214 14776.2 568
1741131054276 14787.3 569
1741131064711 14803.3 570
1741131075071 14808.2 571
1741131085738 14812.0 572
1741131095793 14805.9 573
1741131107267 14869.5 574
1741131117661 14786.4 575
1741131127972 14774.5 576
1741131138382 14776.2 577
1741131148885 14778.7 578
1741131159405 14772.8 579
1741131169877 14773.1 580
1741131180196 14771.9 581
1741131190573 14777.2 582
1741131201028 14776.9 583
1741131212502 14785.7 584
1741131223221 14801.9 585
1741131233919 14887.1 586
1741131244470 14636.0 587
1741131256514 14631.2 588
1741131267692 14618.9 589
1741131278267 14650.2 590
1741131288920 14666.7 591
1741131299434 14726.8 592
1741131309919 14731.0 593
1741131320451 14732.8 594
1741131330807 14724.9 595
1741131341290 14715.3 596
1741131351893 14716.5 597
1741131362456 14707.6 598
1741131372553 14723.7 599
1741131382632 14736.4 600
1741131393637 14730.7 601
1741131404493 14759.0 602
1741131415465 14749.2 603
1741131425510 14756.2 604
1741131436691 14835.3 605
1741131447400 14772.7 606
1741131457897 14769.6 607
1741131468420 14774.5 608
1741131479014 14780.0 609
1741131489479 14804.2 610
1741131500102 14800.7 611
1741131510689 14801.3 612
1741131521318 14793.4 613
1741131532040 14795.6 614
1741131543532 14798.4 615
1741131554477 14768.8 616
1741131565404 14758.3 617
1741131576436 14755.1 618
1741131587299 14750.3 619
1741131599922 14759.2 620
1741131610648 14781.3 621
1741131621219 14761.4 622
1741131631740 14784.4 623
1741131642356 14782.5 624
1741131653033 14780.2 625
1741131663735 14796.4 626
1741131674319 14809.6 627
1741131685294 14805.3 628
1741131696022 14798.8 629
1741131706078 14810.1 630
1741131716798 14811.5 631
1741131728081 14813.1 632
1741131739116 14817.8 633
1741131750188 14821.9 634
1741131760238 14815.7 635
1741131770286 14875.1 636
1741131780400 14824.5 637
1741131790455 14844.8 638
1741131800768 14847.6 639
1741131811360 14851.9 640
1741131822235 14841.9 641
1741131833098 14843.7 642
1741131843885 14847.5 643
1741131854581 14851.1 644
1741131865313 14854.0 645
1741131875377 14874.7 646
1741131886161 14897.5 647
1741131897446 14866.2 648
1741131908351 14855.5 649
1741131919368 14853.6 650
1741131929456 14864.4 651
1741131939506 14933.7 652
1741131949556 14890.6 653
1741131959671 14907.3 654
1741131970396 14915.4 655
1741131981357 14923.7 656
1741131992274 14919.7 657
1741132003012 14909.1 658
1741132013803 14912.0 659
1741132024755 14916.6 660
1741132035721 14927.9 661
1741132045756 14928.0 662
1741132056885 14934.5 663
1741132068146 14938.5 664
1741132079405 14943.0 665
1741132090847 14933.9 666
1741132100899 14937.3 667
1741132111025 15015.0 668
1741132121068 14930.5 669
1741132131331 14928.7 670
1741132142168 14754.4 671
1741132153155 14764.5 672
1741132164120 14782.1 673
1741132175185 14775.6 674
1741132186081 14771.8 675
1741132197071 14768.7 676
1741132208094 14773.5 677
1741132218182 14782.8 678
1741132229549 14791.5 679
1741132239601 14795.8 680
1741132249875 14790.0 681
1741132261367 14796.6 682
1741132271417 14786.5 683
1741132282837 14791.1 684
1741132293689 14841.0 685
1741132304819 14845.4 686
1741132316133 14847.3 687
1741132327173 14858.1 688
1741132338108 14863.4 689
1741132349224 14861.5 690
1741132360233 14851.4 691
1741132371393 14851.7 692
1741132382408 14859.1 693
1741132392450 14862.1 694
1741132404028 14868.2 695
1741132415460 14866.0 696
1741132426779 14870.1 697
1741132438187 14862.2 698
1741132448233 14865.5 699
1741132458336 14921.4 700
1741132468388 14909.1 701
1741132478865 14904.2 702
1741132490005 14922.1 703
1741132501062 14937.9 704
1741132511971 14958.9 705
1741132523016 14955.4 706
1741132533947 14957.2 707
1741132545035 14940.1 708
1741132556240 14939.5 709
1741132566544 15038.8 710
1741132578046 15021.4 711
1741132588111 15024.8 712
1741132598409 14940.1 713
1741132610177 14939.6 714
1741132620427 14935.9 715
1741132632134 14921.5 716
1741132643262 14964.4 717
1741132654384 14972.4 718
1741132665711 14969.5 719
1741132677033 14972.2 720
1741132688249 15046.5 721
1741132699398 15043.4 722
1741132710600 15064.3 723
1741132721628 14953.8 724
1741132732890 14954.3 725
1741132743218 14951.5 726
1741132753259 14990.0 727
1741132763844 14980.5 728
1741132775419 14979.8 729
1741132785533 14986.3 730
1741132795863 14994.7 731
1741132809119 14948.5 732
1741132820565 14993.6 733
1741132831700 15003.0 734
1741132842819 15000.9 735
1741132854130 14999.9 736
1741132865442 15010.8 737
1741132876708 15004.2 738
1741132887976 15007.8 739
1741132899269 15008.5 740
1741132910491 15013.0 741
1741132920765 15021.1 742
1741132930843 15032.9 743
1741132941528 15026.6 744
1741132953213 15030.4 745
1741132964761 15030.0 746
1741132975066 15027.7 747
1741132986720 15058.8 748
1741132997902 15072.6 749
1741133009141 15074.7 750
1741133020524 15070.7 751
1741133031978 15071.2 752
1741133043217 14854.1 753
1741133054582 14871.4 754
1741133066006 14887.2 755
1741133077427 14880.7 756
1741133088728 14876.3 757
1741133099142 14876.1 758
1741133109212 14909.0 759
1741133120012 14917.4 760
1741133131682 14914.0 761
1741133141759 14905.4 762
1741133152786 14902.3 763
1741133166010 14896.1 764
1741133177310 14955.6 765
1741133188677 14952.7 766
1741133198745 14958.3 767
1741133208812 14958.6 768
1741133219390 14970.6 769
1741133230997 14972.1 770
1741133242353 14978.2 771
1741133254116 14975.7 772
1741133264183 15212.9 773
1741133274743 15372.0 774
1741133285175 15268.5 775
1741133295255 15277.0 776
1741133306668 15275.2 777
1741133318372 15238.1 778
1741133328446 15240.1 779
1741133338574 15211.8 780
1741133349532 15222.9 781
1741133361062 15251.0 782
1741133373121 15239.1 783
1741133383241 15456.1 784
1741133393734 15542.9 785
1741133405218 15421.0 786
1741133416622 15410.2 787
1741133427990 15320.3 788
1741133439367 15311.7 789
1741133450722 15270.2 790
1741133462373 15271.4 791
1741133472488 15282.1 792
1741133483440 15264.7 793
1741133493515 15265.7 794
1741133504303 15262.3 795
1741133514376 15262.0 796
1741133524442 15264.9 797
1741133534568 15350.2 798
1741133544632 15210.5 799
1741133555987 15243.8 800
1741133567650 15229.3 801
1741133579310 15253.8 802
1741133591061 15249.4 803
1741133602612 15252.5 804
1741133614240 15119.6 805
1741133625713 15104.0 806
1741133637494 15103.1 807
1741133648407 14994.7 808
1741133658487 14985.0 809
1741133669871 14994.9 810
1741133679952 14989.3 811
1741133691202 14991.6 812
1741133703150 14993.4 813
1741133716626 14973.5 814
1741133728239 15027.7 815
1741133739947 15016.0 816
1741133751527 15018.0 817
1741133763283 15024.4 818
1741133774781 15043.8 819
1741133786326 15043.8 820
1741133798020 15035.9 821
1741133809720 15034.4 822
1741133821414 15040.0 823
1741133832362 15054.6 824
1741133842439 15050.5 825
1741133854184 15039.0 826
1741133864311 14991.7 827
1741133875630 14994.8 828
1741133885698 15003.5 829
1741133895790 14991.3 830
1741133905858 15401.2 831
1741133917601 15006.0 832
1741133929383 15023.7 833
1741133941175 15043.0 834
1741133952948 14741.8 835
1741133964731 14803.5 836
1741133976352 14804.2 837
1741133987921 14810.3 838
1741133999477 14825.5 839
1741134011195 14823.3 840
1741134021278 14813.4 841
1741134031391 14830.4 842
1741134043249 14819.0 843
1741134053337 14823.1 844
1741134064996 14839.4 845
1741134075959 14829.6 846
1741134087916 14853.6 847
1741134099805 14899.3 848
1741134111535 14906.0 849
1741134123348 14922.0 850
1741134135022 14923.5 851
1741134146790 14924.5 852
1741134158621 14916.4 853
1741134168689 14905.0 854
1741134178815 14921.1 855
1741134190230 14922.7 856
1741134202070 14926.9 857
1741134212220 14926.1 858
1741134222279 14922.6 859
1741134233892 14930.5 860
1741134243974 14975.4 861
1741134255734 14980.0 862
1741134265801 14982.4 863
1741134275869 15017.6 864
1741134287402 15016.0 865
1741134297489 15011.0 866
1741134307578 15034.8 867
1741134319014 15038.9 868
1741134330962 15012.0 869
1741134342820 15003.5 870
1741134352883 15003.5 871
1741134362972 15006.8 872
1741134374526 15008.9 873
1741134384607 15015.3 874
1741134394667 15027.3 875
1741134406472 15017.2 876
1741134416542 15028.2 877
1741134426597 15036.3 878
1741134437803 15028.4 879
1741134447882 15036.0 880
1741134457944 15027.7 881
1741134468494 15403.4 882
1741134480500 15144.2 883
1741134492376 15153.2 884
1741134502439 15141.6 885
1741134516191 15128.9 886
1741134528117 15135.3 887
1741134538182 15144.8 888
1741134548256 15136.8 889
1741134560181 15148.7 890
1741134572077 15142.5 891
1741134583408 15141.0 892
1741134593489 15149.7 893
1741134603584 15130.8 894
1741134615013 15117.9 895
1741134625079 15128.6 896
1741134635157 15114.9 897
1741134645270 15116.4 898
1741134655333 15201.6 899
1741134666246 15173.0 900
1741134676391 15171.6 901
1741134686549 15170.4 902
1741134696606 15169.6 903
1741134706712 15169.3 904
1741134718665 15178.7 905
1741134728737 15178.5 906
1741134738844 15182.5 907
1741134750873 15195.3 908
1741134760937 15174.7 909
1741134771342 15174.2 910
1741134781467 15172.4 911
1741134791535 15188.3 912
1741134801616 15170.8 913
1741134813457 15178.0 914
1741134823511 15184.0 915
1741134834770 15179.0 916
1741134847003 15231.7 917
1741134859028 15046.1 918
1741134869231 15050.8 919
1741134879289 15041.1 920
1741134889342 15037.4 921
1741134899547 15054.6 922
1741134909626 15084.3 923
1741134919707 15083.1 924
1741134931696 15091.7 925
1741134941781 15076.0 926
1741134952002 15073.2 927
1741134964124 15073.1 928
1741134974214 15063.5 929
1741134984269 15085.0 930
1741134994386 15076.5 931
1741135004542 15091.1 932
1741135016246 15094.5 933
1741135027643 15098.8 934
1741135039822 15084.8 935
1741135049928 15156.2 936
1741135060305 15125.0 937
1741135070394 15222.2 938
1741135081206 15218.3 939
1741135091285 15234.4 940
1741135101413 15223.2 941
1741135113496 15224.3 942
1741135123579 15210.6 943
1741135134083 15196.8 944
1741135144209 15188.8 945
1741135154592 15183.9 946
1741135165536 15177.5 947
1741135175630 15188.0 948
1741135185714 15192.2 949
1741135195785 15232.7 950
1741135205832 15241.7 951
1741135217846 15235.2 952
1741135227907 15179.0 953
1741135239115 15553.4 954
1741135249192 15197.1 955
1741135260584 15369.7 956
1741135270677 15491.6 957
1741135282029 15523.2 958
1741135292084 15488.0 959
1741135302585 15450.3 960
1741135312668 15305.7 961
1741135322965 15256.2 962
1741135333047 15256.2 963
1741135343510 15258.5 964
1741135356108 15254.4 965
1741135366201 15251.4 966
1741135376276 15256.6 967
1741135386366 15259.6 968
1741135396435 15258.4 969
1741135406516 15243.1 970
1741135418401 15245.2 971
1741135428506 15233.9 972
1741135438570 15304.6 973
1741135449037 15299.5 974
1741135459097 15317.8 975
1741135469796 15269.2 976
1741135479845 15264.0 977
1741135490880 15266.8 978
1741135500970 15285.7 979
1741135511216 15270.3 980
1741135521293 15272.8 981
1741135531897 15283.8 982
1741135541975 15282.2 983
1741135552730 15280.6 984
1741135562796 15275.8 985
1741135572860 15293.2 986
1741135582947 15306.7 987
1741135593012 15303.0 988
1741135603111 15293.6 989
1741135613183 15283.2 990
1741135623257 15294.1 991
1741135634066 15688.6 992
1741135644140 15322.3 993
1741135654804 15326.3 994
1741135664870 15328.4 995
1741135675582 15313.7 996
1741135685705 15325.6 997
1741135696453 15333.7 998
1741135706546 15329.2 999
1741135717493 15321.4 1000
1741135727560 15324.3 1001
1741135738490 15357.0 1002
1741135751261 15372.4 1003
1741135761348 15057.4 1004
1741135771421 15098.9 1005
1741135781495 15067.3 1006
1741135791576 15066.8 1007
1741135801642 15085.4 1008
1741135811733 15073.4 1009
1741135821798 15084.0 1010
1741135832633 15478.3 1011
1741135842709 15133.6 1012
1741135853421 15133.1 1013
1741135863502 15157.8 1014
1741135874264 15158.9 1015
1741135884337 15163.9 1016
1741135894896 15155.4 1017
1741135904952 15157.6 1018
1741135915808 15150.7 1019
1741135925868 15161.9 1020
1741135936594 15160.5 1021
1741135949502 15164.5 1022
1741135959685 15121.7 1023
1741135969784 15135.6 1024
1741135979847 15136.4 1025
1741135989923 15147.7 1026
1741136000000 15137.7 1027
1741136010092 15138.9 1028
1741136020166 15129.9 1029
1741136031679 15504.1 1030
1741136041741 15180.7 1031
1741136052516 15194.8 1032
1741136062591 15201.3 1033
1741136073478 15194.3 1034
1741136083560 15200.7 1035
1741136094767 15203.4 1036
1741136104840 15225.4 1037
1741136115543 15223.3 1038
1741136125613 15228.4 1039
1741136136400 15211.6 1040
1741136149284 15218.7 1041
1741136159765 15240.9 1042
1741136170055 15261.1 1043
1741136180272 15253.3 1044
1741136190456 15246.5 1045
1741136200700 15273.9 1046
1741136210787 15323.9 1047
1741136220859 15292.7 1048
1741136230925 15683.4 1049
1741136241871 15388.7 1050
1741136251927 15343.3 1051
1741136263268 15326.8 1052
1741136273325 15330.2 1053
1741136284818 15359.4 1054
1741136294861 15346.4 1055
1741136306259 15338.9 1056
1741136316380 15347.4 1057
1741136327390 15341.8 1058
1741136337429 15342.2 1059
1741136348525 15285.7 1060
1741136359819 15299.9 1061
1741136370649 15304.7 1062
1741136380987 15287.7 1063
1741136391516 15304.3 1064
1741136402069 15296.4 1065
1741136412420 15266.2 1066
1741136427322 15275.0 1067
1741136437477 15273.6 1068
1741136448883 15301.2 1069
1741136458960 15296.8 1070
1741136469973 15307.0 1071
1741136480071 15314.9 1072
1741136490986 15270.5 1073
1741136501066 15266.7 1074
1741136512109 15292.3 1075
1741136522177 15263.8 1076
1741136533300 15301.4 1077
1741136543367 15273.4 1078
1741136553617 15269.5 1079
1741136563801 15272.5 1080
1741136573993 15282.1 1081
1741136584129 15295.2 1082
1741136594288 15283.0 1083
1741136604763 15286.9 1084
1741136614838 15280.1 1085
1741136626827 15640.5 1086
1741136636899 15327.2 1087
1741136647963 15337.5 1088
1741136658044 15144.5 1089
1741136669073 15158.1 1090
1741136679142 15174.9 1091
1741136690210 15180.0 1092
1741136700283 15184.9 1093
1741136711471 15203.1 1094
1741136721608 15215.3 1095
1741136732590 15203.8 1096
1741136745474 15202.2 1097
1741136755785 15206.2 1098
1741136765937 15229.4 1099
1741136776259 15215.4 1100
1741136786539 15215.7 1101
1741136796784 15215.6 1102
1741136806843 15211.5 1103
1741136818205 15231.7 1104
1741136828308 15267.3 1105
1741136839421 15288.1 1106
1741136849502 15275.2 1107
1741136860804 15266.9 1108
1741136870892 15271.6 1109
1741136881996 15278.0 1110
1741136892082 15282.1 1111
1741136903713 15279.1 1112
1741136913789 15266.4 1113
1741136925096 15289.9 1114
1741136935168 15286.0 1115
1741136945710 15273.7 1116
1741136956092 15283.1 1117
1741136966748 15292.1 1118
1741136977263 15286.9 1119
1741136987680 15286.5 1120
1741136998119 15286.5 1121
1741137008197 15289.8 1122
1741137020175 15666.4 1123
1741137030244 15334.9 1124
1741137041846 15336.1 1125
1741137051910 15340.7 1126
1741137063349 15342.9 1127
1741137073416 15355.7 1128
1741137085187 15353.1 1129
1741137095256 15350.5 1130
1741137106518 15342.6 1131
1741137116587 15344.6 1132
1741137128013 15356.3 1133
1741137140911 15358.3 1134
1741137151370 15348.9 1135
1741137161753 15364.4 1136
1741137172318 15365.4 1137
1741137182921 15360.3 1138
1741137193272 15334.5 1139
1741137203367 15349.1 1140
1741137214801 15362.5 1141
1741137224867 15384.6 1142
1741137236700 15392.7 1143
1741137246843 15414.1 1144
1741137258224 15415.5 1145
1741137268288 15415.1 1146
1741137279863 15415.1 1147
1741137289935 15424.2 1148
1741137301575 15417.0 1149
1741137311647 15424.2 1150
1741137323339 15418.6 1151
1741137333382 15420.3 1152
1741137344220 15405.1 1153
1741137354686 15417.2 1154
1741137364982 15446.3 1155
1741137375529 15432.7 1156
1741137386045 15426.1 1157
1741137396592 15427.6 1158
1741137406672 15426.3 1159
1741137416753 15782.2 1160
1741137428030 15481.7 1161
1741137438094 15488.1 1162
1741137449945 15481.0 1163
1741137460024 15477.0 1164
1741137471728 15487.9 1165
1741137481806 15491.5 1166
1741137493448 15494.9 1167
1741137503589 15505.0 1168
1741137515165 15502.7 1169
1741137525231 15495.5 1170
1741137536579 15493.6 1171
1741137548618 15513.1 1172
1741137559315 15313.9 1173
1741137570154 15369.1 1174
1741137580906 15372.5 1175
1741137591442 15373.2 1176
1741137601763 15367.6 1177
1741137616786 15365.0 1178
1741137626849 15417.4 1179
1741137638705 15419.4 1180
1741137648784 15429.1 1181
1741137660816 15428.5 1182
1741137670873 15441.0 1183
1741137682927 15442.8 1184
1741137693026 15509.8 1185
1741137703095 15700.5 1186
1741137713166 15731.1 1187
1741137723233 15738.5 1188
1741137735424 15751.9 1189
1741137748825 15621.8 1190
1741137759346 15531.6 1191
1741137770220 15512.6 1192
1741137780882 15520.2 1193
1741137792600 15506.4 1194
1741137803153 15770.5 1195
1741137813214 15610.0 1196
1741137825280 15588.5 1197
1741137835352 15566.9 1198
1741137847514 15589.6 1199
1741137857566 15570.9 1200
1741137869340 15564.8 1201
1741137879454 15533.9 1202
1741137891261 15533.5 1203
1741137901332 15543.2 1204
1741137913435 15551.6 1205
1741137923580 15553.0 1206
1741137935394 15549.2 1207
1741137945472 15543.2 1208
1741137957103 15535.2 1209
1741137967885 15561.2 1210
1741137978624 15558.6 1211
1741137989462 15550.5 1212
1741138000543 15557.6 1213
1741138011400 15566.9 1214
1741138021478 15551.5 1215
1741138031557 15868.0 1216
1741138043404 15549.8 1217
1741138053470 15546.4 1218
1741138065509 15563.4 1219
1741138075583 15609.5 1220
1741138087912 15637.8 1221
1741138097964 15630.9 1222
1741138110121 15617.5 1223
1741138120231 15605.9 1224
1741138132456 15599.3 1225
1741138142533 15604.6 1226
1741138154645 15242.8 1227
1741138166898 15245.3 1228
1741138177689 15265.9 1229
1741138188464 15263.0 1230
1741138199089 15268.0 1231
1741138209895 15272.2 1232
1741138220320 15262.9 1233
1741138230394 15257.2 1234
1741138240499 15832.2 1235
1741138250579 15308.8 1236
1741138262472 15320.7 1237
1741138272556 15334.5 1238
1741138284799 15330.5 1239
1741138294864 15285.7 1240
1741138307076 15285.0 1241
1741138317143 15293.5 1242
1741138329554 15308.3 1243
1741138339634 15302.7 1244
1741138349692 15315.0 1245
1741138360565 15316.2 1246
1741138372793 15289.8 1247
1741138383691 15314.6 1248
1741138394728 15313.4 1249
1741138405520 15308.2 1250
1741138416511 15307.7 1251
1741138427260 15305.4 1252
1741138437344 15302.1 1253
1741138447485 15874.2 1254
1741138457557 15464.3 1255
1741138467612 15167.5 1256
1741138477655 15460.4 1257
1741138490062 15402.5 1258
1741138500742 15384.5 1259
1741138510864 15283.5 1260
1741138523138 15276.1 1261
1741138533260 15261.3 1262
1741138543384 15250.2 1263
1741138555515 15251.0 1264
1741138565648 15261.2 1265
1741138578204 15262.5 1266
1741138589434 15263.6 1267
1741138600285 15288.9 1268
1741138611110 15268.0 1269
1741138621967 15252.2 1270
1741138632799 15259.2 1271
1741138642919 15255.1 1272
1741138654985 15218.4 1273
1741138665114 15484.7 1274
1741138677448 15358.3 1275
1741138687579 15373.7 1276
1741138699944 15382.4 1277
1741138710112 15422.9 1278
1741138720256 15423.0 1279
1741138730311 15434.1 1280
1741138740440 15461.7 1281
1741138750679 15485.1 1282
1741138760790 15499.4 1283
1741138773984 15450.1 1284
1741138785570 15803.7 1285
1741138797017 15848.1 1286
1741138808122 15841.9 1287
1741138818901 15746.3 1288
1741138829928 15726.0 1289
1741138841039 15630.9 1290
1741138852069 15614.6 1291
1741138862233 15694.3 1292
1741138874598 15699.1 1293
1741138884728 15652.2 1294
1741138894861 15631.9 1295
1741138906503 15633.5 1296
1741138916640 15645.1 1297
1741138929161 15653.3 1298
1741138939291 15664.0 1299
1741138949442 15651.3 1300
1741138961015 15625.2 1301
1741138971078 15589.0 1302
1741138981199 15606.5 1303
1741138992944 15618.6 1304
1741139008138 15626.0 1305
1741139020278 15535.7 1306
1741139032110 15547.7 1307
1741139044026 15561.6 1308
1741139055433 15250.5 1309
1741139067352 15246.0 1310
1741139077657 15241.7 1311
1741139091252 15247.5 1312
1741139101857 15310.6 1313
1741139112007 15488.3 1314
1741139124551 15427.1 1315
1741139134661 15422.2 1316
1741139144768 15384.3 1317
1741139156533 15387.2 1318
1741139166669 15358.2 1319
1741139176785 15358.8 1320
1741139188761 15353.3 1321
1741139198902 15344.6 1322
1741139208971 15370.6 1323
1741139220828 15365.6 1324
1741139233375 15283.2 1325
1741139244530 15282.7 1326
1741139255655 15284.6 1327
1741139266850 15283.2 1328
1741139278245 15273.2 1329
1741139291346 15273.9 1330
1741139304421 15272.7 1331
1741139314541 15325.4 1332
1741139324657 15312.4 1333
1741139336828 15315.4 1334
1741139346965 15338.2 1335
1741139357094 15277.3 1336
1741139369004 15041.9 1337
1741139379141 15035.8 1338
1741139389217 15033.6 1339
1741139401014 15044.5 1340
1741139411124 15059.9 1341
1741139421251 15046.1 1342
1741139432717 15046.3 1343
1741139442836 15013.8 1344
1741139453079 15033.5 1345
1741139464402 15035.6 1346
1741139475666 15033.8 1347
1741139487078 15038.5 1348
1741139498235 15032.5 1349
1741139508301 15033.2 1350
1741139518421 15401.2 1351
1741139530785 15075.9 1352
1741139540909 15075.8 1353
1741139551034 15085.9 1354
1741139563092 15081.4 1355
1741139573161 15090.7 1356
1741139583308 15093.3 1357
1741139596054 15100.1 1358
1741139606519 15361.2 1359
1741139616664 15364.2 1360
1741139626749 15292.2 1361
1741139636844 15317.4 1362
1741139647019 15321.6 1363
1741139657851 15202.3 1364
1741139667942 15194.1 1365
1741139680889 15198.5 1366
1741139696388 15226.7 1367
1741139706531 15236.8 1368
1741139717751 15225.3 1369
1741139730450 15187.9 1370
1741139740516 15142.5 1371
1741139750597 15540.2 1372
1741139760683 15216.4 1373
1741139770756 15252.1 1374
1741139780890 15244.7 1375
1741139790968 15241.4 1376
1741139801046 15195.0 1377
1741139811134 15188.6 1378
1741139821232 15191.4 1379
1741139831306 15191.1 1380
1741139841443 15194.4 1381
1741139851567 15193.4 1382
1741139861725 15186.3 1383
1741139871806 15201.2 1384
1741139881978 15209.4 1385
1741139894613 15220.0 1386
1741139906027 15207.6 1387
1741139918178 15187.6 1388
1741139930197 15223.9 1389
1741139942089 15243.3 1390
1741139953959 15151.8 1391
1741139964091 15214.7 1392
1741139977321 15200.8 1393
1741139987403 15224.8 1394
1741139997527 15233.2 1395
1741140009960 15233.0 1396
1741140020084 15230.5 1397
1741140030202 15223.1 1398
1741140040337 15208.9 1399
1741140052473 15203.3 1400
1741140062609 15203.3 1401
1741140072759 15216.8 1402
1741140082887 15212.1 1403
1741140095243 15204.9 1404
1741140105410 15211.6 1405
1741140115495 15198.1 1406
1741140126045 15203.9 1407
1741140137969 15224.5 1408
1741140149441 15218.2 1409
1741140160834 15221.3 1410
1741140172206 15220.7 1411
1741140182392 15219.9 1412
1741140195454 15224.8 1413
1741140205601 15270.5 1414
1741140215750 15266.6 1415
1741140228314 15289.7 1416
1741140238451 15286.9 1417
1741140248584 15302.6 1418
1741140258707 15186.8 1419
1741140270655 15006.9 1420
1741140280770 14997.6 1421
1741140290847 15018.6 1422
1741140300987 15027.7 1423
1741140313330 15042.2 1424
1741140323453 15036.8 1425
1741140333594 15015.2 1426
1741140344240 15025.8 1427
1741140356018 15040.6 1428
1741140367637 15042.3 1429
1741140379340 15045.5 1430
1741140390699 15042.2 1431
1741140400846 15036.8 1432
1741140413829 15033.2 1433
1741140423947 15093.1 1434
1741140434062 15108.2 1435
1741140444187 15076.8 1436
1741140456836 15064.4 1437
1741140466928 15065.9 1438
1741140477057 15063.7 1439
1741140487173 15067.2 1440
1741140499344 15078.3 1441
1741140509488 15098.7 1442
1741140519628 15080.8 1443
1741140529698 15162.6 1444
1741140542060 15144.4 1445
1741140552203 14983.8 1446
1741140563768 14804.4 1447
1741140575815 14807.7 1448
1741140587272 14776.9 1449
1741140599015 14767.6 1450
1741140610567 14771.7 1451
1741140620807 14767.3 1452
1741140634232 14765.7 1453
1741140644367 14804.0 1454
1741140654450 14810.1 1455
1741140664586 14825.2 1456
1741140676872 14827.7 1457
1741140687019 14828.8 1458
1741140697171 14823.4 1459
1741140709796 14828.1 1460
1741140719937 14820.1 1461
1741140730083 14830.3 1462
1741140740235 14825.9 1463
1741140752533 14830.1 1464
1741140762691 14828.4 1465
1741140772755 14813.2 1466
1741140783551 14811.8 1467
1741140795571 14824.5 1468
1741140807342 14831.1 1469
1741140819076 14830.4 1470
1741140830928 14828.4 1471
1741140841184 14830.0 1472
1741140854627 14833.5 1473
1741140864775 14589.6 1474
1741140874947 14592.2 1475
1741140885110 14593.0 1476
1741140897319 14593.7 1477
1741140907477 14616.6 1478
1741140917629 14612.1 1479
1741140927804 14613.8 1480
1741140939915 14603.2 1481
1741140949978 14642.5 1482
1741140960122 14641.7 1483
1741140970292 14654.9 1484
1741140982744 14660.9 1485
1741140992921 14666.5 1486
1741141004620 14658.0 1487
1741141016344 14338.7 1488
1741141028224 14343.0 1489
1741141040078 14334.4 1490
1741141051912 14335.4 1491
1741141062233 14331.3 1492
1741141077063 14332.3 1493
1741141087240 14399.3 1494
1741141097400 14398.1 1495
1741141107573 14412.2 1496
1741141117721 14411.6 1497
1741141130792 14417.2 1498
1741141143083 14877.5 1499
1741141155183 15123.7 1500
1741141167152 14960.9 1501
1741141178279 15014.5 1502
1741141189014 14875.3 1503
1741141199930 14954.7 1504
1741141210111 14915.6 1505
1741141220229 14910.3 1506
1741141230656 14891.0 1507
1741141243277 14918.8 1508
1741141256362 14927.8 1509
1741141266511 14940.1 1510
1741141277915 14973.3 1511
1741141290518 14970.7 1512
1741141305152 14973.8 1513
1741141320272 14972.6 1514
1741141330787 14845.0 1515
1741141340894 15036.1 1516
1741141351051 14972.3 1517
1741141361107 14962.0 1518
1741141371168 14964.7 1519
1741141381315 14982.5 1520
1741141393642 14979.6 1521
1741141403740 14971.7 1522
1741141413856 14958.1 1523
1741141423946 14954.8 1524
1741141434036 14961.3 1525
1741141444165 14974.1 1526
1741141456762 14885.6 1527
1741141466849 14867.7 1528
1741141478523 14877.0 1529
1741141490751 14886.7 1530
1741141502580 14909.4 1531
1741141514457 14918.2 1532
1741141526366 14907.5 1533
1741141536454 14816.7 1534
1741141546896 14922.5 1535
1741141557144 14872.5 1536
1741141567231 14898.1 1537
1741141577365 14938.9 1538
1741141587444 15024.4 1539
1741141597527 14657.3 1540
1741141607674 14673.1 1541
1741141620202 14670.1 1542
1741141630290 14691.9 1543
1741141640374 14680.1 1544
1741141650457 14676.7 1545
1741141660532 14677.0 1546
1741141670665 14629.1 1547
1741141683297 14674.6 1548
1741141693378 14682.3 1549
1741141705331 14676.2 1550
1741141717418 14677.1 1551
1741141729508 14681.2 1552
1741141741473 14671.5 1553
1741141753778 14685.0 1554
1741141763870 14650.9 1555
1741141774019 14764.9 1556
1741141784085 14733.3 1557
1741141794178 14706.4 1558
1741141804318 14673.7 1559
1741141814379 14681.9 1560
1741141824467 14682.8 1561
1741141834592 14679.7 1562
1741141844652 14737.1 1563
1741141854719 15053.3 1564
1741141864803 15049.3 1565
1741141875049 15004.2 1566
1741141885136 14939.5 1567
1741141895282 14845.0 1568
1741141905603 14836.9 1569
1741141916136 14843.4 1570
1741141927035 14831.3 1571
1741141937110 14828.7 1572
1741141949492 14833.7 1573
1741141962477 14834.6 1574
1741141972593 14923.7 1575
1741141984397 14906.3 1576
1741141999041 14929.8 1577
1741142015039 14940.3 1578
1741142025844 15677.1 1579
1741142036291 15747.5 1580
1741142047116 15638.3 1581
1741142058342 15287.6 1582
1741142070019 16026.8 1583
1741142081576 16018.2 1584
1741142093131 14627.1 1585
1741142103307 14107.6 1586
1741142113383 14039.8 1587
1741142123447 13861.4 1588
1741142133597 13691.4 1589
1741142143652 13773.9 1590
1741142153723 13758.8 1591
1741142168581 13765.0 1592
1741142180807 13654.0 1593
1741142192925 13646.2 1594
1741142205150 13655.8 1595
1741142217797 13656.7 1596
1741142230037 13734.1 1597
1741142240842 13717.1 1598
1741142255766 13699.2 1599
1741142265847 13681.4 1600
1741142275937 13752.0 1601
1741142286080 13700.7 1602
1741142296175 13700.3 1603
1741142306265 13685.6 1604
1741142316318 13660.5 1605
1741142326374 13655.8 1606
1741142336445 13670.5 1607
1741142346540 13597.1 1608
1741142356672 13544.0 1609
1741142366739 13539.7 1610
1741142376841 13487.4 1611
1741142386900 13434.8 1612
1741142400546 13520.5 1613
1741142413296 13523.3 1614
1741142425777 13519.4 1615
1741142437917 13527.0 1616
1741142450034 13531.7 1617
1741142462242 13538.4 1618
1741142473165 13536.9 1619
1741142487244 13531.2 1620
1741142497331 13278.0 1621
1741142507417 13313.6 1622
1741142517505 13327.1 1623
1741142527593 13336.2 1624
1741142537765 13546.3 1625
1741142548373 13560.5 1626
1741142559871 13734.1 1627
1741142571379 14078.3 1628
1741142582594 14161.9 1629
1741142593525 13948.7 1630
1741142604798 13936.5 1631
1741142616554 13935.1 1632
1741142627923 13961.4 1633
1741142638200 13904.0 1634
1741142649376 13891.0 1635
1741142659582 13849.0 1636
1741142671956 13843.0 1637
1741142682092 13803.9 1638
1741142694212 13806.3 1639
1741142704340 13837.8 1640
1741142716451 13839.3 1641
1741142726576 13797.0 1642
1741142738754 13884.5 1643
1741142749515 13904.0 1644
1741142760319 13882.8 1645
1741142771840 13990.6 1646
1741142782557 14036.9 1647
1741142793800 13955.5 1648
1741142805077 14023.7 1649
1741142816011 13986.4 1650
1741142827256 14223.1 1651
1741142838383 14426.7 1652
1741142849232 14425.8 1653
1741142859695 14396.1 1654
1741142870976 14268.1 1655
1741142882247 14644.2 1656
1741142893079 14791.4 1657
1741142904265 14821.1 1658
1741142914383 14796.3 1659
1741142927423 14784.8 1660
1741142937499 14650.5 1661
1741142949625 14649.8 1662
1741142962561 14728.7 1663
1741142975576 14669.2 1664
1741142985665 14645.5 1665
1741142998641 15161.1 1666
1741143008830 14796.6 1667
1741143019154 14775.2 1668
1741143030388 14789.4 1669
1741143041000 14983.6 1670
1741143051547 15120.4 1671
1741143061867 15114.1 1672
1741143072300 15002.1 1673
1741143082748 15054.7 1674
1741143093534 15046.1 1675
1741143104125 15031.2 1676
1741143114453 15126.2 1677
1741143125265 15142.9 1678
1741143136022 15112.5 1679
1741143148075 15261.4 1680
1741143161120 15384.8 1681
1741143173918 15423.7 1682
1741143186794 15473.1 1683
1741143199768 15461.5 1684
1741143212705 15570.1 1685
1741143224895 15507.8 1686
1741143240837 15776.2 1687
1741143251475 15624.6 1688
1741143261813 15289.8 1689
1741143272285 15380.4 1690
1741143282561 15295.6 1691
1741143292958 15279.8 1692
1741143303220 15305.1 1693
1741143313686 15297.6 1694
1741143324092 15376.3 1695
1741143335765 15318.9 1696
1741143346746 15367.2 1697
1741143357252 15340.6 1698
1741143367631 15317.6 1699
1741143378377 15310.8 1700
1741143389267 15311.0 1701
1741143400077 15330.0 1702
1741143412957 15410.8 1703
1741143423063 15516.4 1704
1741143435511 15651.7 1705
1741143448595 15608.2 1706
1741143462016 15551.0 1707
1741143474144 15632.8 1708
1741143490380 15743.1 1709
1741143501229 15815.6 1710
1741143512028 15781.9 1711
1741143522982 15855.2 1712
1741143533774 15706.8 1713
1741143544190 15715.4 1714
1741143555297 15676.2 1715
1741143565965 15404.8 1716
1741143576731 15348.2 1717
1741143587135 15320.5 1718
1741143597629 15204.3 1719
1741143608508 15236.6 1720
1741143619074 15313.8 1721
1741143629982 15350.7 1722
1741143640938 15335.7 1723
1741143651758 15553.1 1724
1741143661854 15552.2 1725
1741143673714 15657.6 1726
1741143686496 15542.9 1727
1741143699347 15515.3 1728
1741143709428 15470.9 1729
1741143721360 15659.4 1730
1741143731470 15658.1 1731
1741143741697 16082.7 1732
1741143751786 15701.4 1733
1741143761866 15812.8 1734
1741143772428 15753.9 1735
1741143782838 15656.2 1736
1741143793623 15619.0 1737
1741143804186 15607.1 1738
1741143815247 15559.2 1739
1741143825663 15574.2 1740
1741143836720 15532.1 1741
1741143847640 15941.3 1742
1741143858942 15830.6 1743
1741143870353 15381.8 1744
1741143881508 15636.3 1745
1741143892313 15651.1 1746
1741143903478 15563.4 1747
1741143913570 15582.5 1748
1741143925874 15581.6 1749
1741143935959 15581.3 1750
1741143948875 15781.5 1751
1741143958958 15802.3 1752
1741143971526 15694.0 1753
1741143981633 15625.9 1754
1741143996374 15883.1 1755
1741144007223 15056.2 1756
1741144018162 15028.5 1757
1741144029271 15043.4 1758
1741144040287 15189.7 1759
1741144052400 15226.3 1760
1741144064066 15447.0 1761
1741144075018 15755.5 1762
1741144085676 15600.7 1763
1741144096878 15188.5 1764
1741144107769 15331.9 1765
1741144119053 15312.4 1766
1741144130084 15243.5 1767
1741144141327 15247.4 1768
1741144152225 15120.5 1769
1741144163807 14913.1 1770
1741144173899 14803.5 1771
1741144183988 14751.7 1772
1741144197285 15225.8 1773
1741144207455 15170.7 1774
1741144219893 15094.1 1775
1741144230005 15023.8 1776
1741144240416 14939.9 1777
1741144256045 14958.4 1778
1741144266829 15069.7 1779
1741144277778 15089.2 1780
1741144288592 15076.1 1781
1741144299325 15057.3 1782
1741144310482 15012.3 1783
1741144321733 15040.5 1784
1741144332957 14901.0 1785
1741144344202 15297.6 1786
1741144356033 15235.1 1787
1741144368182 15532.1 1788
1741144379117 15541.4 1789
1741144389935 15359.3 1790
1741144400598 15303.5 1791
1741144411260 15266.2 1792
1741144422593 15186.9 1793
1741144432690 15207.0 1794
1741144445153 15223.8 1795
1741144455259 15232.0 1796
1741144467743 14869.2 1797
1741144477908 14868.2 1798
1741144490068 14818.1 1799
1741144500131 14847.7 1800
1741144511759 14944.0 1801
1741144522353 14889.1 1802
1741144532938 14896.5 1803
1741144543554 14893.0 1804
1741144553883 14869.2 1805
1741144564323 14887.6 1806
1741144575018 14816.0 1807
1741144585395 14819.9 1808
1741144595868 14809.0 1809
1741144606412 14793.4 1810
1741144616897 14612.4 1811
1741144627395 14634.7 1812
1741144638021 14628.8 1813
1741144648436 14649.4 1814
1741144658806 14646.1 1815
1741144669551 14626.1 1816
1741144679646 14656.8 1817
1741144691794 14688.5 1818
1741144701872 14659.0 1819
1741144713739 14653.4 1820
1741144723833 14647.2 1821
1741144735823 14633.5 1822
1741144745906 14668.6 1823
1741144759116 14704.2 1824
1741144770164 14509.8 1825
1741144780730 14504.3 1826
1741144791389 14146.1 1827
1741144802541 14233.5 1828
1741144813532 14311.2 1829
1741144824768 14318.9 1830
1741144836237 14435.5 1831
1741144847801 14558.2 1832
1741144858740 14595.1 1833
1741144870026 14595.5 1834
1741144881352 14580.1 1835
1741144892647 14745.4 1836
1741144904108 14724.7 1837
1741144914782 14727.1 1838
1741144927366 14768.2 1839
1741144937475 14797.2 1840
1741144950729 14743.2 1841
1741144960865 14716.7 1842
1741144974071 14727.0 1843
1741144986464 14743.0 1844
1741144996543 14763.1 1845
1741145006753 14699.4 1846
1741145020496 15099.7 1847
1741145031526 14998.9 1848
1741145042378 14943.7 1849
1741145053078 14708.6 1850
1741145064081 14533.6 1851
1741145074888 14598.2 1852
1741145085668 14597.4 1853
1741145096626 14642.8 1854
1741145108241 14613.8 1855
1741145119233 14695.8 1856
1741145130085 14646.8 1857
1741145140941 14654.1 1858
1741145151938 14575.8 1859
1741145163312 14601.5 1860
1741145174004 14658.5 1861
1741145185384 14622.9 1862
1741145195464 14745.5 1863
1741145208934 14693.3 1864
1741145219046 15009.5 1865
1741145229203 15025.3 1866
1741145242149 15333.2 1867
1741145252241 15193.8 1868
1741145263355 15090.0 1869
1741145278725 15051.4 1870
1741145290419 15101.0 1871
1741145301469 15075.8 1872
1741145312673 15032.7 1873
1741145323775 14985.8 1874
1741145334753 14950.2 1875
1741145345780 14974.7 1876
1741145356920 14966.9 1877
1741145368346 14898.8 1878
1741145379916 14924.0 1879
1741145390873 14899.0 1880
1741145402104 14935.5 1881
1741145413840 15001.5 1882
1741145425493 14878.4 1883
1741145436886 14570.6 1884
1741145448583 14548.0 1885
1741145459811 14632.9 1886
1741145471287 14688.5 1887
1741145483914 14704.8 1888
1741145493985 14717.8 1889
1741145504054 14729.0 1890
1741145517146 14788.1 1891
1741145527212 14919.9 1892
1741145537278 14882.9 1893
1741145550357 14872.7 1894
1741145560517 14788.5 1895
1741145573294 14872.7 1896
1741145584439 14636.4 1897
1741145595732 14711.3 1898
1741145606607 14722.4 1899
1741145617511 14738.2 1900
1741145629672 14601.1 1901
1741145641062 14861.6 1902
1741145652418 14983.7 1903
1741145663622 15034.1 1904
1741145675647 14860.9 1905
1741145687063 14752.3 1906
1741145698119 14849.7 1907
1741145708894 14711.0 1908
1741145720093 14649.2 1909
1741145730669 14816.8 1910
1741145741530 14657.9 1911
1741145752158 14684.6 1912
1741145763033 14783.8 1913
1741145775274 14796.2 1914
1741145785432 14828.9 1915
1741145798130 15026.2 1916
1741145808222 14987.6 1917
1741145820547 14965.2 1918
1741145830678 14891.1 1919
1741145843304 15099.3 1920
1741145853400 15067.8 1921
1741145863551 15463.4 1922
1741145874901 15039.1 1923
1741145885992 15131.2 1924
1741145896865 15076.8 1925
1741145907895 15015.0 1926
1741145919032 15084.4 1927
1741145930101 15016.2 1928
1741145940793 15076.5 1929
1741145952008 15013.8 1930
1741145963277 15054.5 1931
1741145974332 14861.9 1932
1741145985729 14682.5 1933
1741145996792 14699.2 1934
1741146007908 14730.8 1935
1741146018817 14676.6 1936
1741146029565 14628.4 1937
1741146040487 14647.5 1938
1741146051952 14593.0 1939
1741146064377 14616.5 1940
1741146074525 14607.1 1941
1741146086694 14602.4 1942
1741146096792 14642.6 1943
1741146109918 14644.9 1944
1741146120040 14662.0 1945
1741146132888 14661.7 1946
1741146142991 14670.1 1947
1741146153060 15116.2 1948
1741146163210 14750.8 1949
1741146174192 14658.1 1950
1741146186023 15011.5 1951
1741146197026 15236.8 1952
1741146207788 15226.4 1953
1741146218768 15076.7 1954
1741146229518 15053.0 1955
1741146240238 14909.7 1956
1741146251011 14926.3 1957
1741146261849 14918.3 1958
1741146272643 14753.4 1959
1741146283290 14732.3 1960
1741146294240 14736.0 1961
1741146305059 14759.2 1962
1741146315766 14768.3 1963
1741146326662 14756.3 1964
1741146337435 14758.9 1965
1741146349684 14735.1 1966
1741146359842 14716.2 1967
1741146372164 14742.8 1968
1741146382252 14740.8 1969
1741146394676 14612.6 1970
1741146404825 14564.2 1971
1741146417071 14527.0 1972
1741146435259 14545.5 1973
1741146446357 14630.4 1974
1741146457220 14673.5 1975
1741146468253 14712.0 1976
1741146479134 14411.1 1977
1741146490033 14464.2 1978
1741146501471 14449.2 1979
1741146512346 14466.0 1980
1741146523301 14431.3 1981
1741146534241 14458.5 1982
1741146545110 14462.5 1983
1741146555798 14457.7 1984
1741146566667 14432.3 1985
1741146577719 14350.2 1986
1741146588975 14408.8 1987
1741146599655 14365.0 1988
1741146610512 14367.0 1989
1741146621226 14369.9 1990
1741146633538 14338.1 1991
1741146643686 14342.5 1992
1741146656522 14346.1 1993
1741146666611 14383.3 1994
1741146679065 14406.6 1995
1741146689197 14352.6 1996
1741146701631 14336.1 1997
1741146711718 14321.0 1998
1741146721813 14806.2 1999
1741146731966 14432.4 2000
1741146742057 14414.1 2001
1741146752880 14419.3 2002
1741146763795 14428.0 2003
1741146774578 14404.3 2004
1741146785401 14396.7 2005
1741146796269 14397.5 2006
1741146807222 14380.6 2007
1741146818221 14393.7 2008
1741146829198 14397.0 2009
1741146840113 14405.8 2010
1741146851110 14415.4 2011
1741146861909 14689.2 2012
1741146872693 14658.0 2013
1741146883401 14667.9 2014
1741146894326 14668.7 2015
1741146905170 14665.1 2016
1741146917446 14672.0 2017
1741146927625 14656.4 2018
1741146940158 14648.6 2019
1741146950228 14659.0 2020
1741146963065 14675.3 2021
1741146973247 14707.6 2022
1741146985600 14708.1 2023
1741146995687 14696.4 2024
1741147005784 15132.1 2025
1741147015867 14751.7 2026
1741147025952 14770.4 2027
1741147036465 14804.5 2028
1741147047267 14776.6 2029
1741147058226 14761.8 2030
1741147069213 14763.8 2031
1741147080154 14791.0 2032
1741147091116 14788.6 2033
1741147101993 14776.4 2034
1741147112924 14775.5 2035
1741147123890 14783.5 2036
1741147134755 14760.6 2037
1741147145550 14750.4 2038
1741147156356 14749.3 2039
1741147167381 14727.3 2040
1741147178283 14729.2 2041
1741147189326 14737.1 2042
1741147201910 14749.0 2043
1741147211993 14745.9 2044
1741147224731 14748.8 2045
1741147234822 14729.3 2046
1741147247622 14724.0 2047
1741147257790 14753.9 2048
1741147270364 14753.1 2049
1741147280452 14742.8 2050
1741147290608 15150.4 2051
1741147300685 14772.1 2052
1741147310750 14809.7 2053
1741147324445 14930.5 2054
1741147341605 15548.2 2055
1741147353397 15749.3 2056
1741147364832 15421.8 2057
1741147376112 15389.1 2058
1741147387448 15369.3 2059
1741147398718 15379.4 2060
1741147409919 15418.2 2061
1741147421196 15412.9 2062
1741147432570 15428.6 2063
1741147444006 15451.2 2064
1741147455265 15293.7 2065
1741147466297 15311.1 2066
1741147477256 15297.9 2067
1741147488596 15286.2 2068
1741147501206 15250.8 2069
1741147511280 15251.1 2070
1741147524318 15252.5 2071
1741147534413 15244.4 2072
1741147547185 15244.3 2073
1741147557264 15244.0 2074
1741147570038 15221.5 2075
1741147580132 15236.3 2076
1741147590292 15634.6 2077
1741147600807 15284.4 2078
1741147611841 15291.2 2079
1741147622740 15064.6 2080
1741147633813 15076.1 2081
1741147644841 15098.3 2082
1741147655822 15090.9 2083
1741147667027 15101.7 2084
1741147678043 15101.1 2085
1741147689084 15096.4 2086
1741147700336 15102.7 2087
1741147711938 15103.4 2088
1741147722949 15110.5 2089
1741147734489 15115.7 2090
1741147745478 15110.5 2091
1741147756654 15125.4 2092
1741147767640 15101.1 2093
1741147778868 14761.5 2094
1741147791673 14754.6 2095
1741147801845 14792.2 2096
1741147814754 14802.1 2097
1741147824847 14811.6 2098
1741147837981 14807.5 2099
1741147848086 14806.0 2100
1741147860636 14822.5 2101
1741147870731 14805.9 2102
1741147880799 15273.3 2103
1741147890939 14874.0 2104
1741147901024 14901.4 2105
1741147911911 14909.1 2106
1741147922853 14884.9 2107
1741147933797 14898.9 2108
1741147944771 14893.8 2109
1741147956019 14889.3 2110
1741147966995 14884.1 2111
1741147978172 14890.0 2112
1741147989207 14908.2 2113
1741148000187 14913.4 2114
1741148011238 14910.0 2115
1741148022339 14895.4 2116
1741148033367 14891.4 2117
1741148044606 14906.3 2118
1741148055646 14906.7 2119
1741148066716 14909.7 2120
1741148079119 14905.6 2121
1741148089209 14903.8 2122
1741148102341 14928.7 2123
1741148112428 14938.3 2124
1741148125421 14929.8 2125
1741148135519 14926.5 2126
1741148148318 14935.6 2127
1741148166809 14917.0 2128
1741148177914 14997.3 2129
1741148188892 14997.5 2130
1741148199964 15004.9 2131
1741148211135 15007.5 2132
1741148222391 15008.2 2133
1741148233553 15014.8 2134
1741148244720 15008.0 2135
1741148256002 15009.7 2136
1741148266909 15005.4 2137
1741148278217 15021.9 2138
1741148289389 15020.8 2139
1741148300360 15020.4 2140
1741148311304 15033.1 2141
1741148322307 15017.8 2142
1741148333595 15011.7 2143
1741148344942 15019.2 2144
1741148355931 15070.3 2145
1741148368656 15046.5 2146
1741148378737 15023.9 2147
1741148392026 15038.4 2148
1741148402167 15031.9 2149
1741148414998 15036.9 2150
1741148425088 15018.7 2151
1741148437791 15011.0 2152
1741148447884 15017.6 2153
1741148457992 15461.8 2154
1741148468072 14988.9 2155
1741148478568 15000.6 2156
1741148489741 15030.8 2157
1741148500887 15028.5 2158
1741148512028 15031.1 2159
1741148523129 15138.7 2160
1741148534190 14875.8 2161
1741148545210 14904.8 2162
1741148556537 14905.3 2163
1741148567712 14924.0 2164
1741148578745 14919.7 2165
1741148589825 14924.5 2166
1741148600966 14918.0 2167
1741148611859 14924.4 2168
1741148623225 14908.3 2169
1741148634452 14903.8 2170
1741148645523 14911.9 2171
1741148658093 14916.6 2172
1741148668175 14906.5 2173
1741148678264 14913.8 2174
1741148691172 14909.2 2175
1741148701350 14931.2 2176
1741148714538 14945.3 2177
1741148724633 14931.4 2178
