1741090772915 0.0 0
1741090782980 27.2 1
1741090793086 22.3 2
1741090803167 21.9 3
1741090813244 21.0 4
1741090823440 21.2 5
1741090833553 22.4 6
1741090843627 28.9 7
1741090853725 18.6 8
1741090863779 16.3 9
1741090873817 25.1 10
1741090883869 25.3 11
1741090893916 27.6 12
1741090903971 25.6 13
1741090914074 38.9 14
1741090924120 28.9 15
1741090934174 30.7 16
1741090944246 29.9 17
1741090954332 18.5 18
1741090964377 28.9 19
1741090974423 23.1 20
1741090984464 20.2 21
1741090994509 22.9 22
1741091004568 21.6 23
1741091014658 20.6 24
1741091024711 21.7 25
1741091034773 26.1 26
1741091045164 18.1 27
1741091055389 20.0 28
1741091065430 21.9 29
1741091075525 22.3 30
1741091085574 22.4 31
1741091095616 22.9 32
1741091105700 22.9 33
1741091115751 20.2 34
1741091125811 25.9 35
1741091135956 25.2 36
1741091145996 14.9 37
1741091156034 22.4 38
1741091166145 22.2 39
1741091176195 19.7 40
1741091186241 22.8 41
1741091196340 21.4 42
1741091206387 19.5 43
1741091216595 22.7 44
1741091227305 27.0 45
1741091237537 15.4 46
1741091247664 24.4 47
1741091257829 21.5 48
1741091268074 20.5 49
1741091278124 23.6 50
1741091288246 21.7 51
1741091298287 20.9 52
1741091308345 23.1 53
1741091318467 26.0 54
1741091328511 20.1 55
1741091338776 18.5 56
1741091348900 22.1 57
1741091358973 21.3 58
1741091369017 22.1 59
1741091379105 26.9 60
1741091389163 18.7 61
1741091399207 21.8 62
1741091409306 21.6 63
1741091419390 23.0 64
1741091429422 21.5 65
1741091439527 19.0 66
1741091449575 19.0 67
1741091459616 19.2 68
1741091470122 22.1 69
1741091480163 18.2 70
1741091490224 21.6 71
1741091500692 22.3 72
1741091510860 19.3 73
1741091520922 23.5 74
1741091530983 30.9 75
1741091541089 21.7 76
1741091551128 24.6 77
1741091561170 25.2 78
1741091571288 25.9 79
1741091581342 30.6 80
1741091591387 27.2 81
1741091601557 26.2 82
1741091611611 23.1 83
1741091621660 24.9 84
1741091631785 26.0 85
1741091641832 15.6 86
1741091651875 25.8 87
1741091661978 24.1 88
1741091672029 19.6 89
1741091682081 23.9 90
1741091692207 24.1 91
1741091702258 23.4 92
1741091712306 23.2 93
1741091722805 26.0 94
1741091733330 25.9 95
