1741090772915 253043.2 0
1741090782980 253043.2 1
1741090793086 253043.2 2
1741090803167 253043.2 3
1741090813244 253043.2 4
1741090823440 253043.2 5
1741090833553 253043.2 6
1741090843627 253043.2 7
1741090853725 253043.8 8
1741090863779 253055.0 9
1741090873817 253055.0 10
1741090883869 253055.0 11
1741090893916 253055.0 12
1741090903971 253055.0 13
1741090914074 253055.5 14
1741090924120 253055.5 15
1741090934174 253055.5 16
1741090944246 253055.5 17
1741090954332 253056.0 18
1741090964377 253056.0 19
1741090974423 253056.0 20
1741090984464 253056.0 21
1741090994509 253056.0 22
1741091004568 253056.1 23
1741091014658 253056.1 24
1741091024711 253056.1 25
1741091034773 253056.1 26
1741091045164 253056.6 27
1741091055389 253056.6 28
1741091065430 253056.6 29
1741091075525 253056.6 30
1741091085574 253056.6 31
1741091095616 253056.6 32
1741091105700 253056.6 33
1741091115751 253056.6 34
1741091125811 253056.6 35
1741091135956 253057.0 36
1741091145996 253057.0 37
1741091156034 253057.0 38
1741091166145 253057.0 39
1741091176195 253057.0 40
1741091186241 253057.0 41
1741091196340 253057.0 42
1741091206387 253057.0 43
1741091216595 253057.0 44
1741091227305 253057.0 45
1741091237537 253057.5 46
1741091247664 253057.5 47
1741091257829 253057.5 48
1741091268074 253057.5 49
1741091278124 253057.5 50
1741091288246 253057.5 51
1741091298287 253057.5 52
1741091308345 253057.5 53
1741091318467 253057.5 54
1741091328511 253057.9 55
1741091338776 253057.9 56
1741091348900 253057.9 57
1741091358973 253057.9 58
1741091369017 253057.9 59
1741091379105 253057.9 60
1741091389163 253057.9 61
1741091399207 253057.9 62
1741091409306 253057.9 63
1741091419390 253057.9 64
1741091429422 253058.4 65
1741091439527 253058.4 66
1741091449575 253058.4 67
1741091459616 253058.4 68
1741091470122 253058.4 69
1741091480163 253058.4 70
1741091490224 253058.4 71
1741091500692 253058.4 72
1741091510860 253058.4 73
1741091520922 253058.4 74
1741091530983 253058.4 75
1741091541089 253058.8 76
1741091551128 253058.8 77
1741091561170 253058.8 78
1741091571288 253058.8 79
1741091581342 253058.8 80
1741091591387 253058.8 81
1741091601557 253058.8 82
1741091611611 253058.8 83
1741091621660 253058.8 84
1741091631785 253058.8 85
1741091641832 253059.2 86
1741091651875 253059.2 87
1741091661978 253059.2 88
1741091672029 253059.2 89
1741091682081 253059.2 90
1741091692207 253059.2 91
1741091702258 253059.2 92
1741091712306 253059.2 93
1741091722805 253059.2 94
1741091733330 253059.2 95
