1741090772915 46.1 0
1741090782980 46.1 1
1741090793086 46.1 2
1741090803167 46.1 3
1741090813244 46.1 4
1741090823440 46.1 5
1741090833553 46.1 6
1741090843627 46.1 7
1741090853725 46.1 8
1741090863779 46.1 9
1741090873817 46.1 10
1741090883869 46.1 11
1741090893916 46.1 12
1741090903971 46.1 13
1741090914074 46.1 14
1741090924120 46.1 15
1741090934174 46.1 16
1741090944246 46.1 17
1741090954332 46.1 18
1741090964377 46.1 19
1741090974423 46.1 20
1741090984464 46.1 21
1741090994509 46.1 22
1741091004568 46.1 23
1741091014658 46.1 24
1741091024711 46.1 25
1741091034773 46.1 26
1741091045164 46.1 27
1741091055389 46.1 28
1741091065430 46.1 29
1741091075525 46.1 30
1741091085574 46.1 31
1741091095616 46.1 32
1741091105700 46.1 33
1741091115751 46.1 34
1741091125811 46.1 35
1741091135956 46.1 36
1741091145996 46.1 37
1741091156034 46.1 38
1741091166145 46.1 39
1741091176195 46.1 40
1741091186241 46.1 41
1741091196340 46.1 42
1741091206387 46.1 43
1741091216595 46.1 44
1741091227305 46.1 45
1741091237537 46.1 46
1741091247664 46.1 47
1741091257829 46.1 48
1741091268074 46.1 49
1741091278124 46.1 50
1741091288246 46.1 51
1741091298287 46.1 52
1741091308345 46.1 53
1741091318467 46.1 54
1741091328511 46.1 55
1741091338776 46.1 56
1741091348900 46.1 57
1741091358973 46.1 58
1741091369017 46.1 59
1741091379105 46.1 60
1741091389163 46.1 61
1741091399207 46.1 62
1741091409306 46.1 63
1741091419390 46.1 64
1741091429422 46.1 65
1741091439527 46.1 66
1741091449575 46.1 67
1741091459616 46.1 68
1741091470122 46.1 69
1741091480163 46.1 70
1741091490224 46.1 71
1741091500692 46.1 72
1741091510860 46.1 73
1741091520922 46.1 74
1741091530983 46.1 75
1741091541089 46.1 76
1741091551128 46.1 77
1741091561170 46.1 78
1741091571288 46.1 79
1741091581342 46.1 80
1741091591387 46.1 81
1741091601557 46.1 82
1741091611611 46.1 83
1741091621660 46.1 84
1741091631785 46.1 85
1741091641832 46.1 86
1741091651875 46.1 87
1741091661978 46.1 88
1741091672029 46.1 89
1741091682081 46.1 90
1741091692207 46.1 91
1741091702258 46.1 92
1741091712306 46.1 93
1741091722805 46.1 94
1741091733330 46.1 95
