1741090772915 295315.9 0
1741090782980 295315.9 1
1741090793086 295315.9 2
1741090803167 295315.9 3
1741090813244 295315.9 4
1741090823440 295315.9 5
1741090833553 295315.9 6
1741090843627 295315.9 7
1741090853725 295315.3 8
1741090863779 295304.1 9
1741090873817 295304.1 10
1741090883869 295304.1 11
1741090893916 295304.1 12
1741090903971 295304.1 13
1741090914074 295303.6 14
1741090924120 295303.6 15
1741090934174 295303.6 16
1741090944246 295303.6 17
1741090954332 295303.1 18
1741090964377 295303.1 19
1741090974423 295303.1 20
1741090984464 295303.1 21
1741090994509 295303.1 22
1741091004568 295303.0 23
1741091014658 295303.0 24
1741091024711 295303.0 25
1741091034773 295303.0 26
1741091045164 295302.5 27
1741091055389 295302.5 28
1741091065430 295302.5 29
1741091075525 295302.5 30
1741091085574 295302.5 31
1741091095616 295302.5 32
1741091105700 295302.5 33
1741091115751 295302.5 34
1741091125811 295302.5 35
1741091135956 295302.1 36
1741091145996 295302.1 37
1741091156034 295302.1 38
1741091166145 295302.1 39
1741091176195 295302.1 40
1741091186241 295302.1 41
1741091196340 295302.1 42
1741091206387 295302.1 43
1741091216595 295302.1 44
1741091227305 295302.1 45
1741091237537 295301.6 46
1741091247664 295301.6 47
1741091257829 295301.6 48
1741091268074 295301.6 49
1741091278124 295301.6 50
1741091288246 295301.6 51
1741091298287 295301.6 52
1741091308345 295301.6 53
1741091318467 295301.6 54
1741091328511 295301.2 55
1741091338776 295301.2 56
1741091348900 295301.2 57
1741091358973 295301.2 58
1741091369017 295301.2 59
1741091379105 295301.2 60
1741091389163 295301.2 61
1741091399207 295301.2 62
1741091409306 295301.2 63
1741091419390 295301.2 64
1741091429422 295300.7 65
1741091439527 295300.7 66
1741091449575 295300.7 67
1741091459616 295300.7 68
1741091470122 295300.7 69
1741091480163 295300.7 70
1741091490224 295300.7 71
1741091500692 295300.7 72
1741091510860 295300.7 73
1741091520922 295300.7 74
1741091530983 295300.7 75
1741091541089 295300.3 76
1741091551128 295300.3 77
1741091561170 295300.3 78
1741091571288 295300.3 79
1741091581342 295300.3 80
1741091591387 295300.3 81
1741091601557 295300.3 82
1741091611611 295300.3 83
1741091621660 295300.3 84
1741091631785 295300.3 85
1741091641832 295299.9 86
1741091651875 295299.9 87
1741091661978 295299.9 88
1741091672029 295299.9 89
1741091682081 295299.9 90
1741091692207 295299.9 91
1741091702258 295299.9 92
1741091712306 295299.9 93
1741091722805 295299.9 94
1741091733330 295299.9 95
