1741090772915 5.99999999622014e-05 0
1741090782980 0.26478800000006686 1
1741090793086 0.8369149999999763 2
1741090803167 0.9356310000000576 3
1741090813244 4.761719999999968 4
1741090823440 5.140480000000025 5
1741090833553 6.201573000000053 6
1741090843627 7.199480999999992 7
1741090853725 7.969567999999981 8
1741090863779 9.306605999999988 9
1741090873817 10.377173999999968 10
1741090883869 12.074025000000006 11
1741090893916 12.822316999999998 12
1741090903971 13.415733000000046 13
1741090914074 17.898777999999993 14
1741090924120 27.565428999999995 15
1741090934174 29.133677000000034 16
1741090944246 29.730334999999968 17
1741090954332 30.49786400000005 18
1741090964377 32.797536000000036 19
1741090974423 33.94181800000001 20
1741090984464 34.65272300000004 21
1741090994509 35.22772199999997 22
1741091004568 35.95063000000005 23
1741091014658 37.691868 24
1741091024711 38.92181000000005 25
1741091034773 40.015153000000055 26
1741091045164 40.84178700000007 27
1741091055389 43.390049999999974 28
1741091065430 44.28618400000005 29
1741091075525 45.53604900000005 30
1741091085574 46.43239100000005 31
1741091095616 47.940761000000066 32
1741091105700 48.68909300000007 33
1741091115751 50.08513400000004 34
1741091125811 51.368760000000066 35
1741091135956 52.118645000000015 36
1741091145996 52.930747999999994 37
1741091156034 53.88184699999999 38
1741091166145 55.092914000000064 39
1741091176195 56.02281400000004 40
1741091186241 56.73567600000001 41
1741091196340 57.98413400000004 42
1741091206387 60.06560300000001 43
1741091216595 61.29376500000001 44
1741091227305 62.16458299999999 45
1741091237537 64.652334 46
1741091247664 66.66159900000002 47
1741091257829 68.55860600000005 48
1741091268074 69.87809500000003 49
1741091278124 71.29724599999997 50
1741091288246 72.99845100000005 51
1741091298287 75.22602900000004 52
1741091308345 76.60808800000007 53
1741091318467 78.51605000000006 54
1741091328511 81.78065200000003 55
1741091338776 85.76689799999997 56
1741091348900 89.96641399999999 57
1741091358973 92.79643699999997 58
1741091369017 93.71137499999998 59
1741091379105 94.19763 60
1741091389163 95.51472999999999 61
1741091399207 96.61854200000005 62
1741091409306 98.04748000000006 63
1741091419390 99.07652700000006 64
1741091429422 99.71935700000006 65
1741091439527 100.90146300000004 66
1741091449575 101.66307200000006 67
1741091459616 102.317948 68
1741091470122 104.354964 69
1741091480163 105.997926 70
1741091490224 107.34247100000005 71
1741091500692 109.27362000000005 72
1741091510860 113.16459800000007 73
1741091520922 115.21058300000004 74
1741091530983 117.81524999999999 75
1741091541089 119.99835600000006 76
1741091551128 122.16548899999998 77
1741091561170 124.835915 78
1741091571288 127.87060199999996 79
1741091581342 131.16969000000006 80
1741091591387 134.10855400000003 81
1741091601557 136.68879300000003 82
1741091611611 138.60170100000005 83
1741091621660 142.21854900000005 84
1741091631785 143.76476000000002 85
1741091641832 144.145844 86
1741091651875 144.50304700000004 87
1741091661978 144.874953 88
1741091672029 145.46692200000007 89
1741091682081 145.84882900000002 90
1741091692207 146.38318300000003 91
1741091702258 146.795348 92
1741091712306 149.46474 93
1741091722805 152.04477900000006 94
1741091733330 154.79721600000005 95
