1741090772915 0.0 0
1741090782980 0.27642200000002504 1
1741090793086 0.839191000000028 2
1741090803167 0.9472640000000183 3
1741090813244 4.777227000000039 4
1741090823440 5.1561530000000175 5
1741090833553 6.2185360000000856 6
1741090843627 7.211753000000044 7
1741090853725 7.992912000000047 8
1741090863779 9.336636999999996 9
1741090873817 10.396322000000055 10
1741090883869 12.08742200000006 11
1741090893916 12.838905000000068 12
1741090903971 13.444758000000093 13
1741090914074 14.46632800000009 14
1741090924120 16.0671890000001 15
1741090934174 17.004455000000007 16
1741090944246 17.62307300000009 17
1741090954332 18.409172000000012 18
1741090964377 20.156777000000034 19
1741090974423 21.27568000000008 20
1741090984464 22.035785000000033 21
1741090994509 22.619038000000046 22
1741091004568 23.369625000000042 23
1741091014658 25.12548000000004 24
1741091024711 26.37407600000006 25
1741091034773 27.472890000000007 26
1741091045164 28.32276200000001 27
1741091055389 30.88875900000005 28
1741091065430 31.820539000000053 29
1741091075525 33.07741400000009 30
1741091085574 33.7768880000001 31
1741091095616 35.03132000000005 32
1741091105700 35.60842200000002 33
1741091115751 36.85066100000006 34
1741091125811 38.0512480000001 35
1741091135956 38.68437300000005 36
1741091145996 39.47464500000001 37
1741091156034 40.37974600000007 38
1741091166145 41.61454600000002 39
1741091176195 42.54797400000007 40
1741091186241 43.28159500000004 41
1741091196340 44.5512040000001 42
1741091206387 46.62954300000001 43
1741091216595 47.875801000000024 44
1741091227305 48.697455000000105 45
1741091237537 50.14507900000001 46
1741091247664 51.11532700000009 47
1741091257829 52.7865680000001 48
1741091268074 53.94963000000007 49
1741091278124 55.374332000000095 50
1741091288246 57.08800800000006 51
1741091298287 57.74196000000006 52
1741091308345 58.979343000000085 53
1741091318467 60.693148000000065 54
1741091328511 63.497944000000075 55
1741091338776 67.3105680000001 56
1741091348900 71.09673600000008 57
1741091358973 73.77043200000003 58
1741091369017 74.54639700000007 59
1741091379105 75.08549500000004 60
1741091389163 76.35727400000007 61
1741091399207 77.42847200000006 62
1741091409306 78.4320570000001 63
1741091419390 78.94662400000004 64
1741091429422 79.55401700000004 65
1741091439527 80.69351900000004 66
1741091449575 81.42695200000003 67
1741091459616 82.05328600000007 68
1741091470122 84.021524 69
1741091480163 85.16625600000009 70
1741091490224 86.32053900000005 71
1741091500692 88.188043 72
1741091510860 90.016572 73
1741091520922 91.60378500000002 74
1741091530983 93.43665800000008 75
1741091541089 95.31219400000009 76
1741091551128 97.15002600000003 77
1741091561170 99.32014600000002 78
1741091571288 101.78601200000003 79
1741091581342 104.30515500000001 80
1741091591387 106.931829 81
1741091601557 109.20154100000002 82
1741091611611 110.66486800000007 83
1741091621660 113.22993900000006 84
1741091631785 114.45245900000009 85
1741091641832 114.53820500000006 86
1741091651875 114.60070800000005 87
1741091661978 114.6476550000001 88
1741091672029 114.7208270000001 89
1741091682081 114.7802200000001 90
1741091692207 114.908769 91
1741091702258 115.00199100000009 92
1741091712306 117.0261240000001 93
1741091722805 119.04389300000003 94
1741091733330 121.48243300000001 95
