1741090772915 12956.0 0
1741090782980 13656.4 1
1741090793086 13781.4 2
1741090803167 13915.9 3
1741090813244 14043.0 4
1741090823440 14159.6 5
1741090833553 14279.7 6
1741090843627 14352.1 7
1741090853725 14705.0 8
1741090863779 14531.9 9
1741090873817 14729.2 10
1741090883869 15008.2 11
1741090893916 15205.4 12
1741090903971 15335.3 13
1741090914074 15719.6 14
1741090924120 15801.0 15
1741090934174 15371.4 16
1741090944246 15248.9 17
1741090954332 15094.7 18
1741090964377 15284.7 19
1741090974423 15260.9 20
1741090984464 15301.8 21
1741090994509 15364.6 22
1741091004568 15475.1 23
1741091014658 15606.4 24
1741091024711 15018.0 25
1741091034773 15004.1 26
1741091045164 15339.0 27
1741091055389 15081.7 28
1741091065430 15155.3 29
1741091075525 15273.3 30
1741091085574 15483.3 31
1741091095616 15476.9 32
1741091105700 15650.7 33
1741091115751 14971.8 34
1741091125811 14888.9 35
1741091135956 14986.9 36
1741091145996 14935.7 37
1741091156034 15029.8 38
1741091166145 15143.7 39
1741091176195 15267.6 40
1741091186241 15344.8 41
1741091196340 15478.6 42
1741091206387 15587.5 43
1741091216595 14882.8 44
1741091227305 13926.6 45
1741091237537 14038.1 46
1741091247664 14095.8 47
1741091257829 14149.3 48
1741091268074 14232.6 49
1741091278124 14311.3 50
1741091288246 14434.7 51
1741091298287 14588.2 52
1741091308345 14021.2 53
1741091318467 13823.2 54
1741091328511 14096.3 55
1741091338776 13884.7 56
1741091348900 14001.7 57
1741091358973 14060.4 58
1741091369017 14155.5 59
1741091379105 14636.0 60
1741091389163 14689.4 61
1741091399207 14788.9 62
1741091409306 14037.5 63
1741091419390 14057.0 64
1741091429422 14218.1 65
1741091439527 14088.6 66
1741091449575 14164.9 67
1741091459616 14263.3 68
1741091470122 14318.4 69
1741091480163 14439.2 70
1741091490224 14530.1 71
1741091500692 14626.4 72
1741091510860 14683.6 73
1741091520922 14427.5 74
1741091530983 14522.7 75
1741091541089 14644.3 76
1741091551128 14639.6 77
1741091561170 14631.7 78
1741091571288 14818.3 79
1741091581342 15443.4 80
1741091591387 15490.4 81
1741091601557 15539.5 82
1741091611611 15520.6 83
1741091621660 15123.6 84
1741091631785 15005.0 85
1741091641832 15458.1 86
1741091651875 15155.2 87
1741091661978 15219.2 88
1741091672029 15230.6 89
1741091682081 15313.9 90
1741091692207 15515.8 91
1741091702258 15534.8 92
1741091712306 15569.0 93
1741091722805 15772.5 94
1741091733330 15142.0 95
