1741090772915 76.8 0
1741090782980 81.0 1
1741090793086 81.7 2
1741090803167 82.5 3
1741090813244 83.3 4
1741090823440 83.9 5
1741090833553 84.7 6
1741090843627 85.1 7
1741090853725 87.2 8
1741090863779 86.2 9
1741090873817 87.3 10
1741090883869 89.0 11
1741090893916 90.1 12
1741090903971 90.9 13
1741090914074 93.2 14
1741090924120 93.7 15
1741090934174 91.1 16
1741090944246 90.4 17
1741090954332 89.5 18
1741090964377 90.6 19
1741090974423 90.5 20
1741090984464 90.7 21
1741090994509 91.1 22
1741091004568 91.7 23
1741091014658 92.5 24
1741091024711 89.0 25
1741091034773 89.0 26
1741091045164 90.9 27
1741091055389 89.4 28
1741091065430 89.9 29
1741091075525 90.6 30
1741091085574 91.8 31
1741091095616 91.8 32
1741091105700 92.8 33
1741091115751 88.8 34
1741091125811 88.3 35
1741091135956 88.9 36
1741091145996 88.6 37
1741091156034 89.1 38
1741091166145 89.8 39
1741091176195 90.5 40
1741091186241 91.0 41
1741091196340 91.8 42
1741091206387 92.4 43
1741091216595 88.2 44
1741091227305 82.6 45
1741091237537 83.2 46
1741091247664 83.6 47
1741091257829 83.9 48
1741091268074 84.4 49
1741091278124 84.8 50
1741091288246 85.6 51
1741091298287 86.5 52
1741091308345 83.1 53
1741091318467 82.0 54
1741091328511 83.6 55
1741091338776 82.3 56
1741091348900 83.0 57
1741091358973 83.4 58
1741091369017 83.9 59
1741091379105 86.8 60
1741091389163 87.1 61
1741091399207 87.7 62
1741091409306 83.2 63
1741091419390 83.3 64
1741091429422 84.3 65
1741091439527 83.5 66
1741091449575 84.0 67
1741091459616 84.6 68
1741091470122 84.9 69
1741091480163 85.6 70
1741091490224 86.1 71
1741091500692 86.7 72
1741091510860 87.1 73
1741091520922 85.5 74
1741091530983 86.1 75
1741091541089 86.8 76
1741091551128 86.8 77
1741091561170 86.7 78
1741091571288 87.9 79
1741091581342 91.6 80
1741091591387 91.8 81
1741091601557 92.1 82
1741091611611 92.0 83
1741091621660 89.7 84
1741091631785 89.0 85
1741091641832 91.6 86
1741091651875 89.9 87
1741091661978 90.2 88
1741091672029 90.3 89
1741091682081 90.8 90
1741091692207 92.0 91
1741091702258 92.1 92
1741091712306 92.3 93
1741091722805 93.5 94
1741091733330 89.8 95
