1741091752903 0.0 0
1741091762944 26.7 1
1741091772981 28.5 2
1741091783244 27.4 3
1741091793287 26.6 4
1741091803332 30.1 5
1741091813914 34.8 6
1741091823956 23.2 7
1741091834323 28.9 8
1741091844473 23.8 9
1741091854521 32.2 10
1741091864566 31.9 11
1741091874697 33.3 12
1741091884792 21.8 13
1741091894845 27.7 14
1741091904930 33.6 15
1741091914974 27.1 16
1741091925019 26.5 17
1741091935116 26.9 18
1741091945162 24.5 19
1741091955202 31.5 20
1741091965543 25.6 21
1741091975595 25.7 22
1741091985642 28.8 23
1741091996201 31.0 24
1741092006315 27.8 25
1741092016385 35.6 26
1741092026478 19.9 27
1741092036520 23.7 28
1741092046555 26.7 29
1741092056661 27.0 30
1741092066703 28.1 31
1741092076747 27.6 32
1741092086830 25.9 33
1741092096867 23.7 34
1741092106910 26.3 35
1741092117053 31.6 36
1741092127116 28.9 37
1741092137155 29.7 38
1741092147332 22.8 39
1741092157367 25.3 40
1741092167404 27.8 41
1741092177502 26.2 42
1741092187891 25.6 43
1741092197930 23.8 44
1741092208007 27.0 45
1741092218400 25.0 46
1741092228440 26.7 47
1741092238480 31.5 48
1741092248535 30.7 49
1741092258610 26.5 50
1741092268652 19.3 51
1741092279239 22.7 52
1741092289272 24.0 53
1741092299309 24.6 54
1741092309422 25.1 55
1741092319461 25.1 56
1741092329507 26.9 57
1741092339595 26.3 58
1741092349662 24.4 59
1741092359700 29.4 60
1741092369835 28.2 61
1741092379892 23.2 62
1741092389942 20.7 63
1741092400058 28.6 64
1741092410097 24.7 65
1741092420607 26.2 66
1741092430707 27.6 67
1741092440793 25.5 68
1741092450827 28.9 69
1741092461396 28.1 70
1741092471440 23.9 71
1741092481477 29.8 72
1741092491588 28.5 73
1741092501633 27.5 74
1741092511999 22.6 75
1741092522091 25.6 76
1741092532128 27.1 77
1741092542164 27.0 78
1741092552259 29.6 79
1741092562722 27.1 80
1741092572764 24.5 81
1741092582858 27.1 82
1741092593474 21.1 83
1741092603521 26.8 84
1741092613848 29.7 85
1741092623934 26.0 86
1741092634133 19.7 87
