1741091752903 295299.4 0
1741091762944 295299.4 1
1741091772981 295299.4 2
1741091783244 295299.4 3
1741091793287 295299.4 4
1741091803332 295299.4 5
1741091813914 295299.4 6
1741091823956 295299.4 7
1741091834323 295299.4 8
1741091844473 295299.4 9
1741091854521 295299.4 10
1741091864566 295299.4 11
1741091874697 295299.4 12
1741091884792 295298.8 13
1741091894845 295287.6 14
1741091904930 295287.6 15
1741091914974 295287.6 16
1741091925019 295287.6 17
1741091935116 295287.6 18
1741091945162 295287.6 19
1741091955202 295287.6 20
1741091965543 295287.6 21
1741091975595 295287.6 22
1741091985642 295287.6 23
1741091996201 295287.6 24
1741092006315 295287.6 25
1741092016385 295287.1 26
1741092026478 295287.0 27
1741092036520 295287.0 28
1741092046555 295287.0 29
1741092056661 295287.0 30
1741092066703 295287.0 31
1741092076747 295287.0 32
1741092086830 295287.0 33
1741092096867 295287.0 34
1741092106910 295287.0 35
1741092117053 295287.0 36
1741092127116 295287.0 37
1741092137155 295286.5 38
1741092147332 295286.5 39
1741092157367 295286.5 40
1741092167404 295286.5 41
1741092177502 295285.9 42
1741092187891 295285.9 43
1741092197930 295285.9 44
1741092208007 295285.9 45
1741092218400 295285.9 46
1741092228440 295285.9 47
1741092238480 295285.9 48
1741092248535 295285.9 49
1741092258610 295285.4 50
1741092268652 295285.4 51
1741092279239 295285.4 52
1741092289272 295285.4 53
1741092299309 295285.4 54
1741092309422 295285.4 55
1741092319461 295285.4 56
1741092329507 295285.4 57
1741092339595 295285.4 58
1741092349662 295285.4 59
1741092359700 295285.4 60
1741092369835 295285.4 61
1741092379892 295284.8 62
1741092389942 295284.8 63
1741092400058 295284.8 64
1741092410097 295284.8 65
1741092420607 295284.8 66
1741092430707 295284.8 67
1741092440793 295284.8 68
1741092450827 295284.8 69
1741092461396 295284.8 70
1741092471440 295284.8 71
1741092481477 295284.8 72
1741092491588 295284.8 73
1741092501633 295284.4 74
1741092511999 295284.3 75
1741092522091 295284.3 76
1741092532128 295284.3 77
1741092542164 295284.3 78
1741092552259 295284.3 79
1741092562722 295284.3 80
1741092572764 295284.3 81
1741092582858 295284.3 82
1741092593474 295284.3 83
1741092603521 295284.3 84
1741092613848 295284.3 85
1741092623934 295284.3 86
1741092634133 295283.8 87
