1741091752903 253059.7 0
1741091762944 253059.7 1
1741091772981 253059.7 2
1741091783244 253059.7 3
1741091793287 253059.7 4
1741091803332 253059.7 5
1741091813914 253059.7 6
1741091823956 253059.7 7
1741091834323 253059.7 8
1741091844473 253059.7 9
1741091854521 253059.7 10
1741091864566 253059.7 11
1741091874697 253059.7 12
1741091884792 253060.3 13
1741091894845 253071.5 14
1741091904930 253071.5 15
1741091914974 253071.5 16
1741091925019 253071.5 17
1741091935116 253071.5 18
1741091945162 253071.5 19
1741091955202 253071.5 20
1741091965543 253071.5 21
1741091975595 253071.5 22
1741091985642 253071.5 23
1741091996201 253071.5 24
1741092006315 253071.5 25
1741092016385 253072.0 26
1741092026478 253072.1 27
1741092036520 253072.1 28
1741092046555 253072.1 29
1741092056661 253072.1 30
1741092066703 253072.1 31
1741092076747 253072.1 32
1741092086830 253072.1 33
1741092096867 253072.1 34
1741092106910 253072.1 35
1741092117053 253072.1 36
1741092127116 253072.1 37
1741092137155 253072.6 38
1741092147332 253072.6 39
1741092157367 253072.6 40
1741092167404 253072.6 41
1741092177502 253073.2 42
1741092187891 253073.2 43
1741092197930 253073.2 44
1741092208007 253073.2 45
1741092218400 253073.2 46
1741092228440 253073.2 47
1741092238480 253073.2 48
1741092248535 253073.2 49
1741092258610 253073.7 50
1741092268652 253073.7 51
1741092279239 253073.7 52
1741092289272 253073.7 53
1741092299309 253073.7 54
1741092309422 253073.7 55
1741092319461 253073.7 56
1741092329507 253073.7 57
1741092339595 253073.7 58
1741092349662 253073.7 59
1741092359700 253073.7 60
1741092369835 253073.7 61
1741092379892 253074.3 62
1741092389942 253074.3 63
1741092400058 253074.3 64
1741092410097 253074.3 65
1741092420607 253074.3 66
1741092430707 253074.3 67
1741092440793 253074.3 68
1741092450827 253074.3 69
1741092461396 253074.3 70
1741092471440 253074.3 71
1741092481477 253074.3 72
1741092491588 253074.3 73
1741092501633 253074.7 74
1741092511999 253074.8 75
1741092522091 253074.8 76
1741092532128 253074.8 77
1741092542164 253074.8 78
1741092552259 253074.8 79
1741092562722 253074.8 80
1741092572764 253074.8 81
1741092582858 253074.8 82
1741092593474 253074.8 83
1741092603521 253074.8 84
1741092613848 253074.8 85
1741092623934 253074.8 86
1741092634133 253075.3 87
