1741091752903 46.1 0
1741091762944 46.1 1
1741091772981 46.1 2
1741091783244 46.1 3
1741091793287 46.1 4
1741091803332 46.1 5
1741091813914 46.1 6
1741091823956 46.1 7
1741091834323 46.1 8
1741091844473 46.1 9
1741091854521 46.1 10
1741091864566 46.1 11
1741091874697 46.1 12
1741091884792 46.1 13
1741091894845 46.2 14
1741091904930 46.2 15
1741091914974 46.2 16
1741091925019 46.2 17
1741091935116 46.2 18
1741091945162 46.2 19
1741091955202 46.2 20
1741091965543 46.2 21
1741091975595 46.2 22
1741091985642 46.2 23
1741091996201 46.2 24
1741092006315 46.2 25
1741092016385 46.2 26
1741092026478 46.2 27
1741092036520 46.2 28
1741092046555 46.2 29
1741092056661 46.2 30
1741092066703 46.2 31
1741092076747 46.2 32
1741092086830 46.2 33
1741092096867 46.2 34
1741092106910 46.2 35
1741092117053 46.2 36
1741092127116 46.2 37
1741092137155 46.2 38
1741092147332 46.2 39
1741092157367 46.2 40
1741092167404 46.2 41
1741092177502 46.2 42
1741092187891 46.2 43
1741092197930 46.2 44
1741092208007 46.2 45
1741092218400 46.2 46
1741092228440 46.2 47
1741092238480 46.2 48
1741092248535 46.2 49
1741092258610 46.2 50
1741092268652 46.2 51
1741092279239 46.2 52
1741092289272 46.2 53
1741092299309 46.2 54
1741092309422 46.2 55
1741092319461 46.2 56
1741092329507 46.2 57
1741092339595 46.2 58
1741092349662 46.2 59
1741092359700 46.2 60
1741092369835 46.2 61
1741092379892 46.2 62
1741092389942 46.2 63
1741092400058 46.2 64
1741092410097 46.2 65
1741092420607 46.2 66
1741092430707 46.2 67
1741092440793 46.2 68
1741092450827 46.2 69
1741092461396 46.2 70
1741092471440 46.2 71
1741092481477 46.2 72
1741092491588 46.2 73
1741092501633 46.2 74
1741092511999 46.2 75
1741092522091 46.2 76
1741092532128 46.2 77
1741092542164 46.2 78
1741092552259 46.2 79
1741092562722 46.2 80
1741092572764 46.2 81
1741092582858 46.2 82
1741092593474 46.2 83
1741092603521 46.2 84
1741092613848 46.2 85
1741092623934 46.2 86
1741092634133 46.2 87
