1741091752903 0.00048600000002352317 0
1741091762944 1.7618870000000015 1
1741091772981 3.4937400000000025 2
1741091783244 4.755488000000014 3
1741091793287 6.480634000000009 4
1741091803332 7.49637800000005 5
1741091813914 9.32616100000007 6
1741091823956 10.995562000000064 7
1741091834323 12.58536300000003 8
1741091844473 14.284939000000008 9
1741091854521 15.149884000000043 10
1741091864566 16.239878999999974 11
1741091874697 17.783435000000054 12
1741091884792 20.025734000000057 13
1741091894845 21.674091999999973 14
1741091904930 23.82001200000002 15
1741091914974 25.40890999999999 16
1741091925019 26.78037000000006 17
1741091935116 27.68208400000003 18
1741091945162 28.935263000000077 19
1741091955202 29.01347199999998 20
1741091965543 29.080302000000074 21
1741091975595 29.79900400000008 22
1741091985642 37.216087000000016 23
1741091996201 37.31314700000007 24
1741092006315 37.387275000000045 25
1741092016385 37.49701700000003 26
1741092026478 37.57807700000001 27
1741092036520 39.140873000000056 28
1741092046555 39.231938000000014 29
1741092056661 39.36952400000007 30
1741092066703 39.45773500000007 31
1741092076747 39.538410999999996 32
1741092086830 39.606267 33
1741092096867 39.69406900000001 34
1741092106910 39.81335200000001 35
1741092117053 39.91366000000005 36
1741092127116 40.05139100000008 37
1741092137155 40.16540900000007 38
1741092147332 40.22681399999999 39
1741092157367 40.38646200000005 40
1741092167404 40.474064999999996 41
1741092177502 40.555003000000056 42
1741092187891 40.66983800000003 43
1741092197930 40.721091 44
1741092208007 40.82891600000005 45
1741092218400 43.83345700000007 46
1741092228440 46.624468999999976 47
1741092238480 49.69281999999998 48
1741092248535 52.26079400000003 49
1741092258610 54.922582000000034 50
1741092268652 55.33332500000006 51
1741092279239 57.26803200000006 52
1741092289272 64.41564000000005 53
1741092299309 65.05093099999999 54
1741092309422 65.15517 55
1741092319461 65.97551900000008 56
1741092329507 66.15293700000007 57
1741092339595 66.54250100000002 58
1741092349662 67.03510400000005 59
1741092359700 67.41031499999997 60
1741092369835 68.01109700000006 61
1741092379892 69.84556099999998 62
1741092389942 72.770535 63
1741092400058 74.282734 64
1741092410097 76.65594900000008 65
1741092420607 78.63878399999999 66
1741092430707 80.27377999999999 67
1741092440793 82.19277299999999 68
1741092450827 83.83944100000008 69
1741092461396 86.80271200000004 70
1741092471440 88.52831600000002 71
1741092481477 90.17859700000008 72
1741092491588 92.08309200000008 73
1741092501633 93.33584800000006 74
1741092511999 93.93179700000007 75
1741092522091 95.19617400000004 76
1741092532128 97.14088300000003 77
1741092542164 99.05896500000006 78
1741092552259 100.53629699999999 79
1741092562722 101.913141 80
1741092572764 103.27239700000007 81
1741092582858 105.27993000000004 82
1741092593474 106.71629500000006 83
1741092603521 108.62285600000007 84
1741092613848 110.33990400000005 85
1741092623934 111.32198200000005 86
1741092634133 112.38448400000004 87
