1741091752903 0.00013200000000779255 0
1741091762944 2.5005989999999656 1
1741091772981 4.803512999999953 2
1741091783244 6.502157000000011 3
1741091793287 8.963664999999992 4
1741091803332 11.67098199999998 5
1741091813914 14.168160999999941 6
1741091823956 16.354145000000017 7
1741091834323 18.29395999999997 8
1741091844473 20.371031000000016 9
1741091854521 21.785697000000027 10
1741091864566 23.146751999999992 11
1741091874697 25.107008999999948 12
1741091884792 27.71909299999993 13
1741091894845 29.781566999999995 14
1741091904930 32.45476099999996 15
1741091914974 34.32013799999993 16
1741091925019 36.02626699999996 17
1741091935116 37.133843999999954 18
1741091945162 38.71401700000001 19
1741091955202 39.17487599999993 20
1741091965543 39.70340299999998 21
1741091975595 40.675686999999925 22
1741091985642 48.58758899999998 23
1741091996201 49.37382200000002 24
1741092006315 49.82247499999994 25
1741092016385 50.290944999999965 26
1741092026478 50.812304999999924 27
1741092036520 53.05275699999993 28
1741092046555 53.65657599999997 29
1741092056661 54.12471299999993 30
1741092066703 54.56482699999992 31
1741092076747 54.99364000000003 32
1741092086830 55.46347300000002 33
1741092096867 55.952286999999956 34
1741092106910 56.408379999999966 35
1741092117053 56.80009999999993 36
1741092127116 57.29244099999994 37
1741092137155 57.64469999999994 38
1741092147332 58.03950599999996 39
1741092157367 58.41624899999999 40
1741092167404 59.052434999999946 41
1741092177502 59.54179199999999 42
1741092187891 59.92986599999995 43
1741092197930 60.23322099999996 44
1741092208007 60.93162399999994 45
1741092218400 64.24969599999997 46
1741092228440 67.49218299999995 47
1741092238480 70.80221299999994 48
1741092248535 73.58716800000002 49
1741092258610 76.64392399999997 50
1741092268652 77.40864499999998 51
1741092279239 79.616533 52
1741092289272 87.18163700000002 53
1741092299309 88.30105300000002 54
1741092309422 88.75801000000001 55
1741092319461 89.89025300000003 56
1741092329507 90.41461500000003 57
1741092339595 91.14220799999998 58
1741092349662 92.146702 59
1741092359700 93.24972400000001 60
1741092369835 94.48278500000004 61
1741092379892 96.93035499999996 62
1741092389942 100.50445000000002 63
1741092400058 102.76761799999997 64
1741092410097 105.72819800000002 65
1741092420607 108.48193500000002 66
1741092430707 110.95328199999994 67
1741092440793 113.56584599999996 68
1741092450827 117.28782100000001 69
1741092461396 121.03273899999999 70
1741092471440 123.70483200000001 71
1741092481477 125.93228199999999 72
1741092491588 128.65110300000003 73
1741092501633 130.81435299999998 74
1741092511999 132.37351999999998 75
1741092522091 134.25793999999996 76
1741092532128 137.03529100000003 77
1741092542164 139.53646000000003 78
1741092552259 141.38917700000002 79
1741092562722 143.10399899999993 80
1741092572764 145.03221099999996 81
1741092582858 147.71097199999997 82
1741092593474 149.57694000000004 83
1741092603521 151.85016299999995 84
1741092613848 154.02938199999994 85
1741092623934 156.0888849999999 86
1741092634133 158.39023399999996 87
