1741091752903 90.3 0
1741091762944 90.3 1
1741091772981 89.9 2
1741091783244 91.2 3
1741091793287 91.5 4
1741091803332 92.4 5
1741091813914 92.4 6
1741091823956 92.7 7
1741091834323 93.4 8
1741091844473 90.2 9
1741091854521 90.3 10
1741091864566 90.9 11
1741091874697 90.6 12
1741091884792 91.3 13
1741091894845 90.4 14
1741091904930 90.8 15
1741091914974 85.2 16
1741091925019 86.1 17
1741091935116 86.8 18
1741091945162 86.4 19
1741091955202 87.5 20
1741091965543 88.1 21
1741091975595 88.2 22
1741091985642 85.1 23
1741091996201 85.6 24
1741092006315 85.0 25
1741092016385 86.1 26
1741092026478 86.1 27
1741092036520 85.3 28
1741092046555 86.1 29
1741092056661 86.1 30
1741092066703 87.3 31
1741092076747 87.5 32
1741092086830 88.2 33
1741092096867 88.5 34
1741092106910 85.7 35
1741092117053 86.0 36
1741092127116 86.1 37
1741092137155 87.2 38
1741092147332 86.7 39
1741092157367 86.8 40
1741092167404 86.6 41
1741092177502 87.9 42
1741092187891 88.0 43
1741092197930 88.3 44
1741092208007 89.2 45
1741092218400 86.5 46
1741092228440 86.5 47
1741092238480 86.5 48
1741092248535 86.7 49
1741092258610 86.6 50
1741092268652 86.0 51
1741092279239 85.7 52
1741092289272 85.8 53
1741092299309 85.8 54
1741092309422 86.3 55
1741092319461 86.9 56
1741092329507 88.0 57
1741092339595 88.3 58
1741092349662 87.6 59
1741092359700 87.1 60
1741092369835 86.7 61
1741092379892 86.7 62
1741092389942 86.4 63
1741092400058 87.4 64
1741092410097 87.1 65
1741092420607 87.0 66
1741092430707 87.9 67
1741092440793 88.6 68
1741092450827 90.4 69
1741092461396 91.5 70
1741092471440 89.4 71
1741092481477 89.8 72
1741092491588 89.6 73
1741092501633 88.0 74
1741092511999 88.9 75
1741092522091 87.8 76
1741092532128 87.9 77
1741092542164 87.9 78
1741092552259 89.4 79
1741092562722 88.4 80
1741092572764 88.9 81
1741092582858 89.7 82
1741092593474 88.7 83
1741092603521 89.4 84
1741092613848 89.0 85
1741092623934 88.7 86
1741092634133 91.0 87
