1741091752903 15232.0 0
1741091762944 15226.5 1
1741091772981 15169.8 2
1741091783244 15384.9 3
1741091793287 15433.1 4
1741091803332 15584.6 5
1741091813914 15581.5 6
1741091823956 15636.7 7
1741091834323 15753.9 8
1741091844473 15213.7 9
1741091854521 15236.5 10
1741091864566 15336.5 11
1741091874697 15287.3 12
1741091884792 15392.8 13
1741091894845 15255.6 14
1741091904930 15311.6 15
1741091914974 14372.7 16
1741091925019 14520.5 17
1741091935116 14637.3 18
1741091945162 14571.9 19
1741091955202 14759.7 20
1741091965543 14859.5 21
1741091975595 14883.8 22
1741091985642 14361.6 23
1741091996201 14442.9 24
1741092006315 14339.5 25
1741092016385 14521.5 26
1741092026478 14517.4 27
1741092036520 14386.2 28
1741092046555 14522.9 29
1741092056661 14521.3 30
1741092066703 14724.6 31
1741092076747 14764.3 32
1741092086830 14873.4 33
1741092096867 14928.5 34
1741092106910 14461.3 35
1741092117053 14499.2 36
1741092127116 14516.8 37
1741092137155 14702.7 38
1741092147332 14631.2 39
1741092157367 14642.6 40
1741092167404 14607.6 41
1741092177502 14826.6 42
1741092187891 14840.6 43
1741092197930 14899.5 44
1741092208007 15037.1 45
1741092218400 14593.0 46
1741092228440 14586.2 47
1741092238480 14584.7 48
1741092248535 14618.5 49
1741092258610 14603.7 50
1741092268652 14497.7 51
1741092279239 14454.3 52
1741092289272 14464.0 53
1741092299309 14473.5 54
1741092309422 14549.8 55
1741092319461 14649.2 56
1741092329507 14840.7 57
1741092339595 14885.3 58
1741092349662 14771.7 59
1741092359700 14687.4 60
1741092369835 14620.5 61
1741092379892 14621.2 62
1741092389942 14580.5 63
1741092400058 14735.5 64
1741092410097 14686.3 65
1741092420607 14671.3 66
1741092430707 14827.0 67
1741092440793 14951.5 68
1741092450827 15246.7 69
1741092461396 15430.9 70
1741092471440 15072.2 71
1741092481477 15141.6 72
1741092491588 15120.5 73
1741092501633 14845.0 74
1741092511999 15002.4 75
1741092522091 14811.6 76
1741092532128 14822.7 77
1741092542164 14833.7 78
1741092552259 15074.2 79
1741092562722 14911.8 80
1741092572764 14997.5 81
1741092582858 15137.3 82
1741092593474 14964.2 83
1741092603521 15072.3 84
1741092613848 15008.6 85
1741092623934 14964.5 86
1741092634133 15353.3 87
