1741090772815 100.0 0
1741090782889 27.2 1
1741090792971 22.2 2
1741090803043 21.8 3
1741090813128 21.1 4
1741090823259 21.3 5
1741090833362 22.3 6
1741090843406 29.1 7
1741090853487 18.6 8
1741090863545 16.3 9
1741090873590 24.8 10
1741090883631 25.4 11
1741090893663 27.2 12
1741090903707 25.4 13
1741090913806 39.3 14
1741090923858 29.1 15
1741090933920 30.9 16
1741090944013 29.7 17
1741090954132 17.5 18
1741090964173 29.3 19
1741090974258 23.0 20
1741090984305 20.3 21
1741090994356 23.4 22
1741091004404 21.8 23
1741091014459 20.5 24
1741091024514 21.8 25
1741091034561 26.2 26
1741091044648 17.6 27
1741091054699 20.5 28
1741091064742 22.1 29
1741091074896 20.4 30
1741091084938 24.3 31
1741091094980 22.0 32
1741091105321 22.4 33
1741091115427 21.4 34
1741091125469 24.7 35
1741091135619 26.5 36
1741091145674 14.8 37
1741091155742 22.5 38
1741091165903 22.0 39
1741091175952 19.7 40
1741091186009 22.8 41
1741091196107 21.4 42
1741091206168 19.5 43
1741091216219 22.7 44
1741091226328 27.1 45
1741091236381 15.5 46
1741091246436 24.6 47
1741091256577 21.7 48
1741091266621 20.2 49
1741091276698 23.6 50
1741091286837 21.9 51
1741091297397 21.0 52
1741091307459 21.0 53
1741091317564 27.0 54
1741091327607 21.1 55
1741091337667 18.0 56
1741091347812 22.6 57
1741091357870 20.6 58
1741091368179 22.6 59
1741091378346 24.9 60
1741091388393 20.3 61
1741091398516 22.0 62
1741091408610 20.0 63
1741091418656 23.3 64
1741091428706 22.8 65
1741091439058 18.8 66
1741091449113 17.7 67
1741091459156 20.5 68
1741091469243 21.4 69
1741091479296 18.9 70
1741091489493 21.6 71
1741091499619 20.8 72
1741091509666 19.5 73
1741091519738 24.6 74
1741091530185 29.7 75
1741091540229 18.7 76
1741091550277 28.4 77
1741091560388 25.6 78
1741091570433 22.5 79
1741091580489 31.0 80
1741091590533 29.9 81
1741091600585 24.2 82
1741091610643 24.9 83
1741091620691 25.7 84
1741091630732 23.1 85
1741091640771 18.5 86
1741091650820 25.6 87
1741091660881 22.4 88
1741091670999 20.8 89
1741091681075 22.5 90
1741091691263 24.6 91
1741091701315 23.3 92
1741091711363 24.6 93
1741091721468 25.5 94
1741091731514 26.3 95
1741091741570 29.2 96
1741091751685 22.6 97
1741091761904 26.6 98
1741091771946 26.3 99
1741091782089 28.7 100
1741091792177 27.4 101
1741091802216 28.1 102
1741091812326 35.0 103
1741091822385 25.8 104
1741091832435 27.0 105
1741091842544 23.4 106
1741091852589 32.0 107
1741091862645 32.2 108
1741091872737 33.2 109
1741091882784 23.9 110
1741091892826 25.7 111
1741091902977 33.1 112
1741091913020 28.2 113
1741091923070 26.7 114
1741091933229 26.0 115
1741091943276 26.0 116
1741091953689 29.4 117
1741091963797 25.4 118
1741091973844 28.8 119
1741091984347 26.7 120
1741091994467 30.4 121
1741092004585 29.0 122
1741092014630 33.4 123
1741092024887 21.9 124
1741092035318 23.3 125
1741092045354 25.8 126
1741092055485 28.6 127
1741092065524 28.4 128
1741092075967 26.3 129
1741092086277 25.3 130
1741092096326 23.4 131
1741092106361 28.3 132
1741092116466 31.1 133
1741092126527 28.4 134
1741092136569 30.9 135
1741092146677 21.2 136
1741092156722 26.8 137
1741092166774 27.9 138
1741092177178 25.9 139
1741092187219 24.2 140
1741092197256 25.9 141
1741092207362 26.5 142
1741092217417 25.1 143
1741092227461 27.1 144
1741092237947 30.0 145
1741092247986 29.8 146
1741092258039 28.6 147
1741092268367 18.6 148
1741092278422 21.5 149
1741092288468 25.9 150
1741092298536 24.5 151
1741092309014 23.4 152
1741092319066 24.7 153
1741092329114 28.8 154
1741092339587 25.9 155
1741092349636 24.4 156
1741092359688 29.4 157
1741092369788 28.2 158
1741092379830 23.2 159
1741092389880 20.6 160
1741092399977 28.3 161
1741092410026 25.0 162
1741092420601 26.2 163
1741092430696 27.6 164
1741092440758 25.4 165
1741092450798 29.0 166
1741092461407 28.1 167
1741092471482 24.0 168
1741092481530 29.7 169
1741092491633 28.6 170
1741092501677 27.4 171
1741092512003 22.6 172
1741092522119 25.6 173
1741092532169 27.1 174
1741092542223 27.2 175
1741092552330 29.4 176
1741092562726 27.2 177
1741092572797 24.5 178
1741092582901 27.1 179
1741092593478 21.3 180
1741092603557 26.6 181
1741092613854 29.7 182
1741092623910 26.0 183
1741092634132 19.7 184
