1741090772815 46.1 0
1741090782889 46.1 1
1741090792971 46.1 2
1741090803043 46.1 3
1741090813128 46.1 4
1741090823259 46.1 5
1741090833362 46.1 6
1741090843406 46.1 7
1741090853487 46.1 8
1741090863545 46.1 9
1741090873590 46.1 10
1741090883631 46.1 11
1741090893663 46.1 12
1741090903707 46.1 13
1741090913806 46.1 14
1741090923858 46.1 15
1741090933920 46.1 16
1741090944013 46.1 17
1741090954132 46.1 18
1741090964173 46.1 19
1741090974258 46.1 20
1741090984305 46.1 21
1741090994356 46.1 22
1741091004404 46.1 23
1741091014459 46.1 24
1741091024514 46.1 25
1741091034561 46.1 26
1741091044648 46.1 27
1741091054699 46.1 28
1741091064742 46.1 29
1741091074896 46.1 30
1741091084938 46.1 31
1741091094980 46.1 32
1741091105321 46.1 33
1741091115427 46.1 34
1741091125469 46.1 35
1741091135619 46.1 36
1741091145674 46.1 37
1741091155742 46.1 38
1741091165903 46.1 39
1741091175952 46.1 40
1741091186009 46.1 41
1741091196107 46.1 42
1741091206168 46.1 43
1741091216219 46.1 44
1741091226328 46.1 45
1741091236381 46.1 46
1741091246436 46.1 47
1741091256577 46.1 48
1741091266621 46.1 49
1741091276698 46.1 50
1741091286837 46.1 51
1741091297397 46.1 52
1741091307459 46.1 53
1741091317564 46.1 54
1741091327607 46.1 55
1741091337667 46.1 56
1741091347812 46.1 57
1741091357870 46.1 58
1741091368179 46.1 59
1741091378346 46.1 60
1741091388393 46.1 61
1741091398516 46.1 62
1741091408610 46.1 63
1741091418656 46.1 64
1741091428706 46.1 65
1741091439058 46.1 66
1741091449113 46.1 67
1741091459156 46.1 68
1741091469243 46.1 69
1741091479296 46.1 70
1741091489493 46.1 71
1741091499619 46.1 72
1741091509666 46.1 73
1741091519738 46.1 74
1741091530185 46.1 75
1741091540229 46.1 76
1741091550277 46.1 77
1741091560388 46.1 78
1741091570433 46.1 79
1741091580489 46.1 80
1741091590533 46.1 81
1741091600585 46.1 82
1741091610643 46.1 83
1741091620691 46.1 84
1741091630732 46.1 85
1741091640771 46.1 86
1741091650820 46.1 87
1741091660881 46.1 88
1741091670999 46.1 89
1741091681075 46.1 90
1741091691263 46.1 91
1741091701315 46.1 92
1741091711363 46.1 93
1741091721468 46.1 94
1741091731514 46.1 95
1741091741570 46.1 96
1741091751685 46.1 97
1741091761904 46.1 98
1741091771946 46.1 99
1741091782089 46.1 100
1741091792177 46.1 101
1741091802216 46.1 102
1741091812326 46.1 103
1741091822385 46.1 104
1741091832435 46.1 105
1741091842544 46.1 106
1741091852589 46.1 107
1741091862645 46.1 108
1741091872737 46.1 109
1741091882784 46.1 110
1741091892826 46.2 111
1741091902977 46.2 112
1741091913020 46.2 113
1741091923070 46.2 114
1741091933229 46.2 115
1741091943276 46.2 116
1741091953689 46.2 117
1741091963797 46.2 118
1741091973844 46.2 119
1741091984347 46.2 120
1741091994467 46.2 121
1741092004585 46.2 122
1741092014630 46.2 123
1741092024887 46.2 124
1741092035318 46.2 125
1741092045354 46.2 126
1741092055485 46.2 127
1741092065524 46.2 128
1741092075967 46.2 129
1741092086277 46.2 130
1741092096326 46.2 131
1741092106361 46.2 132
1741092116466 46.2 133
1741092126527 46.2 134
1741092136569 46.2 135
1741092146677 46.2 136
1741092156722 46.2 137
1741092166774 46.2 138
1741092177178 46.2 139
1741092187219 46.2 140
1741092197256 46.2 141
1741092207362 46.2 142
1741092217417 46.2 143
1741092227461 46.2 144
1741092237947 46.2 145
1741092247986 46.2 146
1741092258039 46.2 147
1741092268367 46.2 148
1741092278422 46.2 149
1741092288468 46.2 150
1741092298536 46.2 151
1741092309014 46.2 152
1741092319066 46.2 153
1741092329114 46.2 154
1741092339587 46.2 155
1741092349636 46.2 156
1741092359688 46.2 157
1741092369788 46.2 158
1741092379830 46.2 159
1741092389880 46.2 160
1741092399977 46.2 161
1741092410026 46.2 162
1741092420601 46.2 163
1741092430696 46.2 164
1741092440758 46.2 165
1741092450798 46.2 166
1741092461407 46.2 167
1741092471482 46.2 168
1741092481530 46.2 169
1741092491633 46.2 170
1741092501677 46.2 171
1741092512003 46.2 172
1741092522119 46.2 173
1741092532169 46.2 174
1741092542223 46.2 175
1741092552330 46.2 176
1741092562726 46.2 177
1741092572797 46.2 178
1741092582901 46.2 179
1741092593478 46.2 180
1741092603557 46.2 181
1741092613854 46.2 182
1741092623910 46.2 183
1741092634132 46.2 184
