1741090772815 253043.2 0
1741090782889 253043.2 1
1741090792971 253043.2 2
1741090803043 253043.2 3
1741090813128 253043.2 4
1741090823259 253043.2 5
1741090833362 253043.2 6
1741090843406 253043.2 7
1741090853487 253043.8 8
1741090863545 253055.0 9
1741090873590 253055.0 10
1741090883631 253055.0 11
1741090893663 253055.0 12
1741090903707 253055.0 13
1741090913806 253055.5 14
1741090923858 253055.5 15
1741090933920 253055.5 16
1741090944013 253055.5 17
1741090954132 253056.0 18
1741090964173 253056.0 19
1741090974258 253056.0 20
1741090984305 253056.0 21
1741090994356 253056.0 22
1741091004404 253056.0 23
1741091014459 253056.1 24
1741091024514 253056.1 25
1741091034561 253056.1 26
1741091044648 253056.6 27
1741091054699 253056.6 28
1741091064742 253056.6 29
1741091074896 253056.6 30
1741091084938 253056.6 31
1741091094980 253056.6 32
1741091105321 253056.6 33
1741091115427 253056.6 34
1741091125469 253056.6 35
1741091135619 253057.0 36
1741091145674 253057.0 37
1741091155742 253057.0 38
1741091165903 253057.0 39
1741091175952 253057.0 40
1741091186009 253057.0 41
1741091196107 253057.0 42
1741091206168 253057.0 43
1741091216219 253057.0 44
1741091226328 253057.0 45
1741091236381 253057.5 46
1741091246436 253057.5 47
1741091256577 253057.5 48
1741091266621 253057.5 49
1741091276698 253057.5 50
1741091286837 253057.5 51
1741091297397 253057.5 52
1741091307459 253057.5 53
1741091317564 253057.5 54
1741091327607 253057.9 55
1741091337667 253057.9 56
1741091347812 253057.9 57
1741091357870 253057.9 58
1741091368179 253057.9 59
1741091378346 253057.9 60
1741091388393 253057.9 61
1741091398516 253057.9 62
1741091408610 253057.9 63
1741091418656 253057.9 64
1741091428706 253058.4 65
1741091439058 253058.4 66
1741091449113 253058.4 67
1741091459156 253058.4 68
1741091469243 253058.4 69
1741091479296 253058.4 70
1741091489493 253058.4 71
1741091499619 253058.4 72
1741091509666 253058.4 73
1741091519738 253058.4 74
1741091530185 253058.4 75
1741091540229 253058.8 76
1741091550277 253058.8 77
1741091560388 253058.8 78
1741091570433 253058.8 79
1741091580489 253058.8 80
1741091590533 253058.8 81
1741091600585 253058.8 82
1741091610643 253058.8 83
1741091620691 253058.8 84
1741091630732 253058.8 85
1741091640771 253059.2 86
1741091650820 253059.2 87
1741091660881 253059.2 88
1741091670999 253059.2 89
1741091681075 253059.2 90
1741091691263 253059.2 91
1741091701315 253059.2 92
1741091711363 253059.2 93
1741091721468 253059.2 94
1741091731514 253059.2 95
1741091741570 253059.2 96
1741091751685 253059.7 97
1741091761904 253059.7 98
1741091771946 253059.7 99
1741091782089 253059.7 100
1741091792177 253059.7 101
1741091802216 253059.7 102
1741091812326 253059.7 103
1741091822385 253059.7 104
1741091832435 253059.7 105
1741091842544 253059.7 106
1741091852589 253059.7 107
1741091862645 253059.7 108
1741091872737 253059.7 109
1741091882784 253060.3 110
1741091892826 253071.5 111
1741091902977 253071.5 112
1741091913020 253071.5 113
1741091923070 253071.5 114
1741091933229 253071.5 115
1741091943276 253071.5 116
1741091953689 253071.5 117
1741091963797 253071.5 118
1741091973844 253071.5 119
1741091984347 253071.5 120
1741091994467 253071.5 121
1741092004585 253071.5 122
1741092014630 253071.5 123
1741092024887 253072.1 124
1741092035318 253072.1 125
1741092045354 253072.1 126
1741092055485 253072.1 127
1741092065524 253072.1 128
1741092075967 253072.1 129
1741092086277 253072.1 130
1741092096326 253072.1 131
1741092106361 253072.1 132
1741092116466 253072.1 133
1741092126527 253072.1 134
1741092136569 253072.6 135
1741092146677 253072.6 136
1741092156722 253072.6 137
1741092166774 253072.6 138
1741092177178 253072.6 139
1741092187219 253073.2 140
1741092197256 253073.2 141
1741092207362 253073.2 142
1741092217417 253073.2 143
1741092227461 253073.2 144
1741092237947 253073.2 145
1741092247986 253073.2 146
1741092258039 253073.7 147
1741092268367 253073.7 148
1741092278422 253073.7 149
1741092288468 253073.7 150
1741092298536 253073.7 151
1741092309014 253073.7 152
1741092319066 253073.7 153
1741092329114 253073.7 154
1741092339587 253073.7 155
1741092349636 253073.7 156
1741092359688 253073.7 157
1741092369788 253073.7 158
1741092379830 253074.3 159
1741092389880 253074.3 160
1741092399977 253074.3 161
1741092410026 253074.3 162
1741092420601 253074.3 163
1741092430696 253074.3 164
1741092440758 253074.3 165
1741092450798 253074.3 166
1741092461407 253074.3 167
1741092471482 253074.3 168
1741092481530 253074.3 169
1741092491633 253074.3 170
1741092501677 253074.7 171
1741092512003 253074.8 172
1741092522119 253074.8 173
1741092532169 253074.8 174
1741092542223 253074.8 175
1741092552330 253074.8 176
1741092562726 253074.8 177
1741092572797 253074.8 178
1741092582901 253074.8 179
1741092593478 253074.8 180
1741092603557 253074.8 181
1741092613854 253074.8 182
1741092623910 253074.8 183
1741092634132 253075.3 184
