1741090772815 295316.0 0
1741090782889 295315.9 1
1741090792971 295315.9 2
1741090803043 295315.9 3
1741090813128 295315.9 4
1741090823259 295315.9 5
1741090833362 295315.9 6
1741090843406 295315.9 7
1741090853487 295315.3 8
1741090863545 295304.1 9
1741090873590 295304.1 10
1741090883631 295304.1 11
1741090893663 295304.1 12
1741090903707 295304.1 13
1741090913806 295303.6 14
1741090923858 295303.6 15
1741090933920 295303.6 16
1741090944013 295303.6 17
1741090954132 295303.1 18
1741090964173 295303.1 19
1741090974258 295303.1 20
1741090984305 295303.1 21
1741090994356 295303.1 22
1741091004404 295303.1 23
1741091014459 295303.0 24
1741091024514 295303.0 25
1741091034561 295303.0 26
1741091044648 295302.5 27
1741091054699 295302.5 28
1741091064742 295302.5 29
1741091074896 295302.5 30
1741091084938 295302.5 31
1741091094980 295302.5 32
1741091105321 295302.5 33
1741091115427 295302.5 34
1741091125469 295302.5 35
1741091135619 295302.1 36
1741091145674 295302.1 37
1741091155742 295302.1 38
1741091165903 295302.1 39
1741091175952 295302.1 40
1741091186009 295302.1 41
1741091196107 295302.1 42
1741091206168 295302.1 43
1741091216219 295302.1 44
1741091226328 295302.1 45
1741091236381 295301.6 46
1741091246436 295301.6 47
1741091256577 295301.6 48
1741091266621 295301.6 49
1741091276698 295301.6 50
1741091286837 295301.6 51
1741091297397 295301.6 52
1741091307459 295301.6 53
1741091317564 295301.6 54
1741091327607 295301.2 55
1741091337667 295301.2 56
1741091347812 295301.2 57
1741091357870 295301.2 58
1741091368179 295301.2 59
1741091378346 295301.2 60
1741091388393 295301.2 61
1741091398516 295301.2 62
1741091408610 295301.2 63
1741091418656 295301.2 64
1741091428706 295300.7 65
1741091439058 295300.7 66
1741091449113 295300.7 67
1741091459156 295300.7 68
1741091469243 295300.7 69
1741091479296 295300.7 70
1741091489493 295300.7 71
1741091499619 295300.7 72
1741091509666 295300.7 73
1741091519738 295300.7 74
1741091530185 295300.7 75
1741091540229 295300.3 76
1741091550277 295300.3 77
1741091560388 295300.3 78
1741091570433 295300.3 79
1741091580489 295300.3 80
1741091590533 295300.3 81
1741091600585 295300.3 82
1741091610643 295300.3 83
1741091620691 295300.3 84
1741091630732 295300.3 85
1741091640771 295299.9 86
1741091650820 295299.9 87
1741091660881 295299.9 88
1741091670999 295299.9 89
1741091681075 295299.9 90
1741091691263 295299.9 91
1741091701315 295299.9 92
1741091711363 295299.9 93
1741091721468 295299.9 94
1741091731514 295299.9 95
1741091741570 295299.9 96
1741091751685 295299.5 97
1741091761904 295299.4 98
1741091771946 295299.4 99
1741091782089 295299.4 100
1741091792177 295299.4 101
1741091802216 295299.4 102
1741091812326 295299.4 103
1741091822385 295299.4 104
1741091832435 295299.4 105
1741091842544 295299.4 106
1741091852589 295299.4 107
1741091862645 295299.4 108
1741091872737 295299.4 109
1741091882784 295298.8 110
1741091892826 295287.6 111
1741091902977 295287.6 112
1741091913020 295287.6 113
1741091923070 295287.6 114
1741091933229 295287.6 115
1741091943276 295287.6 116
1741091953689 295287.6 117
1741091963797 295287.6 118
1741091973844 295287.6 119
1741091984347 295287.6 120
1741091994467 295287.6 121
1741092004585 295287.6 122
1741092014630 295287.6 123
1741092024887 295287.0 124
1741092035318 295287.0 125
1741092045354 295287.0 126
1741092055485 295287.0 127
1741092065524 295287.0 128
1741092075967 295287.0 129
1741092086277 295287.0 130
1741092096326 295287.0 131
1741092106361 295287.0 132
1741092116466 295287.0 133
1741092126527 295287.0 134
1741092136569 295286.5 135
1741092146677 295286.5 136
1741092156722 295286.5 137
1741092166774 295286.5 138
1741092177178 295286.5 139
1741092187219 295285.9 140
1741092197256 295285.9 141
1741092207362 295285.9 142
1741092217417 295285.9 143
1741092227461 295285.9 144
1741092237947 295285.9 145
1741092247986 295285.9 146
1741092258039 295285.4 147
1741092268367 295285.4 148
1741092278422 295285.4 149
1741092288468 295285.4 150
1741092298536 295285.4 151
1741092309014 295285.4 152
1741092319066 295285.4 153
1741092329114 295285.4 154
1741092339587 295285.4 155
1741092349636 295285.4 156
1741092359688 295285.4 157
1741092369788 295285.4 158
1741092379830 295284.8 159
1741092389880 295284.8 160
1741092399977 295284.8 161
1741092410026 295284.8 162
1741092420601 295284.8 163
1741092430696 295284.8 164
1741092440758 295284.8 165
1741092450798 295284.8 166
1741092461407 295284.8 167
1741092471482 295284.8 168
1741092481530 295284.8 169
1741092491633 295284.8 170
1741092501677 295284.4 171
1741092512003 295284.3 172
1741092522119 295284.3 173
1741092532169 295284.3 174
1741092542223 295284.3 175
1741092552330 295284.3 176
1741092562726 295284.3 177
1741092572797 295284.3 178
1741092582901 295284.3 179
1741092593478 295284.3 180
1741092603557 295284.3 181
1741092613854 295284.3 182
1741092623910 295284.3 183
1741092634132 295283.8 184
