1741090772815 0.0 0
1741090782889 0.27642200000002504 1
1741090792971 0.8370610000000624 2
1741090803043 0.9472640000000183 3
1741090813128 4.7740700000000516 4
1741090823259 5.154557000000068 5
1741090833362 6.217356999999993 6
1741090843406 7.211753000000044 7
1741090853487 7.992804000000092 8
1741090863545 9.336337000000071 9
1741090873590 10.396322000000055 10
1741090883631 12.087368000000083 11
1741090893663 12.83407800000009 12
1741090903707 13.444758000000093 13
1741090913806 14.438891000000012 14
1741090923858 16.043948999999998 15
1741090933920 17.004284000000098 16
1741090944013 17.621748000000025 17
1741090954132 18.404387000000042 18
1741090964173 20.14415500000007 19
1741090974258 21.275296000000026 20
1741090984305 22.035785000000033 21
1741090994356 22.618826000000013 22
1741091004404 23.36941300000001 23
1741091014459 25.125226999999995 24
1741091024514 26.365846000000033 25
1741091034561 27.47234400000002 26
1741091044648 28.32233800000006 27
1741091054699 30.888351000000057 28
1741091064742 31.76871600000004 29
1741091074896 33.075705000000085 30
1741091084938 33.77536200000009 31
1741091094980 35.02963800000009 32
1741091105321 35.60670600000003 33
1741091115427 36.84958500000005 34
1741091125469 38.05037900000002 35
1741091135619 38.68197600000008 36
1741091145674 39.472350000000006 37
1741091155742 40.377692000000025 38
1741091165903 41.578259 39
1741091175952 42.54343600000004 40
1741091186009 43.2776980000001 41
1741091196107 44.55095600000004 42
1741091206168 46.628704000000084 43
1741091216219 47.87516300000004 44
1741091226328 48.69687900000008 45
1741091236381 49.622968000000014 46
1741091246436 50.50303900000006 47
1741091256577 52.09305900000004 48
1741091266621 53.216923000000065 49
1741091276698 54.38327300000003 50
1741091286837 56.60958700000003 51
1741091297397 57.73605000000009 52
1741091307459 58.97826500000008 53
1741091317564 60.69203200000004 54
1741091327607 63.49132400000008 55
1741091337667 67.29762300000004 56
1741091347812 71.07625200000007 57
1741091357870 73.76091000000008 58
1741091368179 74.54204000000004 59
1741091378346 75.080152 60
1741091388393 76.16839700000003 61
1741091398516 76.848525 62
1741091408610 78.43083200000001 63
1741091418656 78.943218 64
1741091428706 79.54998 65
1741091439058 80.69288500000005 66
1741091449113 81.42281400000002 67
1741091459156 82.0522860000001 68
1741091469243 84.02096400000005 69
1741091479296 85.165438 70
1741091489493 86.31940500000007 71
1741091499619 88.18418900000006 72
1741091509666 89.99835300000007 73
1741091519738 91.58138400000007 74
1741091530185 93.43222800000001 75
1741091540229 95.31018000000006 76
1741091550277 97.147422 77
1741091560388 99.31671100000005 78
1741091570433 101.77671300000009 79
1741091580489 104.26037600000006 80
1741091590533 106.91718400000002 81
1741091600585 109.1980870000001 82
1741091610643 110.66222100000005 83
1741091620691 113.22755100000006 84
1741091630732 114.44615600000009 85
1741091640771 114.52563800000007 86
1741091650820 114.58295400000009 87
1741091660881 114.63221900000008 88
1741091670999 114.71805500000005 89
1741091681075 114.77780700000005 90
1741091691263 114.8343880000001 91
1741091701315 114.99939900000004 92
1741091711363 117.02350200000001 93
1741091721468 119.04122100000006 94
1741091731514 121.479244 95
1741091741570 123.20864900000004 96
1741091751685 124.9630820000001 97
1741091761904 126.72694000000001 98
1741091771946 128.45954500000005 99
1741091782089 129.7159200000001 100
1741091792177 131.44037600000001 101
1741091802216 132.45728300000007 102
1741091812326 134.2723860000001 103
1741091822385 135.94221700000003 104
1741091832435 137.54069400000003 105
1741091842544 139.24061400000005 106
1741091852589 140.11035500000003 107
1741091862645 141.19363800000008 108
1741091872737 142.73508000000004 109
1741091882784 144.514007 110
1741091892826 146.24136900000008 111
1741091902977 147.85170100000005 112
1741091913020 149.610678 113
1741091923070 151.1593160000001 114
1741091933229 152.45701700000006 115
1741091943276 153.74434800000006 116
1741091953689 153.96445100000005 117
1741091963797 154.02884200000005 118
1741091973844 154.4366490000001 119
1741091984347 162.16860600000007 120
1741091994467 162.27701000000002 121
1741092004585 162.34598200000005 122
1741092014630 162.45464700000002 123
1741092024887 162.54149600000005 124
1741092035318 164.10463500000003 125
1741092045354 164.19516800000008 126
1741092055485 164.333125 127
1741092065524 164.42301300000008 128
1741092075967 164.487889 129
1741092086277 164.5640410000001 130
1741092096326 164.66011000000003 131
1741092106361 164.77361400000007 132
1741092116466 164.881213 133
1741092126527 165.017242 134
1741092136569 165.1198750000001 135
1741092146677 165.192365 136
1741092156722 165.35333200000002 137
1741092166774 165.4407930000001 138
1741092177178 165.520888 139
1741092187219 165.6377520000001 140
1741092197256 165.68856300000004 141
1741092207362 165.78637000000003 142
1741092217417 168.8003920000001 143
1741092227461 171.58418600000005 144
1741092237947 174.65852300000006 145
1741092247986 177.22317400000009 146
1741092258039 179.86553700000002 147
1741092268367 180.2987270000001 148
1741092278422 182.22423700000002 149
1741092288468 189.31514200000004 150
1741092298536 190.00633100000005 151
1741092309014 190.10777000000007 152
1741092319066 190.91433800000004 153
1741092329114 191.118649 154
1741092339587 191.49624800000004 155
1741092349636 192.00384500000007 156
1741092359688 192.36904700000002 157
1741092369788 192.9797480000001 158
1741092379830 194.716044 159
1741092389880 197.73404000000005 160
1741092399977 199.251217 161
1741092410026 201.51808100000005 162
1741092420601 203.6071760000001 163
1741092430696 205.2412290000001 164
1741092440758 207.16135800000006 165
1741092450798 208.80807500000003 166
1741092461407 211.77135900000007 167
1741092471482 213.49705700000004 168
1741092481530 215.14752600000008 169
1741092491633 217.0519230000001 170
1741092501677 218.30496900000003 171
1741092512003 218.9005380000001 172
1741092522119 220.16502100000002 173
1741092532169 222.10962400000005 174
1741092542223 224.02797600000008 175
1741092552330 225.505218 176
1741092562726 226.88206200000002 177
1741092572797 228.2411380000001 178
1741092582901 230.24876500000005 179
1741092593478 231.68524000000002 180
1741092603557 233.5915970000001 181
1741092613854 235.308759 182
1741092623910 236.29081300000007 183
1741092634132 237.1975040000001 184
