1741090772815 0.0 0
1741090782889 0.26472799999999097 1
1741090792971 0.8340610000000197 2
1741090803043 0.9356910000000198 3
1741090813128 4.758622999999943 4
1741090823259 5.1384369999999535 5
1741090833362 6.1975439999999935 6
1741090843406 7.199480999999992 7
1741090853487 7.969567999999981 8
1741090863545 9.306605999999988 9
1741090873590 10.37723399999993 10
1741090883631 12.073781999999937 11
1741090893663 12.821107999999981 12
1741090903707 13.415732999999932 13
1741090913806 17.822457999999983 14
1741090923858 26.760088999999994 15
1741090933920 29.133479999999963 16
1741090944013 29.72459200000003 17
1741090954132 30.49432200000001 18
1741090964173 32.796276000000034 19
1741090974258 33.94146999999998 20
1741090984305 34.652603 21
1741090994356 35.22766200000001 22
1741091004404 35.95069000000001 23
1741091014459 37.69068900000002 24
1741091024514 38.92048599999998 25
1741091034561 40.014655999999945 26
1741091044648 40.84165699999994 27
1741091054699 43.389723000000004 28
1741091064742 44.24008700000002 29
1741091074896 45.534296999999924 30
1741091084938 46.43010200000003 31
1741091094980 47.90506099999993 32
1741091105321 48.68605400000001 33
1741091115427 50.083103999999935 34
1741091125469 51.36795299999994 35
1741091135619 52.116113999999925 36
1741091145674 52.92836299999999 37
1741091155742 53.87997299999995 38
1741091165903 55.05391199999997 39
1741091175952 56.02089799999999 40
1741091186009 56.73062900000002 41
1741091196107 57.98412599999995 42
1741091206168 60.06429700000001 43
1741091216219 61.29306699999995 44
1741091226328 62.16411900000003 45
1741091236381 63.672867 46
1741091246436 65.99507299999993 47
1741091256577 67.81722300000001 48
1741091266621 69.14702899999997 49
1741091276698 70.30361199999993 50
1741091286837 72.52086999999995 51
1741091297397 75.22177699999997 52
1741091307459 76.60672599999998 53
1741091317564 78.47900300000003 54
1741091327607 81.77429399999994 55
1741091337667 85.74715900000001 56
1741091347812 89.92157799999995 57
1741091357870 92.79236400000002 58
1741091368179 93.706595 59
1741091378346 94.18708800000002 60
1741091388393 95.50728300000003 61
1741091398516 96.03907400000003 62
1741091408610 98.00901999999996 63
1741091418656 99.06910199999993 64
1741091428706 99.71417899999994 65
1741091439058 100.89849100000004 66
1741091449113 101.66115300000001 67
1741091459156 102.317722 68
1741091469243 104.35466399999996 69
1741091479296 105.96496300000001 70
1741091489493 107.30541099999994 71
1741091499619 109.23470199999997 72
1741091509666 112.49754699999994 73
1741091519738 115.137969 74
1741091530185 117.77849800000001 75
1741091540229 119.97271599999999 76
1741091550277 122.14037199999996 77
1741091560388 124.72760700000003 78
1741091570433 127.81423399999994 79
1741091580489 131.10849999999994 80
1741091590533 134.03746999999998 81
1741091600585 136.66776400000003 82
1741091610643 138.56199200000003 83
1741091620691 142.209656 84
1741091630732 143.70155999999997 85
1741091640771 144.11165700000004 86
1741091650820 144.43584299999998 87
1741091660881 144.815969 88
1741091670999 145.445422 89
1741091681075 145.79834800000003 90
1741091691263 146.285889 91
1741091701315 146.77439300000003 92
1741091711363 149.39066200000002 93
1741091721468 152.00144 94
1741091731514 154.74809900000002 95
1741091741570 156.795618 96
1741091751685 159.12412299999994 97
1741091761904 161.59336199999996 98
1741091771946 164.005138 99
1741091782089 165.66472599999997 100
1741091792177 168.13426400000003 101
1741091802216 170.811777 102
1741091812326 173.31879400000003 103
1741091822385 175.468124 104
1741091832435 177.444754 105
1741091842544 179.51001799999995 106
1741091852589 180.88801999999998 107
1741091862645 182.29183799999998 108
1741091872737 184.23719800000003 109
1741091882784 186.38946099999998 110
1741091892826 188.53929099999993 111
1741091902977 190.63020699999993 112
1741091913020 192.727128 113
1741091923070 194.595323 114
1741091933229 196.141078 115
1741091943276 197.731091 116
1741091953689 198.28937599999995 117
1741091963797 198.86656499999992 118
1741091973844 199.56458399999997 119
1741091984347 207.67766299999994 120
1741091994467 208.55845699999998 121
1741092004585 208.97645999999997 122
1741092014630 209.42740600000002 123
1741092024887 209.92942800000003 124
1741092035318 212.23434299999997 125
1741092045354 212.82377399999996 126
1741092055485 213.31176299999993 127
1741092065524 213.76956699999994 128
1741092075967 214.19735200000002 129
1741092086277 214.67971799999998 130
1741092096326 215.16134699999998 131
1741092106361 215.61402599999997 132
1741092116466 216.01069299999995 133
1741092126527 216.50344799999993 134
1741092136569 216.85565699999995 135
1741092146677 217.254235 136
1741092156722 217.59811100000002 137
1741092166774 218.272285 138
1741092177178 218.746401 139
1741092187219 219.15070400000002 140
1741092197256 219.44603099999995 141
1741092207362 220.11954400000002 142
1741092217417 223.43301299999996 143
1741092227461 226.70327699999996 144
1741092237947 230.01381700000002 145
1741092247986 232.75568499999997 146
1741092258039 235.80270699999994 147
1741092268367 236.620674 148
1741092278422 238.82858 149
1741092288468 246.320653 150
1741092298536 247.50745999999992 151
1741092309014 247.96494999999993 152
1741092319066 249.07880699999998 153
1741092329114 249.60772399999996 154
1741092339587 250.338393 155
1741092349636 251.37575800000002 156
1741092359688 252.46921699999996 157
1741092369788 253.71208000000001 158
1741092379830 256.15712199999996 159
1741092389880 259.73346300000003 160
1741092399977 261.99533799999995 161
1741092410026 264.831773 162
1741092420601 267.691647 163
1741092430696 270.18054499999994 164
1741092440758 272.792904 165
1741092450798 276.5149789999999 166
1741092461407 280.25673499999994 167
1741092471482 282.93494899999996 168
1741092481530 285.16914799999995 169
1741092491633 287.882876 170
1741092501677 290.060934 171
1741092512003 291.60407499999997 172
1741092522119 293.4882309999999 173
1741092532169 296.26541299999997 174
1741092542223 298.78941399999997 175
1741092552330 300.62163699999996 176
1741092562726 302.33494199999996 177
1741092572797 304.262372 178
1741092582901 306.942451 179
1741092593478 308.809026 180
1741092603557 311.081323 181
1741092613854 313.26064899999994 182
1741092623910 315.3287509999999 183
1741092634132 317.5358889999999 184
