1741090772815 76.8 0
1741090782889 81.0 1
1741090792971 81.7 2
1741090803043 82.4 3
1741090813128 83.3 4
1741090823259 83.9 5
1741090833362 84.7 6
1741090843406 85.1 7
1741090853487 87.3 8
1741090863545 86.1 9
1741090873590 87.1 10
1741090883631 89.0 11
1741090893663 90.2 12
1741090903707 90.9 13
1741090913806 93.2 14
1741090923858 94.0 15
1741090933920 91.2 16
1741090944013 90.5 17
1741090954132 89.5 18
1741090964173 90.6 19
1741090974258 90.5 20
1741090984305 90.8 21
1741090994356 91.2 22
1741091004404 91.8 23
1741091014459 92.5 24
1741091024514 89.0 25
1741091034561 89.0 26
1741091044648 90.9 27
1741091054699 89.4 28
1741091064742 89.8 29
1741091074896 90.4 30
1741091084938 91.8 31
1741091094980 91.7 32
1741091105321 92.6 33
1741091115427 91.8 34
1741091125469 88.3 35
1741091135619 88.8 36
1741091145674 88.5 37
1741091155742 89.0 38
1741091165903 89.8 39
1741091175952 90.5 40
1741091186009 90.9 41
1741091196107 91.7 42
1741091206168 92.4 43
1741091216219 88.2 44
1741091226328 82.6 45
1741091236381 83.1 46
1741091246436 83.5 47
1741091256577 83.9 48
1741091266621 84.3 49
1741091276698 84.8 50
1741091286837 85.5 51
1741091297397 86.3 52
1741091307459 83.1 53
1741091317564 82.0 54
1741091327607 82.6 55
1741091337667 82.3 56
1741091347812 83.0 57
1741091357870 83.3 58
1741091368179 83.8 59
1741091378346 86.8 60
1741091388393 87.0 61
1741091398516 87.6 62
1741091408610 83.2 63
1741091418656 83.4 64
1741091428706 83.7 65
1741091439058 83.4 66
1741091449113 84.0 67
1741091459156 84.5 68
1741091469243 84.8 69
1741091479296 85.6 70
1741091489493 86.1 71
1741091499619 86.7 72
1741091509666 87.1 73
1741091519738 85.5 74
1741091530185 86.0 75
1741091540229 86.8 76
1741091550277 86.7 77
1741091560388 86.7 78
1741091570433 87.6 79
1741091580489 91.2 80
1741091590533 91.9 81
1741091600585 92.0 82
1741091610643 92.6 83
1741091620691 89.8 84
1741091630732 88.9 85
1741091640771 90.8 86
1741091650820 89.8 87
1741091660881 90.2 88
1741091670999 90.3 89
1741091681075 90.7 90
1741091691263 91.3 91
1741091701315 92.1 92
1741091711363 92.3 93
1741091721468 93.5 94
1741091731514 89.8 95
1741091741570 89.7 96
1741091751685 93.0 97
1741091761904 90.0 98
1741091771946 89.9 99
1741091782089 91.0 100
1741091792177 91.2 101
1741091802216 92.4 102
1741091812326 92.3 103
1741091822385 92.5 104
1741091832435 93.4 105
1741091842544 90.1 106
1741091852589 90.8 107
1741091862645 90.8 108
1741091872737 90.9 109
1741091882784 91.5 110
1741091892826 89.9 111
1741091902977 90.9 112
1741091913020 85.7 113
1741091923070 85.9 114
1741091933229 86.2 115
1741091943276 86.6 116
1741091953689 87.3 117
1741091963797 88.1 118
1741091973844 88.6 119
1741091984347 85.2 120
1741091994467 85.6 121
1741092004585 85.3 122
1741092014630 85.8 123
1741092024887 85.6 124
1741092035318 85.2 125
1741092045354 86.0 126
1741092055485 86.4 127
1741092065524 87.9 128
1741092075967 87.5 129
1741092086277 88.0 130
1741092096326 88.6 131
1741092106361 85.9 132
1741092116466 86.0 133
1741092126527 85.9 134
1741092136569 87.2 135
1741092146677 86.7 136
1741092156722 86.9 137
1741092166774 86.6 138
1741092177178 87.6 139
1741092187219 88.0 140
1741092197256 88.4 141
1741092207362 89.1 142
1741092217417 86.4 143
1741092227461 86.6 144
1741092237947 86.6 145
1741092247986 86.6 146
1741092258039 86.5 147
1741092268367 86.0 148
1741092278422 85.7 149
1741092288468 85.8 150
1741092298536 85.8 151
1741092309014 86.2 152
1741092319066 86.9 153
1741092329114 88.0 154
1741092339587 88.1 155
1741092349636 87.6 156
1741092359688 87.1 157
1741092369788 86.7 158
1741092379830 86.6 159
1741092389880 86.3 160
1741092399977 87.2 161
1741092410026 87.1 162
1741092420601 87.0 163
1741092430696 87.8 164
1741092440758 88.3 165
1741092450798 90.4 166
1741092461407 91.5 167
1741092471482 89.4 168
1741092481530 89.8 169
1741092491633 89.6 170
1741092501677 88.0 171
1741092512003 88.9 172
1741092522119 87.8 173
1741092532169 87.9 174
1741092542223 87.9 175
1741092552330 89.4 176
1741092562726 88.4 177
1741092572797 88.9 178
1741092582901 89.7 179
1741092593478 88.7 180
1741092603557 89.4 181
1741092613854 89.0 182
1741092623910 88.7 183
1741092634132 91.0 184
