1741090772815 12956.7 0
1741090782889 13656.1 1
1741090792971 13781.4 2
1741090803043 13903.8 3
1741090813128 14042.8 4
1741090823259 14159.1 5
1741090833362 14283.1 6
1741090843406 14352.1 7
1741090853487 14720.5 8
1741090863545 14522.3 9
1741090873590 14691.8 10
1741090883631 15003.3 11
1741090893663 15207.1 12
1741090903707 15335.0 13
1741090913806 15712.0 14
1741090923858 15851.3 15
1741090933920 15379.4 16
1741090944013 15268.2 17
1741090954132 15100.5 18
1741090964173 15283.9 19
1741090974258 15265.3 20
1741090984305 15307.2 21
1741090994356 15389.7 22
1741091004404 15476.2 23
1741091014459 15604.0 24
1741091024514 15014.9 25
1741091034561 15008.9 26
1741091044648 15334.9 27
1741091054699 15085.2 28
1741091064742 15153.8 29
1741091074896 15251.6 30
1741091084938 15478.3 31
1741091094980 15473.4 32
1741091105321 15618.6 33
1741091115427 15481.1 34
1741091125469 14885.6 35
1741091135619 14971.7 36
1741091145674 14934.4 37
1741091155742 15015.7 38
1741091165903 15148.9 39
1741091175952 15263.7 40
1741091186009 15332.9 41
1741091196107 15463.3 42
1741091206168 15587.5 43
1741091216219 14882.4 44
1741091226328 13924.5 45
1741091236381 14023.2 46
1741091246436 14089.8 47
1741091256577 14144.1 48
1741091266621 14219.4 49
1741091276698 14304.3 50
1741091286837 14416.5 51
1741091297397 14562.9 52
1741091307459 14016.2 53
1741091317564 13823.2 54
1741091327607 13939.3 55
1741091337667 13876.5 56
1741091347812 13996.0 57
1741091357870 14056.3 58
1741091368179 14137.0 59
1741091378346 14641.2 60
1741091388393 14682.4 61
1741091398516 14776.7 62
1741091408610 14033.4 63
1741091418656 14066.7 64
1741091428706 14109.2 65
1741091439058 14071.3 66
1741091449113 14163.6 67
1741091459156 14256.3 68
1741091469243 14305.9 69
1741091479296 14434.3 70
1741091489493 14518.8 71
1741091499619 14629.1 72
1741091509666 14686.6 73
1741091519738 14427.1 74
1741091530185 14510.4 75
1741091540229 14638.5 76
1741091550277 14630.3 77
1741091560388 14615.5 78
1741091570433 14774.2 79
1741091580489 15377.6 80
1741091590533 15502.2 81
1741091600585 15510.4 82
1741091610643 15620.9 83
1741091620691 15154.5 84
1741091630732 14994.4 85
1741091640771 15317.8 86
1741091650820 15152.3 87
1741091660881 15207.9 88
1741091670999 15236.2 89
1741091681075 15290.2 90
1741091691263 15405.9 91
1741091701315 15535.6 92
1741091711363 15572.8 93
1741091721468 15769.0 94
1741091731514 15147.3 95
1741091741570 15126.5 96
1741091751685 15679.6 97
1741091761904 15185.0 98
1741091771946 15167.9 99
1741091782089 15354.1 100
1741091792177 15389.4 101
1741091802216 15586.3 102
1741091812326 15571.0 103
1741091822385 15604.7 104
1741091832435 15754.9 105
1741091842544 15189.3 106
1741091852589 15307.1 107
1741091862645 15308.0 108
1741091872737 15332.6 109
1741091882784 15429.8 110
1741091892826 15171.0 111
1741091902977 15326.4 112
1741091913020 14455.8 113
1741091923070 14488.8 114
1741091933229 14540.9 115
1741091943276 14601.9 116
1741091953689 14720.9 117
1741091963797 14853.9 118
1741091973844 14939.4 119
1741091984347 14376.6 120
1741091994467 14445.6 121
1741092004585 14382.9 122
1741092014630 14474.5 123
1741092024887 14446.1 124
1741092035318 14374.4 125
1741092045354 14508.6 126
1741092055485 14570.7 127
1741092065524 14822.2 128
1741092075967 14766.0 129
1741092086277 14839.9 130
1741092096326 14935.7 131
1741092106361 14482.0 132
1741092116466 14502.2 133
1741092126527 14486.6 134
1741092136569 14710.0 135
1741092146677 14628.5 136
1741092156722 14652.5 137
1741092166774 14599.0 138
1741092177178 14768.0 139
1741092187219 14845.8 140
1741092197256 14906.0 141
1741092207362 15028.0 142
1741092217417 14577.8 143
1741092227461 14598.5 144
1741092237947 14606.9 145
1741092247986 14613.3 146
1741092258039 14593.7 147
1741092268367 14497.8 148
1741092278422 14455.4 149
1741092288468 14464.1 150
1741092298536 14478.4 151
1741092309014 14538.9 152
1741092319066 14649.9 153
1741092329114 14837.1 154
1741092339587 14857.9 155
1741092349636 14771.2 156
1741092359688 14687.3 157
1741092369788 14620.5 158
1741092379830 14613.0 159
1741092389880 14549.8 160
1741092399977 14716.2 161
1741092410026 14686.2 162
1741092420601 14671.1 163
1741092430696 14816.7 164
1741092440758 14889.5 165
1741092450798 15246.3 166
1741092461407 15431.1 167
1741092471482 15072.0 168
1741092481530 15141.3 169
1741092491633 15120.1 170
1741092501677 14845.5 171
1741092512003 14987.2 172
1741092522119 14811.8 173
1741092532169 14823.8 174
1741092542223 14833.8 175
1741092552330 15074.3 176
1741092562726 14911.9 177
1741092572797 14997.9 178
1741092582901 15137.8 179
1741092593478 14965.9 180
1741092603557 15076.8 181
1741092613854 15008.7 182
1741092623910 14963.8 183
1741092634132 15353.3 184
