1741125236545 0.0 0
1741125246614 21.0 1
1741125256688 21.5 2
1741125266772 21.5 3
1741125276900 21.0 4
1741125286994 20.4 5
1741125297076 23.3 6
1741125307170 26.7 7
1741125317205 14.5 8
1741125327288 24.0 9
1741125337413 30.6 10
1741125347444 23.6 11
1741125357526 25.3 12
1741125367555 31.0 13
1741125377588 28.9 14
1741125387682 28.9 15
1741125397731 23.1 16
1741125407768 21.1 17
1741125417883 24.2 18
1741125427919 25.3 19
1741125437942 27.0 20
1741125447990 28.6 21
1741125458085 26.3 22
1741125468124 22.1 23
1741125478172 33.8 24
1741125488215 33.2 25
1741125498254 28.4 26
1741125508339 28.3 27
1741125518399 20.0 28
1741125528449 30.4 29
1741125538535 31.3 30
1741125548564 22.2 31
1741125558872 27.6 32
1741125568927 32.4 33
1741125579022 22.1 34
1741125589165 22.1 35
1741125599252 25.9 36
1741125609281 19.8 37
1741125619605 30.2 38
1741125629696 24.2 39
1741125639722 22.6 40
1741125649788 28.1 41
1741125659863 22.1 42
1741125669896 20.1 43
1741125679987 23.7 44
1741125690233 20.4 45
1741125700292 22.0 46
1741125710361 24.9 47
1741125720403 19.2 48
1741125730595 24.0 49
1741125740956 27.3 50
1741125751153 17.1 51
1741125761196 22.2 52
1741125771238 22.3 53
1741125781336 23.5 54
1741125791383 20.1 55
1741125801421 22.4 56
1741125811509 21.1 57
1741125821580 22.9 58
1741125831604 20.5 59
1741125841686 22.1 60
1741125851723 19.1 61
1741125861763 22.5 62
1741125872160 22.6 63
1741125882189 18.4 64
1741125892244 23.7 65
1741125902349 22.7 66
1741125912407 22.5 67
1741125922446 18.4 68
1741125932488 22.7 69
1741125942524 26.9 70
1741125952558 27.1 71
1741125962666 24.2 72
1741125972710 20.7 73
1741125982742 24.9 74
1741125992840 24.0 75
1741126002908 22.2 76
1741126012937 17.9 77
1741126022976 24.5 78
1741126033286 19.3 79
1741126043319 21.0 80
1741126053425 24.1 81
1741126063538 19.1 82
1741126073780 22.2 83
1741126083884 25.6 84
1741126093925 20.9 85
1741126103952 18.7 86
1741126114048 22.2 87
1741126124074 19.8 88
1741126134108 22.7 89
1741126144200 23.2 90
1741126154234 20.3 91
1741126164270 20.5 92
1741126174426 31.1 93
1741126184493 26.4 94
1741126194522 18.8 95
1741126204643 23.7 96
1741126214682 20.3 97
1741126224699 21.1 98
1741126235189 22.3 99
1741126245218 17.9 100
1741126255574 22.7 101
1741126265891 23.5 102
1741126276035 22.8 103
1741126286083 16.4 104
1741126296192 24.3 105
1741126306223 19.1 106
1741126316257 21.9 107
1741126326393 22.1 108
1741126336427 18.3 109
1741126346478 21.7 110
1741126356552 22.9 111
1741126366599 20.6 112
1741126376649 17.2 113
1741126386915 22.9 114
1741126397073 19.0 115
1741126407117 22.1 116
1741126417181 22.0 117
1741126427243 21.7 118
1741126437270 21.1 119
1741126447322 21.8 120
1741126457455 24.8 121
1741126467507 14.1 122
1741126477542 24.8 123
1741126487591 21.0 124
1741126497632 19.6 125
1741126507666 22.5 126
1741126517749 21.1 127
1741126527789 18.8 128
1741126538230 21.1 129
1741126548301 23.4 130
1741126558655 20.0 131
1741126568723 19.2 132
1741126578817 22.5 133
1741126588838 19.9 134
1741126598884 21.3 135
1741126608918 22.1 136
1741126618977 18.5 137
1741126629005 20.2 138
1741126639626 23.2 139
1741126649675 20.0 140
1741126659709 18.2 141
1741126669751 22.0 142
1741126679807 19.2 143
1741126689855 21.7 144
1741126699931 21.7 145
1741126709972 19.1 146
1741126720430 21.6 147
1741126730493 19.8 148
1741126740552 23.3 149
1741126750607 19.0 150
1741126760687 20.4 151
1741126770749 19.0 152
1741126780782 21.3 153
1741126790818 22.2 154
1741126800852 19.1 155
1741126810893 21.6 156
1741126821358 21.4 157
1741126831552 19.2 158
1741126841594 22.6 159
1741126851643 17.5 160
1741126861694 18.9 161
1741126871750 22.2 162
1741126881848 20.4 163
1741126891907 18.5 164
1741126901979 22.0 165
1741126912595 20.9 166
1741126922765 17.6 167
1741126932860 25.0 168
1741126942902 21.5 169
1741126952998 13.8 170
1741126963047 22.3 171
1741126973187 20.4 172
1741126983321 20.4 173
1741126993375 20.5 174
1741127003421 25.8 175
1741127013564 24.6 176
1741127023598 19.9 177
1741127033646 25.2 178
1741127043685 23.9 179
1741127053739 13.8 180
1741127063783 24.6 181
1741127073831 20.2 182
1741127083944 18.2 183
1741127094271 20.9 184
1741127104533 20.8 185
1741127114889 19.0 186
1741127125088 21.1 187
1741127135226 22.5 188
1741127145266 17.0 189
1741127155732 19.4 190
1741127165965 20.8 191
1741127176207 18.8 192
1741127186663 20.4 193
1741127197054 22.2 194
1741127207519 18.2 195
1741127217553 22.1 196
1741127227658 21.6 197
1741127237727 20.4 198
1741127247757 16.3 199
1741127257865 20.2 200
1741127267895 18.2 201
1741127277955 22.1 202
1741127288052 21.3 203
1741127298156 18.2 204
1741127308735 20.3 205
1741127318812 21.8 206
1741127329087 19.6 207
1741127339152 22.0 208
1741127349240 18.7 209
1741127359356 19.9 210
1741127369388 18.5 211
1741127379525 20.9 212
1741127390037 19.8 213
1741127400654 18.6 214
1741127411317 20.6 215
1741127421412 20.4 216
1741127431483 17.8 217
1741127441553 21.8 218
1741127451610 19.6 219
1741127461652 16.3 220
1741127471709 21.1 221
1741127482192 20.2 222
1741127492800 17.3 223
1741127502840 21.4 224
1741127512889 21.9 225
1741127522932 18.2 226
1741127533059 19.7 227
1741127543187 21.3 228
1741127553690 17.6 229
1741127564405 17.7 230
1741127575118 20.4 231
1741127585783 21.0 232
1741127596504 18.6 233
1741127607224 20.2 234
1741127617997 20.3 235
1741127628264 20.0 236
1741127638320 21.1 237
1741127648435 22.6 238
1741127658484 15.2 239
1741127669243 19.6 240
1741127680039 19.5 241
1741127690095 20.9 242
1741127700908 18.6 243
1741127711741 20.9 244
1741127721829 20.5 245
1741127731884 17.8 246
1741127741912 18.5 247
1741127751983 23.2 248
1741127762045 18.1 249
1741127772658 16.9 250
1741127783574 19.2 251
1741127793611 17.4 252
1741127803662 20.8 253
1741127813702 20.8 254
1741127824533 17.3 255
1741127834585 19.1 256
1741127844633 18.8 257
1741127854674 19.8 258
1741127866102 21.2 259
1741127876154 16.3 260
1741127886242 21.1 261
1741127896298 17.8 262
1741127906327 20.0 263
1741127916426 20.6 264
1741127926872 18.0 265
1741127936941 22.0 266
1741127947038 20.5 267
1741127957754 16.0 268
1741127967799 21.2 269
1741127977903 20.6 270
1741127987955 12.6 271
1741127998813 22.0 272
1741128008911 19.6 273
1741128018975 18.2 274
1741128029451 22.0 275
1741128040448 18.7 276
1741128050603 19.9 277
1741128060686 16.4 278
1741128070742 22.1 279
1741128080870 21.8 280
1741128091094 12.3 281
1741128101152 19.6 282
1741128111201 20.9 283
1741128121927 18.4 284
1741128131987 19.6 285
1741128142106 20.8 286
1741128152164 17.6 287
1741128162734 19.6 288
1741128172788 16.8 289
1741128183261 20.1 290
1741128193323 20.3 291
1741128204277 16.5 292
1741128214316 16.4 293
1741128224359 20.5 294
1741128235195 20.5 295
1741128245236 16.0 296
1741128255307 20.8 297
1741128265352 20.4 298
1741128275408 16.6 299
1741128285449 17.7 300
1741128295522 21.8 301
1741128305667 19.2 302
1741128315720 15.4 303
1741128325775 20.8 304
1741128335927 18.5 305
1741128346798 18.8 306
1741128356827 19.5 307
1741128366934 20.4 308
1741128376980 16.4 309
1741128387206 21.0 310
1741128397436 16.6 311
1741128407573 18.5 312
1741128417667 22.2 313
1741128427906 14.3 314
1741128437933 16.4 315
1741128447971 20.0 316
1741128458079 19.0 317
1741128468140 18.0 318
1741128478163 20.4 319
1741128488269 20.4 320
1741128498317 17.1 321
1741128508449 17.2 322
1741128519581 20.8 323
1741128529646 18.6 324
1741128539677 17.1 325
1741128549919 21.6 326
1741128559953 17.5 327
1741128570270 20.7 328
1741128580354 19.0 329
1741128590389 17.6 330
1741128600428 19.3 331
1741128610543 20.0 332
1741128620741 19.3 333
1741128631073 21.5 334
1741128641123 20.9 335
1741128651186 13.5 336
1741128661924 21.5 337
1741128671979 18.9 338
1741128682700 21.4 339
1741128692737 16.1 340
1741128703320 20.1 341
1741128713366 19.3 342
1741128723712 18.5 343
1741128734402 18.0 344
1741128745009 18.8 345
1741128755066 17.5 346
1741128765823 17.7 347
1741128775922 17.6 348
1741128786443 17.8 349
1741128796491 18.5 350
1741128807029 20.2 351
1741128817126 18.2 352
1741128828035 18.5 353
1741128838082 18.3 354
1741128848764 20.0 355
1741128859464 14.9 356
1741128869497 19.8 357
1741128879625 20.3 358
1741128889674 11.8 359
1741128900721 22.4 360
1741128910809 17.9 361
1741128921292 17.5 362
1741128931336 19.0 363
1741128942188 20.4 364
1741128952244 17.7 365
1741128962297 19.3 366
1741128972577 17.5 367
1741128984232 18.9 368
1741128994327 16.7 369
1741129004379 15.5 370
1741129015306 23.0 371
1741129025359 16.0 372
1741129036313 20.2 373
1741129046413 18.6 374
1741129057462 18.1 375
1741129067503 18.1 376
1741129078059 22.0 377
1741129088900 16.3 378
1741129099835 18.2 379
1741129109867 20.3 380
1741129119978 17.5 381
1741129130026 15.3 382
1741129140637 20.5 383
1741129150733 17.8 384
1741129161757 17.3 385
1741129171813 18.4 386
1741129182911 20.1 387
1741129192960 18.5 388
1741129204033 18.7 389
1741129215017 17.0 390
1741129225131 20.4 391
