1741125236545 295754.1 0
1741125246614 295754.1 1
1741125256688 295754.1 2
1741125266772 295754.1 3
1741125276900 295754.1 4
1741125286994 295754.1 5
1741125297076 295754.1 6
1741125307170 295754.1 7
1741125317205 295753.4 8
1741125327288 295742.3 9
1741125337413 295742.3 10
1741125347444 295742.3 11
1741125357526 295742.3 12
1741125367555 295742.3 13
1741125377588 295742.3 14
1741125387682 295742.3 15
1741125397731 295741.7 16
1741125407768 295741.7 17
1741125417883 295741.7 18
1741125427919 295741.7 19
1741125437942 295741.7 20
1741125447990 295741.7 21
1741125458085 295741.7 22
1741125468124 295741.7 23
1741125478172 295741.7 24
1741125488215 295741.2 25
1741125498254 295741.1 26
1741125508339 295741.1 27
1741125518399 295741.1 28
1741125528449 295741.2 29
1741125538535 295741.2 30
1741125548564 295741.2 31
1741125558872 295741.2 32
1741125568927 295741.2 33
1741125579022 295740.7 34
1741125589165 295740.7 35
1741125599252 295740.8 36
1741125609281 295740.8 37
1741125619605 295740.8 38
1741125629696 295740.8 39
1741125639722 295740.8 40
1741125649788 295740.8 41
1741125659863 295740.3 42
1741125669896 295740.3 43
1741125679987 295740.3 44
1741125690233 295740.3 45
1741125700292 295740.3 46
1741125710361 295740.3 47
1741125720403 295740.3 48
1741125730595 295740.3 49
1741125740956 295740.3 50
1741125751153 295739.8 51
1741125761196 295739.8 52
1741125771238 295739.8 53
1741125781336 295739.8 54
1741125791383 295739.8 55
1741125801421 295739.8 56
1741125811509 295739.3 57
1741125821580 295739.3 58
1741125831604 295738.9 59
1741125841686 295738.9 60
1741125851723 295738.9 61
1741125861763 295738.9 62
1741125872160 295738.9 63
1741125882189 295738.9 64
1741125892244 295738.9 65
1741125902349 295738.9 66
1741125912407 295738.9 67
1741125922446 295738.4 68
1741125932488 295738.4 69
1741125942524 295738.4 70
1741125952558 295738.4 71
1741125962666 295738.4 72
1741125972710 295738.4 73
1741125982742 295738.4 74
1741125992840 295738.4 75
1741126002908 295738.4 76
1741126012937 295738.0 77
1741126022976 295738.0 78
1741126033286 295738.0 79
1741126043319 295738.0 80
1741126053425 295738.0 81
1741126063538 295738.0 82
1741126073780 295738.0 83
1741126083884 295738.0 84
1741126093925 295737.6 85
1741126103952 295737.6 86
1741126114048 295737.6 87
1741126124074 295737.6 88
1741126134108 295737.6 89
1741126144200 295737.6 90
1741126154234 295737.6 91
1741126164270 295737.6 92
1741126174426 295737.6 93
1741126184493 295737.2 94
1741126194522 295737.1 95
1741126204643 295737.1 96
1741126214682 295737.1 97
1741126224699 295737.1 98
1741126235189 295737.1 99
1741126245218 295737.1 100
1741126255574 295737.1 101
1741126265891 295737.1 102
1741126276035 295736.8 103
1741126286083 295736.7 104
1741126296192 295736.7 105
1741126306223 295736.7 106
1741126316257 295736.7 107
1741126326393 295736.7 108
1741126336427 295736.7 109
1741126346478 295736.7 110
1741126356552 295736.7 111
1741126366599 295736.7 112
1741126376649 295736.3 113
1741126386915 295736.3 114
1741126397073 295736.3 115
1741126407117 295736.3 116
1741126417181 295736.3 117
1741126427243 295736.3 118
1741126437270 295736.3 119
1741126447322 295736.3 120
1741126457455 295736.3 121
1741126467507 295735.9 122
1741126477542 295735.9 123
1741126487591 295735.9 124
1741126497632 295735.9 125
1741126507666 295735.9 126
1741126517749 295735.9 127
1741126527789 295735.9 128
1741126538230 295735.9 129
1741126548301 295735.9 130
1741126558655 295735.4 131
1741126568723 295735.4 132
1741126578817 295735.4 133
1741126588838 295735.4 134
1741126598884 295735.4 135
1741126608918 295735.4 136
1741126618977 295735.4 137
1741126629005 295735.4 138
1741126639626 295735.4 139
1741126649675 295735.4 140
1741126659709 295735.0 141
1741126669751 295735.0 142
1741126679807 295735.0 143
1741126689855 295735.0 144
1741126699931 295735.0 145
1741126709972 295735.0 146
1741126720430 295735.0 147
1741126730493 295735.0 148
1741126740552 295735.0 149
1741126750607 295734.6 150
1741126760687 295734.6 151
1741126770749 295734.6 152
1741126780782 295734.6 153
1741126790818 295734.6 154
1741126800852 295734.6 155
1741126810893 295734.6 156
1741126821358 295734.6 157
1741126831552 295734.6 158
1741126841594 295734.6 159
1741126851643 295734.2 160
1741126861694 295734.2 161
1741126871750 295734.2 162
1741126881848 295734.2 163
1741126891907 295734.2 164
1741126901979 295734.2 165
1741126912595 295734.2 166
1741126922765 295734.2 167
1741126932860 295734.2 168
1741126942902 295733.8 169
1741126952998 295733.8 170
1741126963047 295733.8 171
1741126973187 295733.8 172
1741126983321 295733.8 173
1741126993375 295733.8 174
1741127003421 295733.8 175
1741127013564 295733.8 176
1741127023598 295733.8 177
1741127033646 295733.8 178
1741127043685 295733.4 179
1741127053739 295733.4 180
1741127063783 295732.9 181
1741127073831 295732.9 182
1741127083944 295732.9 183
1741127094271 295732.9 184
1741127104533 295732.9 185
1741127114889 295732.9 186
1741127125088 295732.9 187
1741127135226 295732.9 188
1741127145266 295732.5 189
1741127155732 295732.5 190
1741127165965 295732.5 191
1741127176207 295732.5 192
1741127186663 295732.5 193
1741127197054 295732.5 194
1741127207519 295732.5 195
1741127217553 295732.5 196
1741127227658 295732.5 197
1741127237727 295732.5 198
1741127247757 295732.1 199
1741127257865 295732.1 200
1741127267895 295732.1 201
1741127277955 295732.1 202
1741127288052 295732.1 203
1741127298156 295732.1 204
1741127308735 295732.1 205
1741127318812 295732.1 206
1741127329087 295732.1 207
1741127339152 295732.1 208
1741127349240 295731.7 209
1741127359356 295731.7 210
1741127369388 295731.7 211
1741127379525 295731.7 212
1741127390037 295731.7 213
1741127400654 295731.7 214
1741127411317 295731.7 215
1741127421412 295731.7 216
1741127431483 295731.7 217
1741127441553 295731.7 218
1741127451610 295731.3 219
1741127461652 295731.3 220
1741127471709 295731.3 221
1741127482192 295731.3 222
1741127492800 295731.3 223
1741127502840 295731.3 224
1741127512889 295731.3 225
1741127522932 295731.3 226
1741127533059 295731.3 227
1741127543187 295731.3 228
1741127553690 295730.9 229
1741127564405 295730.9 230
1741127575118 295730.9 231
1741127585783 295730.9 232
1741127596504 295730.9 233
1741127607224 295730.9 234
1741127617997 295730.9 235
1741127628264 295730.9 236
1741127638320 295730.9 237
1741127648435 295730.9 238
1741127658484 295730.5 239
1741127669243 295730.5 240
1741127680039 295730.5 241
1741127690095 295730.5 242
1741127700908 295730.5 243
1741127711741 295730.5 244
1741127721829 295730.5 245
1741127731884 295730.5 246
1741127741912 295730.5 247
1741127751983 295730.5 248
1741127762045 295730.1 249
1741127772658 295730.1 250
1741127783574 295730.1 251
1741127793611 295730.1 252
1741127803662 295730.1 253
1741127813702 295730.1 254
1741127824533 295730.1 255
1741127834585 295730.1 256
1741127844633 295730.1 257
1741127854674 295730.1 258
1741127866102 295730.1 259
1741127876154 295729.7 260
1741127886242 295729.7 261
1741127896298 295729.7 262
1741127906327 295729.7 263
1741127916426 295729.7 264
1741127926872 295729.7 265
1741127936941 295729.7 266
1741127947038 295729.7 267
1741127957754 295729.7 268
1741127967799 295729.7 269
1741127977903 295729.3 270
1741127987955 295729.3 271
1741127998813 295729.3 272
1741128008911 295729.3 273
1741128018975 295729.3 274
1741128029451 295729.3 275
1741128040448 295729.3 276
1741128050603 295729.3 277
1741128060686 295729.3 278
1741128070742 295729.3 279
1741128080870 295729.3 280
1741128091094 295729.0 281
1741128101152 295729.0 282
1741128111201 295729.0 283
1741128121927 295729.0 284
1741128131987 295729.0 285
1741128142106 295729.0 286
1741128152164 295729.0 287
1741128162734 295729.0 288
1741128172788 295729.0 289
1741128183261 295729.0 290
1741128193323 295729.0 291
1741128204277 295728.6 292
1741128214316 295728.6 293
1741128224359 295728.6 294
1741128235195 295728.6 295
1741128245236 295728.6 296
1741128255307 295728.6 297
1741128265352 295728.6 298
1741128275408 295728.6 299
1741128285449 295728.6 300
1741128295522 295728.6 301
1741128305667 295728.2 302
1741128315720 295728.2 303
1741128325775 295728.2 304
1741128335927 295728.2 305
1741128346798 295728.2 306
1741128356827 295728.2 307
1741128366934 295727.7 308
1741128376980 295727.7 309
1741128387206 295727.7 310
1741128397436 295727.7 311
1741128407573 295727.7 312
1741128417667 295727.3 313
1741128427906 295727.3 314
1741128437933 295727.3 315
1741128447971 295727.3 316
1741128458079 295727.3 317
1741128468140 295727.3 318
1741128478163 295727.3 319
1741128488269 295727.3 320
1741128498317 295727.3 321
1741128508449 295727.3 322
1741128519581 295727.3 323
1741128529646 295727.3 324
1741128539677 295726.9 325
1741128549919 295726.9 326
1741128559953 295726.9 327
1741128570270 295726.9 328
1741128580354 295726.9 329
1741128590389 295726.9 330
1741128600428 295726.9 331
1741128610543 295726.9 332
1741128620741 295726.9 333
1741128631073 295726.9 334
1741128641123 295726.9 335
1741128651186 295726.5 336
1741128661924 295726.5 337
1741128671979 295726.5 338
1741128682700 295726.5 339
1741128692737 295726.5 340
1741128703320 295726.5 341
1741128713366 295726.5 342
1741128723712 295726.5 343
1741128734402 295726.5 344
1741128745009 295726.5 345
1741128755066 295726.5 346
1741128765823 295726.1 347
1741128775922 295726.1 348
1741128786443 295726.1 349
1741128796491 295726.1 350
1741128807029 295726.1 351
1741128817126 295726.1 352
1741128828035 295726.1 353
1741128838082 295726.1 354
1741128848764 295726.1 355
1741128859464 295726.1 356
1741128869497 295726.1 357
1741128879625 295725.7 358
1741128889674 295725.7 359
1741128900721 295725.7 360
1741128910809 295725.7 361
1741128921292 295725.7 362
1741128931336 295725.7 363
1741128942188 295725.7 364
1741128952244 295725.7 365
1741128962297 295725.7 366
1741128972577 295725.7 367
1741128984232 295725.7 368
1741128994327 295725.7 369
1741129004379 295725.4 370
1741129015306 295725.4 371
1741129025359 295725.4 372
1741129036313 295725.4 373
1741129046413 295725.4 374
1741129057462 295725.4 375
1741129067503 295725.4 376
1741129078059 295725.4 377
1741129088900 295725.4 378
1741129099835 295725.4 379
1741129109867 295725.4 380
1741129119978 295725.0 381
1741129130026 295725.0 382
1741129140637 295725.0 383
1741129150733 295725.0 384
1741129161757 295725.0 385
1741129171813 295725.0 386
1741129182911 295725.0 387
1741129192960 295725.0 388
1741129204033 295725.0 389
1741129215017 295725.0 390
1741129225131 295725.0 391
