1741125236545 46.1 0
1741125246614 46.1 1
1741125256688 46.1 2
1741125266772 46.1 3
1741125276900 46.1 4
1741125286994 46.1 5
1741125297076 46.1 6
1741125307170 46.1 7
1741125317205 46.1 8
1741125327288 46.1 9
1741125337413 46.1 10
1741125347444 46.1 11
1741125357526 46.1 12
1741125367555 46.1 13
1741125377588 46.1 14
1741125387682 46.1 15
1741125397731 46.1 16
1741125407768 46.1 17
1741125417883 46.1 18
1741125427919 46.1 19
1741125437942 46.1 20
1741125447990 46.1 21
1741125458085 46.1 22
1741125468124 46.1 23
1741125478172 46.1 24
1741125488215 46.1 25
1741125498254 46.1 26
1741125508339 46.1 27
1741125518399 46.1 28
1741125528449 46.1 29
1741125538535 46.1 30
1741125548564 46.1 31
1741125558872 46.1 32
1741125568927 46.1 33
1741125579022 46.1 34
1741125589165 46.1 35
1741125599252 46.1 36
1741125609281 46.1 37
1741125619605 46.1 38
1741125629696 46.1 39
1741125639722 46.1 40
1741125649788 46.1 41
1741125659863 46.1 42
1741125669896 46.1 43
1741125679987 46.1 44
1741125690233 46.1 45
1741125700292 46.1 46
1741125710361 46.1 47
1741125720403 46.1 48
1741125730595 46.1 49
1741125740956 46.1 50
1741125751153 46.1 51
1741125761196 46.1 52
1741125771238 46.1 53
1741125781336 46.1 54
1741125791383 46.1 55
1741125801421 46.1 56
1741125811509 46.1 57
1741125821580 46.1 58
1741125831604 46.1 59
1741125841686 46.1 60
1741125851723 46.1 61
1741125861763 46.1 62
1741125872160 46.1 63
1741125882189 46.1 64
1741125892244 46.1 65
1741125902349 46.1 66
1741125912407 46.1 67
1741125922446 46.1 68
1741125932488 46.1 69
1741125942524 46.1 70
1741125952558 46.1 71
1741125962666 46.1 72
1741125972710 46.1 73
1741125982742 46.1 74
1741125992840 46.1 75
1741126002908 46.1 76
1741126012937 46.1 77
1741126022976 46.1 78
1741126033286 46.1 79
1741126043319 46.1 80
1741126053425 46.1 81
1741126063538 46.1 82
1741126073780 46.1 83
1741126083884 46.1 84
1741126093925 46.1 85
1741126103952 46.1 86
1741126114048 46.1 87
1741126124074 46.1 88
1741126134108 46.1 89
1741126144200 46.1 90
1741126154234 46.1 91
1741126164270 46.1 92
1741126174426 46.1 93
1741126184493 46.1 94
1741126194522 46.1 95
1741126204643 46.1 96
1741126214682 46.1 97
1741126224699 46.1 98
1741126235189 46.1 99
1741126245218 46.1 100
1741126255574 46.1 101
1741126265891 46.1 102
1741126276035 46.1 103
1741126286083 46.1 104
1741126296192 46.1 105
1741126306223 46.1 106
1741126316257 46.1 107
1741126326393 46.1 108
1741126336427 46.1 109
1741126346478 46.1 110
1741126356552 46.1 111
1741126366599 46.1 112
1741126376649 46.1 113
1741126386915 46.1 114
1741126397073 46.1 115
1741126407117 46.1 116
1741126417181 46.1 117
1741126427243 46.1 118
1741126437270 46.1 119
1741126447322 46.1 120
1741126457455 46.1 121
1741126467507 46.1 122
1741126477542 46.1 123
1741126487591 46.1 124
1741126497632 46.1 125
1741126507666 46.1 126
1741126517749 46.1 127
1741126527789 46.1 128
1741126538230 46.1 129
1741126548301 46.1 130
1741126558655 46.1 131
1741126568723 46.1 132
1741126578817 46.1 133
1741126588838 46.1 134
1741126598884 46.1 135
1741126608918 46.1 136
1741126618977 46.1 137
1741126629005 46.1 138
1741126639626 46.1 139
1741126649675 46.1 140
1741126659709 46.1 141
1741126669751 46.1 142
1741126679807 46.1 143
1741126689855 46.1 144
1741126699931 46.1 145
1741126709972 46.1 146
1741126720430 46.1 147
1741126730493 46.1 148
1741126740552 46.1 149
1741126750607 46.1 150
1741126760687 46.1 151
1741126770749 46.1 152
1741126780782 46.1 153
1741126790818 46.1 154
1741126800852 46.1 155
1741126810893 46.1 156
1741126821358 46.1 157
1741126831552 46.1 158
1741126841594 46.1 159
1741126851643 46.1 160
1741126861694 46.1 161
1741126871750 46.1 162
1741126881848 46.1 163
1741126891907 46.1 164
1741126901979 46.1 165
1741126912595 46.1 166
1741126922765 46.1 167
1741126932860 46.1 168
1741126942902 46.1 169
1741126952998 46.1 170
1741126963047 46.1 171
1741126973187 46.1 172
1741126983321 46.1 173
1741126993375 46.1 174
1741127003421 46.1 175
1741127013564 46.1 176
1741127023598 46.1 177
1741127033646 46.1 178
1741127043685 46.1 179
1741127053739 46.1 180
1741127063783 46.1 181
1741127073831 46.1 182
1741127083944 46.1 183
1741127094271 46.1 184
1741127104533 46.1 185
1741127114889 46.1 186
1741127125088 46.1 187
1741127135226 46.1 188
1741127145266 46.1 189
1741127155732 46.1 190
1741127165965 46.1 191
1741127176207 46.1 192
1741127186663 46.1 193
1741127197054 46.1 194
1741127207519 46.1 195
1741127217553 46.1 196
1741127227658 46.1 197
1741127237727 46.1 198
1741127247757 46.1 199
1741127257865 46.1 200
1741127267895 46.1 201
1741127277955 46.1 202
1741127288052 46.1 203
1741127298156 46.1 204
1741127308735 46.1 205
1741127318812 46.1 206
1741127329087 46.1 207
1741127339152 46.1 208
1741127349240 46.1 209
1741127359356 46.1 210
1741127369388 46.1 211
1741127379525 46.1 212
1741127390037 46.1 213
1741127400654 46.1 214
1741127411317 46.1 215
1741127421412 46.1 216
1741127431483 46.1 217
1741127441553 46.1 218
1741127451610 46.1 219
1741127461652 46.1 220
1741127471709 46.1 221
1741127482192 46.1 222
1741127492800 46.1 223
1741127502840 46.1 224
1741127512889 46.1 225
1741127522932 46.1 226
1741127533059 46.1 227
1741127543187 46.1 228
1741127553690 46.1 229
1741127564405 46.1 230
1741127575118 46.1 231
1741127585783 46.1 232
1741127596504 46.1 233
1741127607224 46.1 234
1741127617997 46.1 235
1741127628264 46.1 236
1741127638320 46.1 237
1741127648435 46.1 238
1741127658484 46.1 239
1741127669243 46.1 240
1741127680039 46.1 241
1741127690095 46.1 242
1741127700908 46.1 243
1741127711741 46.1 244
1741127721829 46.1 245
1741127731884 46.1 246
1741127741912 46.1 247
1741127751983 46.1 248
1741127762045 46.1 249
1741127772658 46.1 250
1741127783574 46.1 251
1741127793611 46.1 252
1741127803662 46.1 253
1741127813702 46.1 254
1741127824533 46.1 255
1741127834585 46.1 256
1741127844633 46.1 257
1741127854674 46.1 258
1741127866102 46.1 259
1741127876154 46.1 260
1741127886242 46.1 261
1741127896298 46.1 262
1741127906327 46.1 263
1741127916426 46.1 264
1741127926872 46.1 265
1741127936941 46.1 266
1741127947038 46.1 267
1741127957754 46.1 268
1741127967799 46.1 269
1741127977903 46.1 270
1741127987955 46.1 271
1741127998813 46.1 272
1741128008911 46.1 273
1741128018975 46.1 274
1741128029451 46.1 275
1741128040448 46.1 276
1741128050603 46.1 277
1741128060686 46.1 278
1741128070742 46.1 279
1741128080870 46.1 280
1741128091094 46.1 281
1741128101152 46.1 282
1741128111201 46.1 283
1741128121927 46.1 284
1741128131987 46.1 285
1741128142106 46.1 286
1741128152164 46.1 287
1741128162734 46.1 288
1741128172788 46.1 289
1741128183261 46.1 290
1741128193323 46.1 291
1741128204277 46.1 292
1741128214316 46.1 293
1741128224359 46.1 294
1741128235195 46.1 295
1741128245236 46.1 296
1741128255307 46.1 297
1741128265352 46.1 298
1741128275408 46.1 299
1741128285449 46.1 300
1741128295522 46.1 301
1741128305667 46.1 302
1741128315720 46.1 303
1741128325775 46.1 304
1741128335927 46.1 305
1741128346798 46.1 306
1741128356827 46.1 307
1741128366934 46.1 308
1741128376980 46.1 309
1741128387206 46.1 310
1741128397436 46.1 311
1741128407573 46.1 312
1741128417667 46.1 313
1741128427906 46.1 314
1741128437933 46.1 315
1741128447971 46.1 316
1741128458079 46.1 317
1741128468140 46.1 318
1741128478163 46.1 319
1741128488269 46.1 320
1741128498317 46.1 321
1741128508449 46.1 322
1741128519581 46.1 323
1741128529646 46.1 324
1741128539677 46.1 325
1741128549919 46.1 326
1741128559953 46.1 327
1741128570270 46.1 328
1741128580354 46.1 329
1741128590389 46.1 330
1741128600428 46.1 331
1741128610543 46.1 332
1741128620741 46.1 333
1741128631073 46.1 334
1741128641123 46.1 335
1741128651186 46.1 336
1741128661924 46.1 337
1741128671979 46.1 338
1741128682700 46.1 339
1741128692737 46.1 340
1741128703320 46.1 341
1741128713366 46.1 342
1741128723712 46.1 343
1741128734402 46.1 344
1741128745009 46.1 345
1741128755066 46.1 346
1741128765823 46.1 347
1741128775922 46.1 348
1741128786443 46.1 349
1741128796491 46.1 350
1741128807029 46.1 351
1741128817126 46.1 352
1741128828035 46.1 353
1741128838082 46.1 354
1741128848764 46.1 355
1741128859464 46.1 356
1741128869497 46.1 357
1741128879625 46.1 358
1741128889674 46.1 359
1741128900721 46.1 360
1741128910809 46.1 361
1741128921292 46.1 362
1741128931336 46.1 363
1741128942188 46.1 364
1741128952244 46.1 365
1741128962297 46.1 366
1741128972577 46.1 367
1741128984232 46.1 368
1741128994327 46.1 369
1741129004379 46.1 370
1741129015306 46.1 371
1741129025359 46.1 372
1741129036313 46.1 373
1741129046413 46.1 374
1741129057462 46.1 375
1741129067503 46.1 376
1741129078059 46.1 377
1741129088900 46.1 378
1741129099835 46.1 379
1741129109867 46.1 380
1741129119978 46.1 381
1741129130026 46.1 382
1741129140637 46.1 383
1741129150733 46.1 384
1741129161757 46.1 385
1741129171813 46.1 386
1741129182911 46.1 387
1741129192960 46.1 388
1741129204033 46.1 389
1741129215017 46.1 390
1741129225131 46.1 391
