1741125236545 252605.0 0
1741125246614 252605.0 1
1741125256688 252605.0 2
1741125266772 252605.0 3
1741125276900 252605.0 4
1741125286994 252605.0 5
1741125297076 252605.0 6
1741125307170 252605.0 7
1741125317205 252605.7 8
1741125327288 252616.8 9
1741125337413 252616.8 10
1741125347444 252616.8 11
1741125357526 252616.8 12
1741125367555 252616.8 13
1741125377588 252616.8 14
1741125387682 252616.8 15
1741125397731 252617.4 16
1741125407768 252617.4 17
1741125417883 252617.4 18
1741125427919 252617.4 19
1741125437942 252617.4 20
1741125447990 252617.4 21
1741125458085 252617.4 22
1741125468124 252617.4 23
1741125478172 252617.4 24
1741125488215 252617.9 25
1741125498254 252618.0 26
1741125508339 252618.0 27
1741125518399 252618.0 28
1741125528449 252617.9 29
1741125538535 252617.9 30
1741125548564 252617.9 31
1741125558872 252617.9 32
1741125568927 252617.9 33
1741125579022 252618.4 34
1741125589165 252618.4 35
1741125599252 252618.4 36
1741125609281 252618.4 37
1741125619605 252618.4 38
1741125629696 252618.4 39
1741125639722 252618.4 40
1741125649788 252618.4 41
1741125659863 252618.8 42
1741125669896 252618.8 43
1741125679987 252618.8 44
1741125690233 252618.8 45
1741125700292 252618.8 46
1741125710361 252618.8 47
1741125720403 252618.8 48
1741125730595 252618.8 49
1741125740956 252618.8 50
1741125751153 252619.3 51
1741125761196 252619.3 52
1741125771238 252619.3 53
1741125781336 252619.3 54
1741125791383 252619.3 55
1741125801421 252619.3 56
1741125811509 252619.8 57
1741125821580 252619.8 58
1741125831604 252620.2 59
1741125841686 252620.2 60
1741125851723 252620.2 61
1741125861763 252620.2 62
1741125872160 252620.2 63
1741125882189 252620.2 64
1741125892244 252620.2 65
1741125902349 252620.2 66
1741125912407 252620.2 67
1741125922446 252620.7 68
1741125932488 252620.7 69
1741125942524 252620.7 70
1741125952558 252620.7 71
1741125962666 252620.7 72
1741125972710 252620.7 73
1741125982742 252620.7 74
1741125992840 252620.7 75
1741126002908 252620.7 76
1741126012937 252621.1 77
1741126022976 252621.1 78
1741126033286 252621.1 79
1741126043319 252621.1 80
1741126053425 252621.1 81
1741126063538 252621.1 82
1741126073780 252621.1 83
1741126083884 252621.1 84
1741126093925 252621.5 85
1741126103952 252621.5 86
1741126114048 252621.5 87
1741126124074 252621.5 88
1741126134108 252621.5 89
1741126144200 252621.5 90
1741126154234 252621.5 91
1741126164270 252621.5 92
1741126174426 252621.5 93
1741126184493 252621.9 94
1741126194522 252622.0 95
1741126204643 252622.0 96
1741126214682 252622.0 97
1741126224699 252622.0 98
1741126235189 252622.0 99
1741126245218 252622.0 100
1741126255574 252622.0 101
1741126265891 252622.0 102
1741126276035 252622.3 103
1741126286083 252622.4 104
1741126296192 252622.4 105
1741126306223 252622.4 106
1741126316257 252622.4 107
1741126326393 252622.4 108
1741126336427 252622.4 109
1741126346478 252622.4 110
1741126356552 252622.4 111
1741126366599 252622.4 112
1741126376649 252622.8 113
1741126386915 252622.8 114
1741126397073 252622.8 115
1741126407117 252622.8 116
1741126417181 252622.8 117
1741126427243 252622.8 118
1741126437270 252622.8 119
1741126447322 252622.8 120
1741126457455 252622.8 121
1741126467507 252623.2 122
1741126477542 252623.2 123
1741126487591 252623.2 124
1741126497632 252623.2 125
1741126507666 252623.2 126
1741126517749 252623.2 127
1741126527789 252623.2 128
1741126538230 252623.2 129
1741126548301 252623.2 130
1741126558655 252623.7 131
1741126568723 252623.7 132
1741126578817 252623.7 133
1741126588838 252623.7 134
1741126598884 252623.7 135
1741126608918 252623.7 136
1741126618977 252623.7 137
1741126629005 252623.7 138
1741126639626 252623.7 139
1741126649675 252623.7 140
1741126659709 252624.1 141
1741126669751 252624.1 142
1741126679807 252624.1 143
1741126689855 252624.1 144
1741126699931 252624.1 145
1741126709972 252624.1 146
1741126720430 252624.1 147
1741126730493 252624.1 148
1741126740552 252624.1 149
1741126750607 252624.5 150
1741126760687 252624.5 151
1741126770749 252624.5 152
1741126780782 252624.5 153
1741126790818 252624.5 154
1741126800852 252624.5 155
1741126810893 252624.5 156
1741126821358 252624.5 157
1741126831552 252624.5 158
1741126841594 252624.5 159
1741126851643 252624.9 160
1741126861694 252624.9 161
1741126871750 252624.9 162
1741126881848 252624.9 163
1741126891907 252624.9 164
1741126901979 252624.9 165
1741126912595 252624.9 166
1741126922765 252624.9 167
1741126932860 252624.9 168
1741126942902 252625.3 169
1741126952998 252625.3 170
1741126963047 252625.3 171
1741126973187 252625.3 172
1741126983321 252625.3 173
1741126993375 252625.3 174
1741127003421 252625.3 175
1741127013564 252625.3 176
1741127023598 252625.3 177
1741127033646 252625.3 178
1741127043685 252625.7 179
1741127053739 252625.7 180
1741127063783 252626.3 181
1741127073831 252626.3 182
1741127083944 252626.3 183
1741127094271 252626.3 184
1741127104533 252626.3 185
1741127114889 252626.3 186
1741127125088 252626.3 187
1741127135226 252626.3 188
1741127145266 252626.6 189
1741127155732 252626.6 190
1741127165965 252626.6 191
1741127176207 252626.6 192
1741127186663 252626.6 193
1741127197054 252626.6 194
1741127207519 252626.6 195
1741127217553 252626.6 196
1741127227658 252626.6 197
1741127237727 252626.6 198
1741127247757 252627.0 199
1741127257865 252627.0 200
1741127267895 252627.0 201
1741127277955 252627.0 202
1741127288052 252627.0 203
1741127298156 252627.0 204
1741127308735 252627.0 205
1741127318812 252627.0 206
1741127329087 252627.0 207
1741127339152 252627.0 208
1741127349240 252627.4 209
1741127359356 252627.4 210
1741127369388 252627.4 211
1741127379525 252627.4 212
1741127390037 252627.4 213
1741127400654 252627.4 214
1741127411317 252627.4 215
1741127421412 252627.4 216
1741127431483 252627.4 217
1741127441553 252627.4 218
1741127451610 252627.8 219
1741127461652 252627.8 220
1741127471709 252627.8 221
1741127482192 252627.8 222
1741127492800 252627.8 223
1741127502840 252627.8 224
1741127512889 252627.8 225
1741127522932 252627.8 226
1741127533059 252627.8 227
1741127543187 252627.8 228
1741127553690 252628.2 229
1741127564405 252628.2 230
1741127575118 252628.2 231
1741127585783 252628.2 232
1741127596504 252628.2 233
1741127607224 252628.2 234
1741127617997 252628.2 235
1741127628264 252628.2 236
1741127638320 252628.2 237
1741127648435 252628.2 238
1741127658484 252628.6 239
1741127669243 252628.6 240
1741127680039 252628.6 241
1741127690095 252628.6 242
1741127700908 252628.6 243
1741127711741 252628.6 244
1741127721829 252628.6 245
1741127731884 252628.6 246
1741127741912 252628.6 247
1741127751983 252628.6 248
1741127762045 252629.0 249
1741127772658 252629.0 250
1741127783574 252629.0 251
1741127793611 252629.0 252
1741127803662 252629.0 253
1741127813702 252629.0 254
1741127824533 252629.0 255
1741127834585 252629.0 256
1741127844633 252629.0 257
1741127854674 252629.0 258
1741127866102 252629.0 259
1741127876154 252629.4 260
1741127886242 252629.4 261
1741127896298 252629.4 262
1741127906327 252629.4 263
1741127916426 252629.4 264
1741127926872 252629.4 265
1741127936941 252629.4 266
1741127947038 252629.4 267
1741127957754 252629.4 268
1741127967799 252629.4 269
1741127977903 252629.8 270
1741127987955 252629.8 271
1741127998813 252629.8 272
1741128008911 252629.8 273
1741128018975 252629.8 274
1741128029451 252629.8 275
1741128040448 252629.8 276
1741128050603 252629.8 277
1741128060686 252629.8 278
1741128070742 252629.8 279
1741128080870 252629.8 280
1741128091094 252630.1 281
1741128101152 252630.1 282
1741128111201 252630.1 283
1741128121927 252630.1 284
1741128131987 252630.1 285
1741128142106 252630.1 286
1741128152164 252630.1 287
1741128162734 252630.1 288
1741128172788 252630.1 289
1741128183261 252630.1 290
1741128193323 252630.1 291
1741128204277 252630.5 292
1741128214316 252630.5 293
1741128224359 252630.5 294
1741128235195 252630.5 295
1741128245236 252630.5 296
1741128255307 252630.5 297
1741128265352 252630.5 298
1741128275408 252630.5 299
1741128285449 252630.5 300
1741128295522 252630.5 301
1741128305667 252630.9 302
1741128315720 252630.9 303
1741128325775 252630.9 304
1741128335927 252630.9 305
1741128346798 252630.9 306
1741128356827 252630.9 307
1741128366934 252631.4 308
1741128376980 252631.4 309
1741128387206 252631.4 310
1741128397436 252631.4 311
1741128407573 252631.4 312
1741128417667 252631.8 313
1741128427906 252631.8 314
1741128437933 252631.8 315
1741128447971 252631.8 316
1741128458079 252631.8 317
1741128468140 252631.8 318
1741128478163 252631.8 319
1741128488269 252631.8 320
1741128498317 252631.8 321
1741128508449 252631.8 322
1741128519581 252631.8 323
1741128529646 252631.8 324
1741128539677 252632.2 325
1741128549919 252632.2 326
1741128559953 252632.2 327
1741128570270 252632.2 328
1741128580354 252632.2 329
1741128590389 252632.2 330
1741128600428 252632.2 331
1741128610543 252632.2 332
1741128620741 252632.2 333
1741128631073 252632.2 334
1741128641123 252632.2 335
1741128651186 252632.6 336
1741128661924 252632.6 337
1741128671979 252632.6 338
1741128682700 252632.6 339
1741128692737 252632.6 340
1741128703320 252632.6 341
1741128713366 252632.6 342
1741128723712 252632.6 343
1741128734402 252632.6 344
1741128745009 252632.6 345
1741128755066 252632.6 346
1741128765823 252633.0 347
1741128775922 252633.0 348
1741128786443 252633.0 349
1741128796491 252633.0 350
1741128807029 252633.0 351
1741128817126 252633.0 352
1741128828035 252633.0 353
1741128838082 252633.0 354
1741128848764 252633.0 355
1741128859464 252633.0 356
1741128869497 252633.0 357
1741128879625 252633.4 358
1741128889674 252633.4 359
1741128900721 252633.4 360
1741128910809 252633.4 361
1741128921292 252633.4 362
1741128931336 252633.4 363
1741128942188 252633.4 364
1741128952244 252633.4 365
1741128962297 252633.4 366
1741128972577 252633.4 367
1741128984232 252633.4 368
1741128994327 252633.4 369
1741129004379 252633.7 370
1741129015306 252633.7 371
1741129025359 252633.7 372
1741129036313 252633.7 373
1741129046413 252633.7 374
1741129057462 252633.7 375
1741129067503 252633.7 376
1741129078059 252633.7 377
1741129088900 252633.7 378
1741129099835 252633.7 379
1741129109867 252633.7 380
1741129119978 252634.1 381
1741129130026 252634.1 382
1741129140637 252634.1 383
1741129150733 252634.1 384
1741129161757 252634.1 385
1741129171813 252634.1 386
1741129182911 252634.1 387
1741129192960 252634.1 388
1741129204033 252634.1 389
1741129215017 252634.1 390
1741129225131 252634.1 391
