1741125236545 0.0 0
1741125246614 0.3735830000000533 1
1741125256688 2.4697929999999815 2
1741125266772 10.557604000000083 3
1741125276900 10.596508000000085 4
1741125286994 10.679214999999886 5
1741125297076 23.89143799999988 6
1741125307170 25.851883000000043 7
1741125317205 27.69447500000001 8
1741125327288 27.713690999999926 9
1741125337413 27.861374999999953 10
1741125347444 27.864072999999962 11
1741125357526 27.870695999999953 12
1741125367555 27.89029800000003 13
1741125377588 27.90438599999993 14
1741125387682 27.917079000000058 15
1741125397731 27.929873999999927 16
1741125407768 27.93511599999988 17
1741125417883 27.9693749999999 18
1741125427919 28.023009999999886 19
1741125437942 28.04499499999997 20
1741125447990 28.062445000000025 21
1741125458085 28.070602000000008 22
1741125468124 28.07181199999991 23
1741125478172 28.082879000000048 24
1741125488215 28.5845589999999 25
1741125498254 28.686116999999967 26
1741125508339 28.707914999999957 27
1741125518399 28.710198999999875 28
1741125528449 28.715721999999914 29
1741125538535 28.738841000000093 30
1741125548564 28.78652299999999 31
1741125558872 28.811361000000034 32
1741125568927 28.819075999999995 33
1741125579022 28.911068999999998 34
1741125589165 28.913230999999996 35
1741125599252 28.91504400000008 36
1741125609281 28.934901999999965 37
1741125619605 28.95057500000007 38
1741125629696 28.96363199999996 39
1741125639722 28.965590999999904 40
1741125649788 28.96862400000009 41
1741125659863 28.980690000000095 42
1741125669896 29.059995999999956 43
1741125679987 29.075963999999885 44
1741125690233 29.077240000000074 45
1741125700292 30.862801999999874 46
1741125710361 32.194659999999885 47
1741125720403 32.66848200000004 48
1741125730595 33.31445800000006 49
1741125740956 34.12086999999997 50
1741125751153 42.903912999999875 51
1741125761196 44.94238300000006 52
1741125771238 45.609085999999934 53
1741125781336 45.95955099999992 54
1741125791383 47.237681000000066 55
1741125801421 48.05634800000007 56
1741125811509 48.57121299999994 57
1741125821580 50.80336199999988 58
1741125831604 52.30438400000003 59
1741125841686 54.51625899999999 60
1741125851723 57.23537800000008 61
1741125861763 57.35701700000004 62
1741125872160 59.46853800000008 63
1741125882189 61.54511600000001 64
1741125892244 63.52170699999988 65
1741125902349 64.43904300000008 66
1741125912407 64.44741700000009 67
1741125922446 65.43544999999995 68
1741125932488 66.77263199999993 69
1741125942524 68.9043509999999 70
1741125952558 70.46841599999993 71
1741125962666 71.95434699999987 72
1741125972710 73.60569200000009 73
1741125982742 74.96812 74
1741125992840 76.17556300000001 75
1741126002908 84.71035699999993 76
1741126012937 84.71210399999995 77
1741126022976 93.14896999999996 78
1741126033286 99.37381699999992 79
1741126043319 103.67212500000005 80
1741126053425 103.7168670000001 81
1741126063538 109.0942070000001 82
1741126073780 111.41132599999992 83
1741126083884 111.55686300000002 84
1741126093925 113.70985599999995 85
1741126103952 114.13781300000005 86
1741126114048 115.46468299999992 87
1741126124074 115.5440900000001 88
1741126134108 115.56143999999995 89
1741126144200 115.94104399999992 90
1741126154234 119.99480300000005 91
1741126164270 120.74769199999992 92
1741126174426 120.787781 93
1741126184493 120.80244700000003 94
1741126194522 120.8133479999999 95
1741126204643 120.82446299999992 96
1741126214682 127.13403799999992 97
1741126224699 129.73061000000007 98
1741126235189 130.64876800000002 99
1741126245218 131.449656 100
1741126255574 131.5849330000001 101
1741126265891 135.9095030000001 102
1741126276035 147.39527199999998 103
1741126286083 149.4288959999999 104
1741126296192 149.6160829999999 105
1741126306223 149.61720300000002 106
1741126316257 149.6288360000001 107
1741126326393 150.671515 108
1741126336427 160.16938699999992 109
1741126346478 161.15542200000004 110
1741126356552 161.1570959999999 111
1741126366599 162.5875249999999 112
1741126376649 165.23755499999993 113
1741126386915 168.4674339999999 114
1741126397073 178.1520579999999 115
1741126407117 179.19444900000008 116
1741126417181 182.96940799999993 117
1741126427243 187.99840300000005 118
1741126437270 190.78739599999994 119
1741126447322 195.539395 120
1741126457455 198.4032299999999 121
1741126467507 198.40393900000004 122
1741126477542 200.392468 123
1741126487591 202.28415199999995 124
1741126497632 204.612975 125
1741126507666 211.36120600000004 126
1741126517749 219.41287699999998 127
1741126527789 222.5575469999999 128
1741126538230 225.6822729999999 129
1741126548301 225.71562100000006 130
1741126558655 229.41533000000004 131
1741126568723 229.479867 132
1741126578817 230.14786200000003 133
1741126588838 230.1642159999999 134
1741126598884 231.88786499999992 135
1741126608918 233.89681999999993 136
1741126618977 234.00716599999987 137
1741126629005 234.066151 138
1741126639626 235.5358329999999 139
1741126649675 236.50124400000004 140
1741126659709 240.34961500000009 141
1741126669751 240.3773409999999 142
1741126679807 243.55241999999998 143
1741126689855 247.68959300000006 144
1741126699931 248.48123899999996 145
1741126709972 248.83332399999995 146
1741126720430 250.91459200000008 147
1741126730493 253.82539399999996 148
1741126740552 258.94112199999995 149
1741126750607 270.05926 150
1741126760687 270.61020299999996 151
1741126770749 271.5805109999999 152
1741126780782 273.35446 153
1741126790818 274.145839 154
1741126800852 281.36311 155
1741126810893 282.6351850000001 156
1741126821358 282.7014629999999 157
1741126831552 284.15020400000003 158
1741126841594 284.15739699999995 159
1741126851643 284.920347 160
1741126861694 286.1576130000001 161
1741126871750 286.56621900000005 162
1741126881848 287.207637 163
1741126891907 287.886532 164
1741126901979 288.5341639999999 165
1741126912595 289.08625600000005 166
1741126922765 289.7943989999999 167
1741126932860 290.662339 168
1741126942902 290.702055 169
1741126952998 290.712452 170
1741126963047 290.715424 171
1741126973187 290.71837099999993 172
1741126983321 290.7375850000001 173
1741126993375 290.82355600000005 174
1741127003421 291.706731 175
1741127013564 292.13803699999994 176
1741127023598 292.7417639999999 177
1741127033646 293.3779629999999 178
1741127043685 294.1410719999999 179
1741127053739 294.801831 180
1741127063783 296.0638999999999 181
1741127073831 296.82778400000007 182
1741127083944 297.35007100000007 183
1741127094271 297.993827 184
1741127104533 298.2943009999999 185
1741127114889 298.7634579999999 186
1741127125088 299.349909 187
1741127135226 300.0139549999999 188
1741127145266 300.87713699999995 189
1741127155732 301.661339 190
1741127165965 302.25898299999994 191
1741127176207 302.86632499999996 192
1741127186663 303.33976099999995 193
1741127197054 308.02721799999995 194
1741127207519 309.98510899999997 195
1741127217553 312.67041399999994 196
1741127227658 314.29711599999996 197
1741127237727 316.2061550000001 198
1741127247757 316.42877999999996 199
1741127257865 317.9359139999999 200
1741127267895 318.24871800000005 201
1741127277955 318.9872949999999 202
1741127288052 319.5148730000001 203
1741127298156 320.3156019999999 204
1741127308735 320.40649600000006 205
1741127318812 321.4528149999999 206
1741127329087 322.27991199999997 207
1741127339152 323.78221499999995 208
1741127349240 324.78085699999997 209
1741127359356 325.6829029999999 210
1741127369388 326.3563280000001 211
1741127379525 326.63163899999995 212
1741127390037 328.08409299999994 213
1741127400654 328.93633 214
1741127411317 329.364646 215
1741127421412 329.9430950000001 216
1741127431483 330.438854 217
1741127441553 330.839561 218
1741127451610 331.40627700000005 219
1741127461652 331.973669 220
1741127471709 332.130938 221
1741127482192 333.40541800000005 222
1741127492800 334.11813299999994 223
1741127502840 334.866847 224
1741127512889 335.45432800000003 225
1741127522932 335.8148120000001 226
1741127533059 336.44453 227
1741127543187 337.0940720000001 228
1741127553690 338.2231179999999 229
1741127564405 338.7149790000001 230
1741127575118 339.23286800000005 231
1741127585783 340.4486099999999 232
1741127596504 340.46210599999995 233
1741127607224 340.52339099999995 234
1741127617997 341.112476 235
1741127628264 345.8371749999999 236
1741127638320 346.58566700000006 237
1741127648435 347.475723 238
1741127658484 347.82499800000005 239
1741127669243 348.472585 240
1741127680039 349.83691999999996 241
1741127690095 350.0560909999999 242
1741127700908 351.5032779999999 243
1741127711741 352.087272 244
1741127721829 352.7278570000001 245
1741127731884 353.22872800000005 246
1741127741912 353.68729699999994 247
1741127751983 354.1014620000001 248
1741127762045 354.716582 249
1741127772658 355.9828789999999 250
1741127783574 356.59210800000005 251
1741127793611 357.426148 252
1741127803662 358.6756869999999 253
1741127813702 359.16896999999994 254
1741127824533 359.74264500000004 255
1741127834585 360.2213179999999 256
1741127844633 360.75604999999996 257
1741127854674 361.2164379999999 258
1741127866102 361.72530000000006 259
1741127876154 362.1192900000001 260
1741127886242 362.6620009999999 261
1741127896298 363.74871299999995 262
1741127906327 364.26812300000006 263
1741127916426 364.97686799999997 264
1741127926872 365.504862 265
1741127936941 366.33643299999994 266
1741127947038 366.40513699999997 267
1741127957754 366.4062469999999 268
1741127967799 366.4339849999999 269
1741127977903 366.454379 270
1741127987955 366.456404 271
1741127998813 366.4580269999999 272
1741128008911 366.5344399999999 273
1741128018975 366.7802670000001 274
1741128029451 367.416596 275
1741128040448 367.9611769999999 276
1741128050603 368.5415459999999 277
1741128060686 369.029816 278
1741128070742 369.61456999999996 279
1741128080870 370.21900800000003 280
1741128091094 370.72827200000006 281
1741128101152 371.84628599999996 282
1741128111201 372.5131779999999 283
1741128121927 373.4226100000001 284
1741128131987 374.05512 285
1741128142106 374.8319509999999 286
1741128152164 375.520219 287
1741128162734 376.3333089999999 288
1741128172788 377.1971960000001 289
1741128183261 377.582316 290
1741128193323 378.26410699999997 291
1741128204277 378.821152 292
1741128214316 379.4216160000001 293
1741128224359 380.4171489999999 294
1741128235195 381.165487 295
1741128245236 381.7913799999999 296
1741128255307 382.932411 297
1741128265352 383.6075779999999 298
1741128275408 384.3408119999999 299
1741128285449 384.53685100000007 300
1741128295522 386.167737 301
1741128305667 386.854161 302
1741128315720 387.3047119999999 303
1741128325775 387.9691889999999 304
1741128335927 388.6607429999999 305
1741128346798 390.1038229999999 306
1741128356827 390.533674 307
1741128366934 391.1911990000001 308
1741128376980 392.035255 309
1741128387206 392.78432 310
1741128397436 393.35098500000004 311
1741128407573 393.72314000000006 312
1741128417667 394.4500330000001 313
1741128427906 395.131889 314
1741128437933 395.5909529999999 315
1741128447971 396.632425 316
1741128458079 397.3559909999999 317
1741128468140 397.42490599999996 318
1741128478163 398.2369019999999 319
1741128488269 398.93663100000003 320
1741128498317 399.6428430000001 321
1741128508449 400.2145929999999 322
1741128519581 400.99240800000007 323
1741128529646 401.678588 324
1741128539677 402.187007 325
1741128549919 403.569966 326
1741128559953 403.642157 327
1741128570270 403.81738999999993 328
1741128580354 405.4800969999999 329
1741128590389 406.07035700000006 330
1741128600428 406.151613 331
1741128610543 406.15730899999994 332
1741128620741 406.7290599999999 333
1741128631073 407.46147599999995 334
1741128641123 408.8201240000001 335
1741128651186 409.57756199999994 336
1741128661924 409.58022400000004 337
1741128671979 410.123069 338
1741128682700 410.56607800000006 339
1741128692737 411.04514500000005 340
1741128703320 411.47607500000004 341
1741128713366 411.680834 342
1741128723712 412.2819870000001 343
1741128734402 413.11787400000003 344
1741128745009 414.87498200000005 345
1741128755066 414.884626 346
1741128765823 414.89046600000006 347
1741128775922 416.5269739999999 348
1741128786443 417.482675 349
1741128796491 417.88149599999997 350
1741128807029 417.89019299999995 351
1741128817126 418.6664350000001 352
1741128828035 419.285482 353
1741128838082 419.8789770000001 354
1741128848764 419.88191099999995 355
1741128859464 420.9147069999999 356
1741128869497 421.31603100000007 357
1741128879625 421.830011 358
1741128889674 422.337935 359
1741128900721 422.799763 360
1741128910809 423.5535460000001 361
1741128921292 424.6114170000001 362
1741128931336 425.30171799999994 363
1741128942188 425.74191900000005 364
1741128952244 426.11106900000004 365
1741128962297 426.1126300000001 366
1741128972577 426.1190139999999 367
1741128984232 426.1959360000001 368
1741128994327 427.222931 369
1741129004379 428.079344 370
1741129015306 428.780761 371
1741129025359 429.866225 372
1741129036313 429.8866250000001 373
1741129046413 429.8894149999999 374
1741129057462 430.3867029999999 375
1741129067503 431.62165000000005 376
1741129078059 431.86922400000003 377
1741129088900 432.39113199999997 378
1741129099835 433.34502900000007 379
1741129109867 433.3558330000001 380
1741129119978 433.4512950000001 381
1741129130026 436.89770999999996 382
1741129140637 438.7663600000001 383
1741129150733 438.7806169999999 384
1741129161757 439.3834810000001 385
1741129171813 440.45287299999995 386
1741129182911 440.932104 387
1741129192960 441.601803 388
1741129204033 442.2284359999999 389
1741129215017 442.8631700000001 390
1741129225131 443.9253759999999 391
