1741125236545 0.0 0
1741125246614 0.3739700000000994 1
1741125256688 2.4690160000000105 2
1741125266772 10.557532000000037 3
1741125276900 10.595342999999957 4
1741125286994 10.678405000000112 5
1741125297076 23.89021300000013 6
1741125307170 25.851348000000144 7
1741125317205 27.67974900000013 8
1741125327288 27.704539000000068 9
1741125337413 27.97877500000004 10
1741125347444 27.980718000000024 11
1741125357526 27.98812799999996 12
1741125367555 28.014306000000033 13
1741125377588 28.031836999999996 14
1741125387682 28.048408999999992 15
1741125397731 28.06259900000009 16
1741125407768 28.070764999999938 17
1741125417883 28.105641000000105 18
1741125427919 28.16026499999998 19
1741125437942 28.17376000000013 20
1741125447990 28.19054200000005 21
1741125458085 28.19839100000013 22
1741125468124 28.200499000000036 23
1741125478172 28.21277800000007 24
1741125488215 31.21850600000016 25
1741125498254 31.559079999999994 26
1741125508339 31.57348100000013 27
1741125518399 31.57759800000008 28
1741125528449 31.64675699999998 29
1741125538535 31.657006000000138 30
1741125548564 31.709159 31
1741125558872 31.720084000000043 32
1741125568927 31.725773000000117 33
1741125579022 31.81853000000001 34
1741125589165 31.8209710000001 35
1741125599252 31.823675999999978 36
1741125609281 31.847262 37
1741125619605 31.865555000000086 38
1741125629696 31.876338000000032 39
1741125639722 31.879811000000018 40
1741125649788 31.88272299999994 41
1741125659863 31.893460000000005 42
1741125669896 31.97677900000008 43
1741125679987 31.981361000000106 44
1741125690233 31.983739000000014 45
1741125700292 33.77013699999998 46
1741125710361 35.102198000000044 47
1741125720403 35.577302000000145 48
1741125730595 36.22465699999998 49
1741125740956 37.035022000000026 50
1741125751153 45.81809599999997 51
1741125761196 47.856565000000046 52
1741125771238 48.52315500000009 53
1741125781336 48.87383599999998 54
1741125791383 50.15192500000012 55
1741125801421 50.965004000000135 56
1741125811509 51.479500000000144 57
1741125821580 53.711835000000065 58
1741125831604 55.21362500000009 59
1741125841686 57.429137999999966 60
1741125851723 60.14903000000004 61
1741125861763 60.271492999999964 62
1741125872160 62.383722000000034 63
1741125882189 64.45892300000014 64
1741125892244 66.4354800000001 65
1741125902349 67.35418700000014 66
1741125912407 67.36266599999999 67
1741125922446 68.33710799999994 68
1741125932488 69.67727200000013 69
1741125942524 71.81179700000007 70
1741125952558 73.3729780000001 71
1741125962666 74.8591570000001 72
1741125972710 76.50643800000012 73
1741125982742 77.86865000000012 74
1741125992840 79.07739200000015 75
1741126002908 87.61344299999996 76
1741126012937 87.6164510000001 77
1741126022976 96.05494500000009 78
1741126033286 102.28281600000014 79
1741126043319 106.59501999999998 80
1741126053425 106.63967000000002 81
1741126063538 112.01740399999994 82
1741126073780 114.33454600000005 83
1741126083884 114.48215800000003 84
1741126093925 116.64619300000004 85
1741126103952 117.07445400000006 86
1741126114048 118.40008000000012 87
1741126124074 118.48560900000007 88
1741126134108 118.50258699999995 89
1741126144200 118.88302799999997 90
1741126154234 122.93676200000004 91
1741126164270 123.67533300000014 92
1741126174426 123.72340099999997 93
1741126184493 123.7403690000001 94
1741126194522 123.75945100000013 95
1741126204643 123.77024000000006 96
1741126214682 130.080874 97
1741126224699 132.67703000000006 98
1741126235189 133.59493700000007 99
1741126245218 134.396074 100
1741126255574 134.53063799999995 101
1741126265891 138.8547000000001 102
1741126276035 150.34074499999997 103
1741126286083 152.35926900000004 104
1741126296192 152.54628700000012 105
1741126306223 152.54785900000002 106
1741126316257 152.55970200000002 107
1741126326393 153.60197900000003 108
1741126336427 163.10057000000006 109
1741126346478 164.08548100000007 110
1741126356552 164.08675700000003 111
1741126366599 165.51676300000008 112
1741126376649 168.17088200000012 113
1741126386915 171.44545500000004 114
1741126397073 181.095816 115
1741126407117 182.12357900000006 116
1741126417181 185.91555100000005 117
1741126427243 190.92693099999997 118
1741126437270 193.7161900000001 119
1741126447322 198.46973100000014 120
1741126457455 201.33518400000003 121
1741126467507 201.33699100000013 122
1741126477542 203.32852900000012 123
1741126487591 205.21745600000008 124
1741126497632 207.55879100000016 125
1741126507666 214.3021040000001 126
1741126517749 222.35560499999997 127
1741126527789 225.4844660000001 128
1741126538230 228.6096 129
1741126548301 228.6447310000001 130
1741126558655 232.3422700000001 131
1741126568723 232.40574600000014 132
1741126578817 233.07450100000005 133
1741126588838 233.09552899999994 134
1741126598884 234.82093899999995 135
1741126608918 236.83058200000005 136
1741126618977 236.94182999999998 137
1741126629005 237.0015350000001 138
1741126639626 238.47314200000005 139
1741126649675 239.42270299999996 140
1741126659709 243.27063399999997 141
1741126669751 243.302643 142
1741126679807 246.47805500000004 143
1741126689855 250.61561299999994 144
1741126699931 251.41654800000015 145
1741126709972 251.76296000000002 146
1741126720430 253.8454240000001 147
1741126730493 256.75778400000013 148
1741126740552 261.8731480000001 149
1741126750607 272.991573 150
1741126760687 273.54347600000006 151
1741126770749 274.5007190000001 152
1741126780782 276.274363 153
1741126790818 277.0743870000001 154
1741126800852 284.2923980000003 155
1741126810893 285.56451600000014 156
1741126821358 285.6308040000001 157
1741126831552 287.08522400000015 158
1741126841594 287.09239300000013 159
1741126851643 287.85671400000024 160
1741126861694 289.093932 161
1741126871750 289.50290400000017 162
1741126881848 290.1443310000002 163
1741126891907 290.80729799999995 164
1741126901979 291.4553819999999 165
1741126912595 292.00948399999993 166
1741126922765 292.7174550000002 167
1741126932860 293.5862760000002 168
1741126942902 293.6256209999999 169
1741126952998 293.6355000000001 170
1741126963047 293.6372020000001 171
1741126973187 293.6466630000002 172
1741126983321 293.6742999999999 173
1741126993375 293.76196600000026 174
1741127003421 294.6587900000002 175
1741127013564 295.0840890000002 176
1741127023598 295.6867300000001 177
1741127033646 296.32214 178
1741127043685 297.07895299999996 179
1741127053739 297.71976500000005 180
1741127063783 298.98260600000026 181
1741127073831 299.74677499999984 182
1741127083944 300.2680680000001 183
1741127094271 300.9182330000001 184
1741127104533 301.21982 185
1741127114889 301.6903829999999 186
1741127125088 302.27310599999987 187
1741127135226 302.9284610000002 188
1741127145266 303.79200300000025 189
1741127155732 304.5775420000002 190
1741127165965 305.1753110000002 191
1741127176207 305.78357800000026 192
1741127186663 306.2577090000002 193
1741127197054 310.9452050000002 194
1741127207519 312.90361000000007 195
1741127217553 315.59049400000026 196
1741127227658 317.21940299999983 197
1741127237727 319.1307549999999 198
1741127247757 319.3409119999999 199
1741127257865 320.8500769999998 200
1741127267895 321.16527500000007 201
1741127277955 321.981861 202
1741127288052 322.5140520000002 203
1741127298156 323.32334700000024 204
1741127308735 323.41461000000004 205
1741127318812 324.4637620000001 206
1741127329087 325.29239200000006 207
1741127339152 326.781514 208
1741127349240 327.7768910000002 209
1741127359356 328.68004700000006 210
1741127369388 329.33820100000025 211
1741127379525 329.71869200000015 212
1741127390037 331.0668830000002 213
1741127400654 331.9179740000002 214
1741127411317 332.3468730000002 215
1741127421412 332.92670999999996 216
1741127431483 333.42329799999993 217
1741127441553 333.8245199999999 218
1741127451610 334.3906650000001 219
1741127461652 334.95558400000004 220
1741127471709 335.11123599999996 221
1741127482192 336.3864679999999 222
1741127492800 337.08616800000004 223
1741127502840 337.83688199999983 224
1741127512889 338.42527700000005 225
1741127522932 338.7846310000002 226
1741127533059 339.4140110000001 227
1741127543187 340.06358699999987 228
1741127553690 341.1933240000001 229
1741127564405 341.68510600000013 230
1741127575118 342.2073250000001 231
1741127585783 343.44238800000016 232
1741127596504 343.4646519999999 233
1741127607224 343.5259389999999 234
1741127617997 344.0996940000002 235
1741127628264 348.824163 236
1741127638320 349.5726350000002 237
1741127648435 350.46158200000013 238
1741127658484 350.812177 239
1741127669243 351.45968500000004 240
1741127680039 352.824832 241
1741127690095 353.04322000000025 242
1741127700908 354.486854 243
1741127711741 355.07140700000014 244
1741127721829 355.7123130000002 245
1741127731884 356.19844100000023 246
1741127741912 356.65928199999985 247
1741127751983 357.074437 248
1741127762045 357.69036500000016 249
1741127772658 358.9598020000001 250
1741127783574 359.567855 251
1741127793611 360.40537500000005 252
1741127803662 361.6570170000002 253
1741127813702 362.151482 254
1741127824533 362.72479899999985 255
1741127834585 363.203706 256
1741127844633 363.73781299999996 257
1741127854674 364.1832780000002 258
1741127866102 364.6930279999999 259
1741127876154 365.0870910000001 260
1741127886242 365.63541199999986 261
1741127896298 366.73106399999983 262
1741127906327 367.25124400000027 263
1741127916426 367.96019 264
1741127926872 368.48837100000014 265
1741127936941 369.3207 266
1741127947038 369.3891030000002 267
1741127957754 369.3901659999999 268
1741127967799 369.4172390000001 269
1741127977903 369.422405 270
1741127987955 369.42497100000014 271
1741127998813 369.42904999999996 272
1741128008911 369.50556900000015 273
1741128018975 369.75396000000023 274
1741128029451 370.39160700000025 275
1741128040448 370.9372000000001 276
1741128050603 371.51755400000025 277
1741128060686 372.00566300000014 278
1741128070742 372.591193 279
1741128080870 373.19690700000024 280
1741128091094 373.70566900000017 281
1741128101152 374.809653 282
1741128111201 375.477165 283
1741128121927 376.38663999999994 284
1741128131987 377.01881000000026 285
1741128142106 377.79603699999984 286
1741128152164 378.48336700000004 287
1741128162734 379.29776700000025 288
1741128172788 380.16774499999997 289
1741128183261 380.5528419999998 290
1741128193323 381.23592299999996 291
1741128204277 381.80262000000016 292
1741128214316 382.38838199999987 293
1741128224359 383.386534 294
1741128235195 384.135626 295
1741128245236 384.76146500000027 296
1741128255307 385.9026970000002 297
1741128265352 386.5806620000001 298
1741128275408 387.31574000000023 299
1741128285449 387.513741 300
1741128295522 389.14509299999986 301
1741128305667 389.83225500000003 302
1741128315720 390.2860149999999 303
1741128325775 390.95113000000015 304
1741128335927 391.62767400000007 305
1741128346798 393.0701510000001 306
1741128356827 393.49476100000015 307
1741128366934 394.15320799999995 308
1741128376980 394.99762699999997 309
1741128387206 395.75416199999995 310
1741128397436 396.3218800000002 311
1741128407573 396.6940299999999 312
1741128417667 397.42119000000025 313
1741128427906 398.1032550000002 314
1741128437933 398.563257 315
1741128447971 399.6050379999999 316
1741128458079 400.313844 317
1741128468140 400.3822379999999 318
1741128478163 401.19459800000027 319
1741128488269 401.89494500000023 320
1741128498317 402.6096479999999 321
1741128508449 403.18147999999997 322
1741128519581 403.96121700000026 323
1741128529646 404.650613 324
1741128539677 405.160122 325
1741128549919 406.5448750000003 326
1741128559953 406.6705220000001 327
1741128570270 406.84656599999994 328
1741128580354 408.49493400000006 329
1741128590389 409.0850790000002 330
1741128600428 409.16542000000004 331
1741128610543 409.17006300000025 332
1741128620741 409.817194 333
1741128631073 410.55427699999996 334
1741128641123 411.9096609999999 335
1741128651186 412.6664579999999 336
1741128661924 412.6685930000001 337
1741128671979 413.21189500000014 338
1741128682700 413.66359799999987 339
1741128692737 414.14286100000004 340
1741128703320 414.55897900000014 341
1741128713366 414.763647 342
1741128723712 415.3636560000002 343
1741128734402 416.2010929999999 344
1741128745009 417.958895 345
1741128755066 417.96851200000015 346
1741128765823 417.9752930000002 347
1741128775922 419.61286799999993 348
1741128786443 420.5749050000002 349
1741128796491 420.98526300000026 350
1741128807029 420.99575600000003 351
1741128817126 421.758192 352
1741128828035 422.37727199999995 353
1741128838082 422.9698639999999 354
1741128848764 422.97228299999983 355
1741128859464 424.00561200000016 356
1741128869497 424.40736600000014 357
1741128879625 424.9211929999999 358
1741128889674 425.42903200000023 359
1741128900721 425.89063199999987 360
1741128910809 426.6440970000001 361
1741128921292 427.70349999999985 362
1741128931336 428.3950860000002 363
1741128942188 428.82203200000026 364
1741128952244 429.19208600000024 365
1741128962297 429.1936229999999 366
1741128972577 429.20065499999987 367
1741128984232 429.2765609999999 368
1741128994327 430.30495499999984 369
1741129004379 431.16149299999984 370
1741129015306 431.86331700000005 371
1741129025359 432.94885899999986 372
1741129036313 432.970603 373
1741129046413 432.97529999999983 374
1741129057462 433.47413100000017 375
1741129067503 434.6947459999999 376
1741129078059 434.94625500000006 377
1741129088900 435.4682370000003 378
1741129099835 436.44629800000007 379
1741129109867 436.4566190000003 380
1741129119978 436.55297300000007 381
1741129130026 439.99886600000013 382
1741129140637 441.862758 383
1741129150733 441.87433799999985 384
1741129161757 442.47833400000013 385
1741129171813 443.54806799999983 386
1741129182911 444.01371900000026 387
1741129192960 444.6851589999999 388
1741129204033 445.31314499999985 389
1741129215017 445.97359100000017 390
1741129225131 447.0511600000002 391
