1741125236545 65.9 0
1741125246614 70.4 1
1741125256688 71.2 2
1741125266772 72.1 3
1741125276900 72.4 4
1741125286994 73.3 5
1741125297076 74.1 6
1741125307170 74.3 7
1741125317205 76.8 8
1741125327288 76.7 9
1741125337413 79.5 10
1741125347444 80.1 11
1741125357526 81.0 12
1741125367555 82.2 13
1741125377588 82.9 14
1741125387682 79.1 15
1741125397731 79.3 16
1741125407768 78.5 17
1741125417883 78.2 18
1741125427919 81.0 19
1741125437942 81.7 20
1741125447990 82.4 21
1741125458085 82.9 22
1741125468124 79.2 23
1741125478172 80.7 24
1741125488215 83.6 25
1741125498254 82.1 26
1741125508339 82.6 27
1741125518399 82.7 28
1741125528449 82.3 29
1741125538535 83.1 30
1741125548564 83.5 31
1741125558872 80.1 32
1741125568927 82.7 33
1741125579022 82.6 34
1741125589165 83.0 35
1741125599252 82.7 36
1741125609281 83.1 37
1741125619605 84.9 38
1741125629696 85.5 39
1741125639722 86.0 40
1741125649788 82.6 41
1741125659863 83.0 42
1741125669896 82.8 43
1741125679987 82.5 44
1741125690233 82.8 45
1741125700292 83.5 46
1741125710361 84.1 47
1741125720403 84.8 48
1741125730595 82.1 49
1741125740956 82.0 50
1741125751153 82.4 51
1741125761196 82.4 52
1741125771238 83.0 53
1741125781336 83.5 54
1741125791383 83.9 55
1741125801421 84.6 56
1741125811509 82.0 57
1741125821580 81.9 58
1741125831604 83.4 59
1741125841686 81.9 60
1741125851723 81.9 61
1741125861763 82.4 62
1741125872160 83.0 63
1741125882189 83.6 64
1741125892244 84.4 65
1741125902349 81.4 66
1741125912407 81.5 67
1741125922446 81.8 68
1741125932488 82.3 69
1741125942524 83.9 70
1741125952558 84.4 71
1741125962666 85.1 72
1741125972710 85.5 73
1741125982742 86.4 74
1741125992840 83.0 75
1741126002908 82.7 76
1741126012937 82.4 77
1741126022976 82.7 78
1741126033286 83.1 79
1741126043319 83.7 80
1741126053425 84.3 81
1741126063538 84.9 82
1741126073780 85.5 83
1741126083884 82.5 84
1741126093925 83.1 85
1741126103952 82.9 86
1741126114048 83.0 87
1741126124074 83.5 88
1741126134108 83.4 89
1741126144200 84.1 90
1741126154234 84.7 91
1741126164270 82.4 92
1741126174426 83.5 93
1741126184493 84.0 94
1741126194522 84.2 95
1741126204643 83.5 96
1741126214682 83.3 97
1741126224699 83.7 98
1741126235189 84.3 99
1741126245218 84.9 100
1741126255574 85.6 101
1741126265891 83.0 102
1741126276035 83.4 103
1741126286083 83.4 104
1741126296192 83.4 105
1741126306223 83.8 106
1741126316257 84.2 107
1741126326393 84.8 108
1741126336427 85.5 109
1741126346478 86.0 110
1741126356552 83.2 111
1741126366599 83.2 112
1741126376649 83.6 113
1741126386915 83.6 114
1741126397073 83.9 115
1741126407117 84.4 116
1741126417181 85.0 117
1741126427243 85.6 118
1741126437270 86.0 119
1741126447322 85.8 120
1741126457455 85.8 121
1741126467507 86.0 122
1741126477542 82.1 123
1741126487591 82.4 124
1741126497632 82.3 125
1741126507666 82.5 126
1741126517749 82.6 127
1741126527789 82.8 128
1741126538230 82.5 129
1741126548301 82.8 130
1741126558655 83.9 131
1741126568723 83.0 132
1741126578817 83.1 133
1741126588838 83.0 134
1741126598884 83.0 135
1741126608918 83.1 136
1741126618977 83.1 137
1741126629005 83.6 138
1741126639626 83.4 139
1741126649675 83.3 140
1741126659709 83.5 141
1741126669751 83.5 142
1741126679807 83.5 143
1741126689855 83.6 144
1741126699931 83.6 145
1741126709972 83.7 146
1741126720430 83.8 147
1741126730493 83.2 148
1741126740552 83.2 149
1741126750607 85.2 150
1741126760687 83.6 151
1741126770749 83.6 152
1741126780782 83.5 153
1741126790818 83.6 154
1741126800852 83.5 155
1741126810893 83.7 156
1741126821358 84.2 157
1741126831552 84.2 158
1741126841594 84.1 159
1741126851643 84.4 160
1741126861694 84.4 161
1741126871750 84.4 162
1741126881848 84.5 163
1741126891907 84.4 164
1741126901979 84.5 165
1741126912595 84.5 166
1741126922765 84.4 167
1741126932860 84.4 168
1741126942902 85.1 169
1741126952998 84.7 170
1741126963047 84.7 171
1741126973187 84.7 172
1741126983321 84.7 173
1741126993375 84.7 174
1741127003421 86.0 175
1741127013564 86.6 176
1741127023598 86.6 177
1741127033646 87.5 178
1741127043685 87.9 179
1741127053739 86.8 180
1741127063783 87.2 181
1741127073831 87.2 182
1741127083944 87.0 183
1741127094271 87.0 184
1741127104533 86.9 185
1741127114889 86.9 186
1741127125088 85.4 187
1741127135226 85.4 188
1741127145266 87.0 189
1741127155732 85.6 190
1741127165965 85.7 191
1741127176207 85.7 192
1741127186663 85.7 193
1741127197054 85.7 194
1741127207519 86.3 195
1741127217553 86.9 196
1741127227658 86.1 197
1741127237727 86.0 198
1741127247757 88.3 199
1741127257865 86.3 200
1741127267895 86.4 201
1741127277955 86.6 202
1741127288052 86.5 203
1741127298156 86.5 204
1741127308735 86.7 205
1741127318812 87.0 206
1741127329087 86.7 207
1741127339152 85.2 208
1741127349240 87.3 209
1741127359356 85.7 210
1741127369388 85.5 211
1741127379525 85.5 212
1741127390037 85.7 213
1741127400654 85.5 214
1741127411317 85.5 215
1741127421412 85.7 216
1741127431483 85.8 217
1741127441553 85.7 218
1741127451610 87.7 219
1741127461652 85.9 220
1741127471709 86.0 221
1741127482192 85.9 222
1741127492800 86.0 223
1741127502840 86.0 224
1741127512889 86.0 225
1741127522932 86.1 226
1741127533059 86.1 227
1741127543187 86.1 228
1741127553690 87.7 229
1741127564405 86.4 230
1741127575118 86.4 231
1741127585783 86.6 232
1741127596504 86.6 233
1741127607224 86.6 234
1741127617997 86.5 235
1741127628264 83.9 236
1741127638320 82.2 237
1741127648435 82.2 238
1741127658484 83.8 239
1741127669243 82.3 240
1741127680039 82.4 241
1741127690095 82.5 242
1741127700908 82.5 243
1741127711741 82.6 244
1741127721829 82.6 245
1741127731884 82.7 246
1741127741912 82.6 247
1741127751983 82.6 248
1741127762045 83.1 249
1741127772658 82.9 250
1741127783574 82.9 251
1741127793611 83.0 252
1741127803662 83.0 253
1741127813702 83.0 254
1741127824533 83.1 255
1741127834585 83.1 256
1741127844633 83.1 257
1741127854674 83.2 258
1741127866102 83.0 259
1741127876154 83.4 260
1741127886242 83.5 261
1741127896298 83.4 262
1741127906327 83.4 263
1741127916426 83.4 264
1741127926872 83.4 265
1741127936941 81.3 266
1741127947038 81.5 267
1741127957754 81.5 268
1741127967799 81.5 269
1741127977903 82.5 270
1741127987955 81.8 271
1741127998813 81.8 272
1741128008911 81.9 273
1741128018975 81.9 274
1741128029451 82.0 275
1741128040448 81.9 276
1741128050603 81.9 277
1741128060686 82.1 278
1741128070742 82.1 279
1741128080870 82.1 280
1741128091094 82.5 281
1741128101152 82.4 282
1741128111201 82.5 283
1741128121927 82.5 284
1741128131987 82.5 285
1741128142106 82.5 286
1741128152164 82.5 287
1741128162734 82.5 288
1741128172788 82.6 289
1741128183261 82.7 290
1741128193323 82.6 291
1741128204277 82.9 292
1741128214316 82.9 293
1741128224359 82.9 294
1741128235195 82.8 295
1741128245236 82.8 296
1741128255307 82.9 297
1741128265352 82.9 298
1741128275408 82.9 299
1741128285449 82.9 300
1741128295522 82.9 301
1741128305667 83.2 302
1741128315720 83.0 303
1741128325775 83.0 304
1741128335927 83.0 305
1741128346798 83.0 306
1741128356827 83.0 307
1741128366934 83.1 308
1741128376980 83.1 309
1741128387206 83.2 310
1741128397436 83.2 311
1741128407573 83.2 312
1741128417667 83.4 313
1741128427906 83.4 314
1741128437933 83.5 315
1741128447971 83.5 316
1741128458079 83.5 317
1741128468140 83.4 318
1741128478163 83.5 319
1741128488269 83.5 320
1741128498317 83.6 321
1741128508449 83.7 322
1741128519581 83.8 323
1741128529646 81.9 324
1741128539677 82.6 325
1741128549919 82.7 326
1741128559953 82.9 327
1741128570270 82.9 328
1741128580354 82.8 329
1741128590389 82.8 330
1741128600428 82.8 331
1741128610543 82.8 332
1741128620741 84.1 333
1741128631073 83.8 334
1741128641123 83.8 335
1741128651186 86.6 336
1741128661924 83.8 337
1741128671979 84.0 338
1741128682700 84.2 339
1741128692737 84.1 340
1741128703320 84.1 341
1741128713366 84.1 342
1741128723712 84.1 343
1741128734402 84.1 344
1741128745009 84.2 345
1741128755066 84.1 346
1741128765823 85.8 347
1741128775922 84.3 348
1741128786443 84.4 349
1741128796491 84.4 350
1741128807029 84.4 351
1741128817126 84.3 352
1741128828035 84.4 353
1741128838082 84.4 354
1741128848764 84.5 355
1741128859464 84.5 356
1741128869497 84.6 357
1741128879625 85.1 358
1741128889674 84.8 359
1741128900721 84.8 360
1741128910809 84.9 361
1741128921292 84.9 362
1741128931336 84.8 363
1741128942188 84.8 364
1741128952244 84.8 365
1741128962297 84.8 366
1741128972577 84.9 367
1741128984232 84.9 368
1741128994327 84.8 369
1741129004379 85.1 370
1741129015306 85.1 371
1741129025359 85.1 372
1741129036313 85.2 373
1741129046413 85.1 374
1741129057462 85.2 375
1741129067503 85.2 376
1741129078059 85.2 377
1741129088900 85.4 378
1741129099835 85.5 379
1741129109867 85.4 380
1741129119978 87.3 381
1741129130026 85.4 382
1741129140637 85.4 383
1741129150733 85.5 384
1741129161757 85.5 385
1741129171813 85.5 386
1741129182911 85.4 387
1741129192960 85.5 388
1741129204033 85.7 389
1741129215017 85.9 390
1741129225131 85.8 391
