1741125236545 11118.8 0
1741125246614 11877.2 1
1741125256688 12016.9 2
1741125266772 12163.1 3
1741125276900 12207.1 4
1741125286994 12357.5 5
1741125297076 12501.6 6
1741125307170 12527.4 7
1741125317205 12951.5 8
1741125327288 12934.2 9
1741125337413 13416.2 10
1741125347444 13510.6 11
1741125357526 13661.6 12
1741125367555 13858.5 13
1741125377588 13987.9 14
1741125387682 13338.6 15
1741125397731 13374.1 16
1741125407768 13237.1 17
1741125417883 13181.8 18
1741125427919 13657.9 19
1741125437942 13779.5 20
1741125447990 13903.3 21
1741125458085 13981.7 22
1741125468124 13358.5 23
1741125478172 13609.6 24
1741125488215 14094.7 25
1741125498254 13840.0 26
1741125508339 13929.2 27
1741125518399 13946.3 28
1741125528449 13884.2 29
1741125538535 14020.0 30
1741125548564 14091.7 31
1741125558872 13503.6 32
1741125568927 13946.7 33
1741125579022 13939.3 34
1741125589165 13992.0 35
1741125599252 13951.6 36
1741125609281 14019.3 37
1741125619605 14319.8 38
1741125629696 14414.9 39
1741125639722 14497.7 40
1741125649788 13936.4 41
1741125659863 13991.7 42
1741125669896 13962.6 43
1741125679987 13919.5 44
1741125690233 13967.0 45
1741125700292 14085.6 46
1741125710361 14187.2 47
1741125720403 14304.9 48
1741125730595 13854.3 49
1741125740956 13825.3 50
1741125751153 13900.9 51
1741125761196 13895.2 52
1741125771238 14005.0 53
1741125781336 14080.6 54
1741125791383 14153.7 55
1741125801421 14268.2 56
1741125811509 13835.2 57
1741125821580 13808.9 58
1741125831604 14061.4 59
1741125841686 13812.5 60
1741125851723 13809.4 61
1741125861763 13893.6 62
1741125872160 14001.4 63
1741125882189 14102.1 64
1741125892244 14229.2 65
1741125902349 13737.5 66
1741125912407 13747.8 67
1741125922446 13798.9 68
1741125932488 13875.8 69
1741125942524 14157.1 70
1741125952558 14236.9 71
1741125962666 14351.7 72
1741125972710 14416.0 73
1741125982742 14568.5 74
1741125992840 13991.7 75
1741126002908 13956.7 76
1741126012937 13899.3 77
1741126022976 13944.4 78
1741126033286 14023.5 79
1741126043319 14109.5 80
1741126053425 14213.0 81
1741126063538 14318.3 82
1741126073780 14421.6 83
1741126083884 13912.9 84
1741126093925 14014.3 85
1741126103952 13982.8 86
1741126114048 13998.0 87
1741126124074 14081.5 88
1741126134108 14060.7 89
1741126144200 14186.9 90
1741126154234 14285.3 91
1741126164270 13903.5 92
1741126174426 14080.2 93
1741126184493 14160.6 94
1741126194522 14206.4 95
1741126204643 14081.8 96
1741126214682 14055.9 97
1741126224699 14117.1 98
1741126235189 14217.5 99
1741126245218 14323.7 100
1741126255574 14434.5 101
1741126265891 14007.3 102
1741126276035 14062.7 103
1741126286083 14063.1 104
1741126296192 14068.7 105
1741126306223 14126.8 106
1741126316257 14204.2 107
1741126326393 14299.1 108
1741126336427 14413.1 109
1741126346478 14503.8 110
1741126356552 14036.5 111
1741126366599 14036.9 112
1741126376649 14093.3 113
1741126386915 14098.8 114
1741126397073 14156.9 115
1741126407117 14243.0 116
1741126417181 14342.6 117
1741126427243 14436.7 118
1741126437270 14500.5 119
1741126447322 14469.3 120
1741126457455 14470.4 121
1741126467507 14500.4 122
1741126477542 13845.6 123
1741126487591 13899.2 124
1741126497632 13882.7 125
1741126507666 13912.0 126
1741126517749 13938.1 127
1741126527789 13972.5 128
1741126538230 13919.7 129
1741126548301 13961.9 130
1741126558655 14154.8 131
1741126568723 13995.2 132
1741126578817 14022.3 133
1741126588838 14003.4 134
1741126598884 13999.9 135
1741126608918 14018.7 136
1741126618977 14013.9 137
1741126629005 14108.5 138
1741126639626 14073.6 139
1741126649675 14053.1 140
1741126659709 14080.8 141
1741126669751 14088.6 142
1741126679807 14088.9 143
1741126689855 14100.2 144
1741126699931 14104.4 145
1741126709972 14109.2 146
1741126720430 14141.8 147
1741126730493 14033.2 148
1741126740552 14036.5 149
1741126750607 14373.2 150
1741126760687 14095.0 151
1741126770749 14096.6 152
1741126780782 14085.9 153
1741126790818 14101.6 154
1741126800852 14090.9 155
1741126810893 14122.0 156
1741126821358 14200.8 157
1741126831552 14200.8 158
1741126841594 14185.2 159
1741126851643 14235.4 160
1741126861694 14233.2 161
1741126871750 14240.7 162
1741126881848 14244.8 163
1741126891907 14243.6 164
1741126901979 14244.9 165
1741126912595 14245.1 166
1741126922765 14242.8 167
1741126932860 14243.3 168
1741126942902 14357.5 169
1741126952998 14293.6 170
1741126963047 14280.7 171
1741126973187 14292.6 172
1741126983321 14291.8 173
1741126993375 14294.1 174
1741127003421 14508.3 175
1741127013564 14613.2 176
1741127023598 14605.4 177
1741127033646 14760.8 178
1741127043685 14826.1 179
1741127053739 14643.7 180
1741127063783 14706.1 181
1741127073831 14707.6 182
1741127083944 14682.3 183
1741127094271 14676.0 184
1741127104533 14652.7 185
1741127114889 14649.4 186
1741127125088 14398.9 187
1741127135226 14401.2 188
1741127145266 14673.6 189
1741127155732 14439.6 190
1741127165965 14454.3 191
1741127176207 14449.0 192
1741127186663 14449.6 193
1741127197054 14450.6 194
1741127207519 14557.2 195
1741127217553 14658.7 196
1741127227658 14521.4 197
1741127237727 14508.8 198
1741127247757 14890.0 199
1741127257865 14561.4 200
1741127267895 14565.2 201
1741127277955 14614.6 202
1741127288052 14591.1 203
1741127298156 14591.7 204
1741127308735 14616.2 205
1741127318812 14675.7 206
1741127329087 14619.9 207
1741127339152 14367.6 208
1741127349240 14718.4 209
1741127359356 14458.5 210
1741127369388 14422.4 211
1741127379525 14423.0 212
1741127390037 14448.3 213
1741127400654 14424.3 214
1741127411317 14428.9 215
1741127421412 14463.2 216
1741127431483 14463.4 217
1741127441553 14457.5 218
1741127451610 14788.0 219
1741127461652 14486.6 220
1741127471709 14502.6 221
1741127482192 14493.4 222
1741127492800 14500.0 223
1741127502840 14499.4 224
1741127512889 14503.7 225
1741127522932 14522.5 226
1741127533059 14517.6 227
1741127543187 14526.9 228
1741127553690 14791.4 229
1741127564405 14566.7 230
1741127575118 14567.6 231
1741127585783 14605.1 232
1741127596504 14614.3 233
1741127607224 14604.4 234
1741127617997 14594.5 235
1741127628264 14153.4 236
1741127638320 13867.5 237
1741127648435 13872.8 238
1741127658484 14141.8 239
1741127669243 13878.8 240
1741127680039 13890.5 241
1741127690095 13916.2 242
1741127700908 13916.7 243
1741127711741 13937.4 244
1741127721829 13925.1 245
1741127731884 13950.2 246
1741127741912 13938.5 247
1741127751983 13929.2 248
1741127762045 14013.9 249
1741127772658 13978.9 250
1741127783574 13989.5 251
1741127793611 14006.4 252
1741127803662 14001.5 253
1741127813702 14000.6 254
1741127824533 14010.0 255
1741127834585 14017.8 256
1741127844633 14020.1 257
1741127854674 14025.3 258
1741127866102 14002.7 259
1741127876154 14059.1 260
1741127886242 14075.8 261
1741127896298 14073.8 262
1741127906327 14073.7 263
1741127916426 14073.2 264
1741127926872 14059.2 265
1741127936941 13707.0 266
1741127947038 13752.2 267
1741127957754 13749.8 268
1741127967799 13748.2 269
1741127977903 13922.0 270
1741127987955 13794.2 271
1741127998813 13805.0 272
1741128008911 13820.4 273
1741128018975 13816.4 274
1741128029451 13823.0 275
1741128040448 13819.9 276
1741128050603 13815.4 277
1741128060686 13849.9 278
1741128070742 13848.7 279
1741128080870 13843.7 280
1741128091094 13908.1 281
1741128101152 13904.5 282
1741128111201 13921.6 283
1741128121927 13913.2 284
1741128131987 13915.6 285
1741128142106 13918.8 286
1741128152164 13922.4 287
1741128162734 13912.5 288
1741128172788 13939.0 289
1741128183261 13942.3 290
1741128193323 13939.5 291
1741128204277 13977.6 292
1741128214316 13986.8 293
1741128224359 13977.9 294
1741128235195 13961.3 295
1741128245236 13969.1 296
1741128255307 13976.0 297
1741128265352 13979.3 298
1741128275408 13979.2 299
1741128285449 13975.0 300
1741128295522 13977.9 301
1741128305667 14033.9 302
1741128315720 13993.1 303
1741128325775 14007.7 304
1741128335927 13996.0 305
1741128346798 13992.2 306
1741128356827 13998.9 307
1741128366934 14015.2 308
1741128376980 14010.6 309
1741128387206 14031.2 310
1741128397436 14033.2 311
1741128407573 14035.3 312
1741128417667 14071.5 313
1741128427906 14073.9 314
1741128437933 14084.4 315
1741128447971 14079.6 316
1741128458079 14078.9 317
1741128468140 14074.8 318
1741128478163 14077.0 319
1741128488269 14088.1 320
1741128498317 14092.8 321
1741128508449 14118.1 322
1741128519581 14132.7 323
1741128529646 13813.6 324
1741128539677 13940.4 325
1741128549919 13956.3 326
1741128559953 13978.9 327
1741128570270 13986.2 328
1741128580354 13968.2 329
1741128590389 13961.9 330
1741128600428 13965.8 331
1741128610543 13970.0 332
1741128620741 14176.7 333
1741128631073 14135.8 334
1741128641123 14129.8 335
1741128651186 14606.3 336
1741128661924 14134.8 337
1741128671979 14171.3 338
1741128682700 14193.7 339
1741128692737 14192.7 340
1741128703320 14192.7 341
1741128713366 14183.6 342
1741128723712 14181.6 343
1741128734402 14189.9 344
1741128745009 14200.0 345
1741128755066 14190.4 346
1741128765823 14472.3 347
1741128775922 14226.9 348
1741128786443 14234.8 349
1741128796491 14235.9 350
1741128807029 14229.9 351
1741128817126 14223.3 352
1741128828035 14232.0 353
1741128838082 14230.7 354
1741128848764 14254.0 355
1741128859464 14260.4 356
1741128869497 14261.4 357
1741128879625 14357.1 358
1741128889674 14296.4 359
1741128900721 14301.3 360
1741128910809 14316.7 361
1741128921292 14315.8 362
1741128931336 14306.4 363
1741128942188 14299.3 364
1741128952244 14304.3 365
1741128962297 14303.0 366
1741128972577 14317.1 367
1741128984232 14314.3 368
1741128994327 14309.4 369
1741129004379 14354.7 370
1741129015306 14354.0 371
1741129025359 14360.1 372
1741129036313 14364.6 373
1741129046413 14360.1 374
1741129057462 14363.9 375
1741129067503 14364.7 376
1741129078059 14366.9 377
1741129088900 14396.6 378
1741129099835 14414.8 379
1741129109867 14412.7 380
1741129119978 14732.2 381
1741129130026 14399.5 382
1741129140637 14406.5 383
1741129150733 14421.5 384
1741129161757 14413.8 385
1741129171813 14425.9 386
1741129182911 14408.9 387
1741129192960 14417.8 388
1741129204033 14456.3 389
1741129215017 14490.1 390
1741129225131 14470.8 391
