1741094854486 0.0 0
1741094864526 24.1 1
1741094874560 27.8 2
1741094884642 21.1 3
1741094894675 24.2 4
1741094904726 24.3 5
1741094914826 24.8 6
1741094925497 23.4 7
1741094935533 22.1 8
1741094945617 25.7 9
1741094955645 25.2 10
1741094965707 28.1 11
1741094975768 45.5 12
1741094986377 21.9 13
1741094996411 27.0 14
1741095006496 25.4 15
1741095017052 21.6 16
1741095027109 23.2 17
1741095037217 24.4 18
1741095047466 22.0 19
1741095057508 24.1 20
1741095068019 22.9 21
1741095078052 22.8 22
1741095088164 29.1 23
1741095098302 25.7 24
1741095108724 14.8 25
1741095118764 22.9 26
1741095128929 24.8 27
1741095139324 21.7 28
1741095149358 23.3 29
1741095159477 25.0 30
1741095169526 23.3 31
1741095179622 23.6 32
1741095189742 22.3 33
1741095199787 25.1 34
1741095210223 26.4 35
1741095221072 25.5 36
1741095231205 18.5 37
1741095241247 23.2 38
1741095251281 24.5 39
1741095261390 23.2 40
1741095271776 22.5 41
1741095281818 21.7 42
1741095292041 25.7 43
1741095302386 20.3 44
1741095312626 22.6 45
1741095322705 27.1 46
1741095332759 24.9 47
1741095342788 25.8 48
1741095352917 21.0 49
1741095363474 18.9 50
1741095373517 23.4 51
1741095383614 24.5 52
1741095393647 21.2 53
1741095403680 22.9 54
1741095413775 24.5 55
1741095423823 21.0 56
1741095434246 25.7 57
1741095444332 22.8 58
1741095454362 23.4 59
1741095464457 26.4 60
1741095475030 23.8 61
1741095485073 13.9 62
1741095495111 26.1 63
1741095505215 22.7 64
1741095515256 22.7 65
1741095525291 24.6 66
1741095535330 24.9 67
1741095545362 20.2 68
1741095555397 24.9 69
1741095565432 21.3 70
1741095575478 22.4 71
1741095585514 25.6 72
1741095595558 24.3 73
1741095605652 17.3 74
1741095615698 22.8 75
1741095625741 24.0 76
1741095636646 22.1 77
1741095646684 22.2 78
1741095656813 25.3 79
1741095666973 22.1 80
1741095677270 21.6 81
1741095687306 23.6 82
1741095697388 22.2 83
1741095707425 23.0 84
1741095717552 25.4 85
1741095727653 22.5 86
1741095737692 15.1 87
1741095748029 25.2 88
1741095758115 22.5 89
1741095768295 21.8 90
1741095778330 21.7 91
1741095789029 25.0 92
1741095799068 19.7 93
1741095809106 30.5 94
1741095819196 39.8 95
1741095829231 25.4 96
1741095839632 29.5 97
1741095850993 28.4 98
1741095861890 26.5 99
1741095871926 23.5 100
1741095881970 32.4 101
1741095892158 26.6 102
1741095902198 22.6 103
1741095912244 28.1 104
1741095922335 26.1 105
1741095932390 22.2 106
1741095943101 25.9 107
1741095953242 24.7 108
1741095963506 30.2 109
1741095974097 28.8 110
1741095985199 25.1 111
1741095995248 22.4 112
1741096005287 21.3 113
1741096015969 26.2 114
1741096026010 26.9 115
1741096036059 31.3 116
1741096046136 30.2 117
1741096057047 23.6 118
1741096067097 27.0 119
1741096077136 31.0 120
1741096088000 28.9 121
1741096098051 24.6 122
1741096108309 32.3 123
1741096119050 26.5 124
1741096129133 24.0 125
