1741094854486 46.2 0
1741094864526 46.2 1
1741094874560 46.2 2
1741094884642 46.2 3
1741094894675 46.2 4
1741094904726 46.2 5
1741094914826 46.2 6
1741094925497 46.2 7
1741094935533 46.2 8
1741094945617 46.2 9
1741094955645 46.2 10
1741094965707 46.2 11
1741094975768 46.2 12
1741094986377 46.2 13
1741094996411 46.2 14
1741095006496 46.2 15
1741095017052 46.2 16
1741095027109 46.2 17
1741095037217 46.2 18
1741095047466 46.2 19
1741095057508 46.2 20
1741095068019 46.2 21
1741095078052 46.2 22
1741095088164 46.2 23
1741095098302 46.2 24
1741095108724 46.2 25
1741095118764 46.2 26
1741095128929 46.2 27
1741095139324 46.2 28
1741095149358 46.2 29
1741095159477 46.2 30
1741095169526 46.2 31
1741095179622 46.2 32
1741095189742 46.2 33
1741095199787 46.2 34
1741095210223 46.2 35
1741095221072 46.2 36
1741095231205 46.2 37
1741095241247 46.2 38
1741095251281 46.2 39
1741095261390 46.2 40
1741095271776 46.2 41
1741095281818 46.2 42
1741095292041 46.2 43
1741095302386 46.2 44
1741095312626 46.2 45
1741095322705 46.2 46
1741095332759 46.2 47
1741095342788 46.2 48
1741095352917 46.2 49
1741095363474 46.2 50
1741095373517 46.2 51
1741095383614 46.2 52
1741095393647 46.2 53
1741095403680 46.2 54
1741095413775 46.2 55
1741095423823 46.2 56
1741095434246 46.2 57
1741095444332 46.2 58
1741095454362 46.2 59
1741095464457 46.2 60
1741095475030 46.2 61
1741095485073 46.2 62
1741095495111 46.2 63
1741095505215 46.2 64
1741095515256 46.2 65
1741095525291 46.2 66
1741095535330 46.2 67
1741095545362 46.2 68
1741095555397 46.2 69
1741095565432 46.2 70
1741095575478 46.2 71
1741095585514 46.2 72
1741095595558 46.2 73
1741095605652 46.2 74
1741095615698 46.2 75
1741095625741 46.2 76
1741095636646 46.2 77
1741095646684 46.2 78
1741095656813 46.2 79
1741095666973 46.2 80
1741095677270 46.2 81
1741095687306 46.2 82
1741095697388 46.2 83
1741095707425 46.2 84
1741095717552 46.2 85
1741095727653 46.2 86
1741095737692 46.2 87
1741095748029 46.2 88
1741095758115 46.2 89
1741095768295 46.2 90
1741095778330 46.2 91
1741095789029 46.2 92
1741095799068 46.2 93
1741095809106 46.2 94
1741095819196 46.2 95
1741095829231 46.2 96
1741095839632 46.2 97
1741095850993 46.2 98
1741095861890 46.2 99
1741095871926 46.2 100
1741095881970 46.2 101
1741095892158 46.2 102
1741095902198 46.2 103
1741095912244 46.2 104
1741095922335 46.2 105
1741095932390 46.2 106
1741095943101 46.2 107
1741095953242 46.2 108
1741095963506 46.2 109
1741095974097 46.2 110
1741095985199 46.2 111
1741095995248 46.2 112
1741096005287 46.2 113
1741096015969 46.2 114
1741096026010 46.2 115
1741096036059 46.2 116
1741096046136 46.2 117
1741096057047 46.2 118
1741096067097 46.2 119
1741096077136 46.2 120
1741096088000 46.2 121
1741096098051 46.2 122
1741096108309 46.2 123
1741096119050 46.2 124
1741096129133 46.2 125
