1741094854486 295250.0 0
1741094864526 295250.0 1
1741094874560 295250.0 2
1741094884642 295250.0 3
1741094894675 295250.0 4
1741094904726 295250.0 5
1741094914826 295250.0 6
1741094925497 295250.0 7
1741094935533 295250.0 8
1741094945617 295250.0 9
1741094955645 295250.0 10
1741094965707 295250.0 11
1741094975768 295249.6 12
1741094986377 295238.3 13
1741094996411 295238.3 14
1741095006496 295238.3 15
1741095017052 295238.3 16
1741095027109 295238.3 17
1741095037217 295238.3 18
1741095047466 295238.3 19
1741095057508 295238.3 20
1741095068019 295238.3 21
1741095078052 295238.3 22
1741095088164 295238.3 23
1741095098302 295238.3 24
1741095108724 295237.8 25
1741095118764 295237.8 26
1741095128929 295237.8 27
1741095139324 295237.8 28
1741095149358 295237.8 29
1741095159477 295237.8 30
1741095169526 295237.8 31
1741095179622 295237.8 32
1741095189742 295237.8 33
1741095199787 295237.8 34
1741095210223 295237.8 35
1741095221072 295237.8 36
1741095231205 295237.4 37
1741095241247 295237.4 38
1741095251281 295237.4 39
1741095261390 295237.4 40
1741095271776 295237.4 41
1741095281818 295237.4 42
1741095292041 295237.4 43
1741095302386 295237.4 44
1741095312626 295237.4 45
1741095322705 295237.4 46
1741095332759 295237.4 47
1741095342788 295237.4 48
1741095352917 295237.0 49
1741095363474 295237.0 50
1741095373517 295237.0 51
1741095383614 295237.0 52
1741095393647 295237.0 53
1741095403680 295237.0 54
1741095413775 295237.0 55
1741095423823 295237.0 56
1741095434246 295237.0 57
1741095444332 295237.0 58
1741095454362 295237.0 59
1741095464457 295237.0 60
1741095475030 295236.5 61
1741095485073 295236.5 62
1741095495111 295236.5 63
1741095505215 295236.5 64
1741095515256 295236.5 65
1741095525291 295236.5 66
1741095535330 295236.5 67
1741095545362 295236.5 68
1741095555397 295236.5 69
1741095565432 295236.5 70
1741095575478 295236.5 71
1741095585514 295236.5 72
1741095595558 295236.5 73
1741095605652 295236.1 74
1741095615698 295236.1 75
1741095625741 295236.1 76
1741095636646 295236.1 77
1741095646684 295236.1 78
1741095656813 295236.1 79
1741095666973 295236.1 80
1741095677270 295236.1 81
1741095687306 295236.1 82
1741095697388 295236.1 83
1741095707425 295236.1 84
1741095717552 295236.1 85
1741095727653 295236.1 86
1741095737692 295235.7 87
1741095748029 295235.7 88
1741095758115 295235.7 89
1741095768295 295235.7 90
1741095778330 295235.7 91
1741095789029 295235.7 92
1741095799068 295235.7 93
1741095809106 295235.7 94
1741095819196 295235.7 95
1741095829231 295235.7 96
1741095839632 295235.7 97
1741095850993 295235.7 98
1741095861890 295235.7 99
1741095871926 295235.3 100
1741095881970 295235.3 101
1741095892158 295235.3 102
1741095902198 295235.3 103
1741095912244 295235.3 104
1741095922335 295235.3 105
1741095932390 295235.3 106
1741095943101 295235.3 107
1741095953242 295235.3 108
1741095963506 295235.3 109
1741095974097 295235.3 110
1741095985199 295235.3 111
1741095995248 295235.3 112
1741096005287 295234.9 113
1741096015969 295234.9 114
1741096026010 295234.9 115
1741096036059 295234.9 116
1741096046136 295234.9 117
1741096057047 295234.9 118
1741096067097 295234.9 119
1741096077136 295234.9 120
1741096088000 295234.4 121
1741096098051 295234.4 122
1741096108309 295234.4 123
1741096119050 295234.4 124
1741096129133 295234.4 125
