1741094854486 253109.1 0
1741094864526 253109.1 1
1741094874560 253109.1 2
1741094884642 253109.1 3
1741094894675 253109.1 4
1741094904726 253109.1 5
1741094914826 253109.1 6
1741094925497 253109.1 7
1741094935533 253109.1 8
1741094945617 253109.1 9
1741094955645 253109.1 10
1741094965707 253109.1 11
1741094975768 253109.5 12
1741094986377 253120.8 13
1741094996411 253120.8 14
1741095006496 253120.8 15
1741095017052 253120.8 16
1741095027109 253120.8 17
1741095037217 253120.8 18
1741095047466 253120.8 19
1741095057508 253120.8 20
1741095068019 253120.8 21
1741095078052 253120.8 22
1741095088164 253120.8 23
1741095098302 253120.8 24
1741095108724 253121.3 25
1741095118764 253121.3 26
1741095128929 253121.3 27
1741095139324 253121.3 28
1741095149358 253121.3 29
1741095159477 253121.3 30
1741095169526 253121.3 31
1741095179622 253121.3 32
1741095189742 253121.3 33
1741095199787 253121.3 34
1741095210223 253121.3 35
1741095221072 253121.3 36
1741095231205 253121.7 37
1741095241247 253121.7 38
1741095251281 253121.7 39
1741095261390 253121.7 40
1741095271776 253121.7 41
1741095281818 253121.7 42
1741095292041 253121.7 43
1741095302386 253121.7 44
1741095312626 253121.7 45
1741095322705 253121.7 46
1741095332759 253121.7 47
1741095342788 253121.7 48
1741095352917 253122.2 49
1741095363474 253122.2 50
1741095373517 253122.2 51
1741095383614 253122.2 52
1741095393647 253122.2 53
1741095403680 253122.2 54
1741095413775 253122.2 55
1741095423823 253122.2 56
1741095434246 253122.2 57
1741095444332 253122.2 58
1741095454362 253122.2 59
1741095464457 253122.2 60
1741095475030 253122.6 61
1741095485073 253122.6 62
1741095495111 253122.6 63
1741095505215 253122.6 64
1741095515256 253122.6 65
1741095525291 253122.6 66
1741095535330 253122.6 67
1741095545362 253122.6 68
1741095555397 253122.6 69
1741095565432 253122.6 70
1741095575478 253122.6 71
1741095585514 253122.6 72
1741095595558 253122.6 73
1741095605652 253123.0 74
1741095615698 253123.0 75
1741095625741 253123.0 76
1741095636646 253123.0 77
1741095646684 253123.0 78
1741095656813 253123.0 79
1741095666973 253123.0 80
1741095677270 253123.0 81
1741095687306 253123.0 82
1741095697388 253123.0 83
1741095707425 253123.0 84
1741095717552 253123.0 85
1741095727653 253123.0 86
1741095737692 253123.4 87
1741095748029 253123.4 88
1741095758115 253123.4 89
1741095768295 253123.4 90
1741095778330 253123.4 91
1741095789029 253123.4 92
1741095799068 253123.4 93
1741095809106 253123.4 94
1741095819196 253123.4 95
1741095829231 253123.4 96
1741095839632 253123.4 97
1741095850993 253123.4 98
1741095861890 253123.4 99
1741095871926 253123.8 100
1741095881970 253123.8 101
1741095892158 253123.8 102
1741095902198 253123.8 103
1741095912244 253123.8 104
1741095922335 253123.8 105
1741095932390 253123.8 106
1741095943101 253123.8 107
1741095953242 253123.8 108
1741095963506 253123.8 109
1741095974097 253123.8 110
1741095985199 253123.8 111
1741095995248 253123.8 112
1741096005287 253124.2 113
1741096015969 253124.2 114
1741096026010 253124.2 115
1741096036059 253124.2 116
1741096046136 253124.2 117
1741096057047 253124.2 118
1741096067097 253124.2 119
1741096077136 253124.2 120
1741096088000 253124.7 121
1741096098051 253124.7 122
1741096108309 253124.7 123
1741096119050 253124.7 124
1741096129133 253124.7 125
