1741094854486 0.001571999999896434 0
1741094864526 0.5046359999998913 1
1741094874560 15.685952999999927 2
1741094884642 15.746702999999798 3
1741094894675 21.18878799999993 4
1741094904726 22.911198000000013 5
1741094914826 28.387342999999873 6
1741094925497 28.411391999999978 7
1741094935533 40.49625399999991 8
1741094945617 48.024812999999995 9
1741094955645 53.68427099999985 10
1741094965707 54.72986199999991 11
1741094975768 56.460194999999885 12
1741094986377 67.236447 13
1741094996411 67.26365799999985 14
1741095006496 73.75616799999989 15
1741095017052 73.78196600000001 16
1741095027109 79.7251339999998 17
1741095037217 79.75502199999983 18
1741095047466 79.79220699999996 19
1741095057508 85.90753299999983 20
1741095068019 85.97350299999994 21
1741095078052 95.71930599999996 22
1741095088164 100.27161299999989 23
1741095098302 112.0482629999999 24
1741095108724 118.2249969999998 25
1741095118764 127.36693500000001 26
1741095128929 129.18278499999997 27
1741095139324 134.4618449999998 28
1741095149358 144.39955699999996 29
1741095159477 148.5691519999998 30
1741095169526 155.89883699999996 31
1741095179622 161.29165399999988 32
1741095189742 173.83943099999988 33
1741095199787 179.25334199999998 34
1741095210223 182.07364099999995 35
1741095221072 191.89590299999986 36
1741095231205 197.89154599999983 37
1741095241247 209.6026539999998 38
1741095251281 214.47494199999983 39
1741095261390 218.13514699999996 40
1741095271776 229.2274289999998 41
1741095281818 233.393916 42
1741095292041 242.33898499999987 43
1741095302386 246.07810299999983 44
1741095312626 253.94448199999988 45
1741095322705 255.716322 46
1741095332759 262.2950599999999 47
1741095342788 262.9837909999999 48
1741095352917 263.960873 49
1741095363474 269.27585999999974 50
1741095373517 274.7690050000001 51
1741095383614 275.1221479999999 52
1741095393647 276.3085149999997 53
1741095403680 281.7951600000001 54
1741095413775 282.5394349999997 55
1741095423823 289.71632199999976 56
1741095434246 289.7990219999997 57
1741095444332 296.13082799999984 58
1741095454362 296.1786320000001 59
1741095464457 301.84839699999975 60
1741095475030 301.9184 61
1741095485073 306.76099399999976 62
1741095495111 308.2374 63
1741095505215 312.66319399999975 64
1741095515256 324.39036899999974 65
1741095525291 326.977848 66
1741095535330 337.6009879999997 67
1741095545362 342.0376889999998 68
1741095555397 348.4625759999999 69
1741095565432 353.1810879999998 70
1741095575478 356.30152099999987 71
1741095585514 366.881484 72
1741095595558 368.3842139999997 73
1741095605652 374.9937810000001 74
1741095615698 375.02382799999987 75
1741095625741 380.524625 76
1741095636646 380.5458679999997 77
1741095646684 385.97345099999984 78
1741095656813 385.99289599999975 79
1741095666973 391.39135699999997 80
1741095677270 391.42459099999996 81
1741095687306 396.64405899999974 82
1741095697388 396.68790899999976 83
1741095707425 402.7695859999999 84
1741095717552 402.79657899999984 85
1741095727653 407.27864899999986 86
1741095737692 407.30233099999987 87
1741095748029 407.33791999999994 88
1741095758115 407.3781789999998 89
1741095768295 407.4039520000001 90
1741095778330 407.4846499999999 91
1741095789029 407.5316549999998 92
1741095799068 407.55414599999995 93
1741095809106 407.6206769999999 94
1741095819196 417.39906699999983 95
1741095829231 421.2989399999997 96
1741095839632 422.4587339999998 97
1741095850993 431.63897899999984 98
1741095861890 437.74024599999984 99
1741095871926 451.6093179999998 100
1741095881970 466.9935639999999 101
1741095892158 473.403448 102
1741095902198 477.9095629999997 103
1741095912244 482.1650719999998 104
1741095922335 488.53744099999994 105
1741095932390 492.24839199999997 106
1741095943101 495.62199299999975 107
1741095953242 501.9119539999997 108
1741095963506 502.06202099999973 109
1741095974097 507.1945700000001 110
1741095985199 507.90608900000007 111
1741095995248 507.942317 112
1741096005287 514.5135580000001 113
1741096015969 514.5658239999998 114
1741096026010 520.8528529999999 115
1741096036059 522.796175 116
1741096046136 529.5164219999997 117
1741096057047 529.840338 118
1741096067097 532.3984089999999 119
1741096077136 536.2934169999999 120
1741096088000 568.1874979999998 121
1741096098051 575.5327050000001 122
1741096108309 575.5791599999998 123
1741096119050 581.7186729999999 124
1741096129133 581.7640189999997 125
