1741094854486 0.001494000000093365 0
1741094864526 0.5052789999999732 1
1741094874560 10.00317599999994 2
1741094884642 10.072810000000118 3
1741094894675 10.457237999999961 4
1741094904726 12.189006000000063 5
1741094914826 12.574861000000055 6
1741094925497 12.597929000000022 7
1741094935533 19.18796599999996 8
1741094945617 26.74188499999991 9
1741094955645 27.688910999999962 10
1741094965707 27.80253199999993 11
1741094975768 28.051275999999916 12
1741094986377 28.664416999999958 13
1741094996411 28.694993000000068 14
1741095006496 29.097743000000037 15
1741095017052 29.14867000000004 16
1741095027109 29.588412000000062 17
1741095037217 29.62098500000002 18
1741095047466 29.65835100000004 19
1741095057508 30.004464999999982 20
1741095068019 30.05504700000006 21
1741095078052 34.53260799999998 22
1741095088164 39.152783 23
1741095098302 45.53262700000005 24
1741095108724 51.71174399999995 25
1741095118764 54.68021999999996 26
1741095128929 56.50261999999998 27
1741095139324 61.78895899999998 28
1741095149358 66.73318599999993 29
1741095159477 70.91584200000011 30
1741095169526 72.34822800000006 31
1741095179622 77.69341600000007 32
1741095189742 83.64729699999998 33
1741095199787 89.07467599999995 34
1741095210223 91.90975800000001 35
1741095221072 96.32068800000002 36
1741095231205 102.31890599999997 37
1741095241247 108.12355900000011 38
1741095251281 113.01595100000009 39
1741095261390 115.51924600000007 40
1741095271776 121.68025000000011 41
1741095281818 125.63132100000007 42
1741095292041 129.23352999999997 43
1741095302386 132.97548499999994 44
1741095312626 135.76080500000012 45
1741095322705 137.5229280000001 46
1741095332759 138.73084500000004 47
1741095342788 139.42238199999997 48
1741095352917 139.93164300000012 49
1741095363474 140.5386699999999 50
1741095373517 141.170615 51
1741095383614 141.51761499999998 52
1741095393647 142.08565399999998 53
1741095403680 142.66519199999993 54
1741095413775 143.4109430000001 55
1741095423823 144.90236400000003 56
1741095434246 144.99000300000012 57
1741095444332 145.371492 58
1741095454362 145.43362000000002 59
1741095464457 145.7801280000001 60
1741095475030 145.80948200000012 61
1741095485073 146.13685600000008 62
1741095495111 146.82570299999998 63
1741095505215 151.2644029999999 64
1741095515256 157.52628800000002 65
1741095525291 160.1201739999999 66
1741095535330 164.43949199999997 67
1741095545362 168.88442299999997 68
1741095555397 170.48650900000007 69
1741095565432 174.98057900000003 70
1741095575478 178.10345000000007 71
1741095585514 183.3460379999999 72
1741095595558 184.85476999999992 73
1741095605652 186.49793 74
1741095615698 186.54816600000004 75
1741095625741 186.89469600000007 76
1741095636646 186.92416200000002 77
1741095646684 187.26529200000004 78
1741095656813 187.289845 79
1741095666973 187.60489699999994 80
1741095677270 187.64131799999996 81
1741095687306 187.97744699999998 82
1741095697388 188.01239600000008 83
1741095707425 188.37858699999992 84
1741095717552 188.40720899999997 85
1741095727653 188.69085199999995 86
1741095737692 188.75606700000003 87
1741095748029 188.79689699999994 88
1741095758115 188.8430659999999 89
1741095768295 188.8748989999999 90
1741095778330 188.90118000000007 91
1741095789029 188.94194100000004 92
1741095799068 188.97209399999997 93
1741095809106 189.05005899999992 94
1741095819196 190.363783 95
1741095829231 190.7096650000001 96
1741095839632 190.89842900000008 97
1741095850993 191.61506099999997 98
1741095861890 192.05521700000008 99
1741095871926 192.97690899999998 100
1741095881970 193.699292 101
1741095892158 194.37719700000002 102
1741095902198 194.71119799999997 103
1741095912244 195.068176 104
1741095922335 195.477306 105
1741095932390 195.7561760000001 106
1741095943101 196.12447599999996 107
1741095953242 196.5558820000001 108
1741095963506 196.6070299999999 109
1741095974097 197.055202 110
1741095985199 197.17884800000002 111
1741095995248 197.22415 112
1741096005287 197.79316199999994 113
1741096015969 197.8399770000001 114
1741096026010 198.489783 115
1741096036059 198.77332300000012 116
1741096046136 199.399492 117
1741096057047 199.46534599999995 118
1741096067097 199.7415309999999 119
1741096077136 200.13529100000005 120
1741096088000 202.17508999999995 121
1741096098051 202.92419399999994 122
1741096108309 203.00447600000007 123
1741096119050 203.59510999999998 124
1741096129133 203.63995 125
