1741094854486 15124.0 0
1741094864526 15087.0 1
1741094874560 15099.8 2
1741094884642 15113.1 3
1741094894675 15079.6 4
1741094904726 15092.8 5
1741094914826 15081.5 6
1741094925497 14811.7 7
1741094935533 14834.1 8
1741094945617 14845.3 9
1741094955645 14860.0 10
1741094965707 14236.1 11
1741094975768 15159.2 12
1741094986377 13935.6 13
1741094996411 13817.4 14
1741095006496 13710.7 15
1741095017052 13668.1 16
1741095027109 13637.8 17
1741095037217 13625.6 18
1741095047466 13605.7 19
1741095057508 13614.0 20
1741095068019 13598.3 21
1741095078052 13620.7 22
1741095088164 13606.8 23
1741095098302 13612.4 24
1741095108724 13599.5 25
1741095118764 13605.0 26
1741095128929 13605.4 27
1741095139324 13608.0 28
1741095149358 13609.6 29
1741095159477 13603.5 30
1741095169526 13417.2 31
1741095179622 13444.9 32
1741095189742 13467.4 33
1741095199787 13477.9 34
1741095210223 13474.5 35
1741095221072 13366.9 36
1741095231205 13430.6 37
1741095241247 13517.8 38
1741095251281 13587.2 39
1741095261390 13581.0 40
1741095271776 13573.2 41
1741095281818 13390.9 42
1741095292041 13387.5 43
1741095302386 13378.4 44
1741095312626 13369.3 45
1741095322705 13392.2 46
1741095332759 13380.9 47
1741095342788 13374.6 48
1741095352917 13761.1 49
1741095363474 13415.6 50
1741095373517 13433.5 51
1741095383614 13427.9 52
1741095393647 13428.7 53
1741095403680 13432.3 54
1741095413775 13459.6 55
1741095423823 13469.1 56
1741095434246 13533.0 57
1741095444332 13503.2 58
1741095454362 13461.8 59
1741095464457 13453.5 60
1741095475030 13498.6 61
1741095485073 13508.0 62
1741095495111 13518.6 63
1741095505215 13527.6 64
1741095515256 13505.0 65
1741095525291 13303.1 66
1741095535330 13296.9 67
1741095545362 13310.9 68
1741095555397 13338.8 69
1741095565432 13348.4 70
1741095575478 13345.9 71
1741095585514 13337.0 72
1741095595558 13336.4 73
1741095605652 13740.7 74
1741095615698 13362.5 75
1741095625741 13358.6 76
1741095636646 13356.7 77
1741095646684 13342.6 78
1741095656813 13339.9 79
1741095666973 13368.2 80
1741095677270 13359.9 81
1741095687306 13375.6 82
1741095697388 13364.0 83
1741095707425 13354.9 84
1741095717552 13349.8 85
1741095727653 13363.6 86
1741095737692 13402.3 87
1741095748029 13407.6 88
1741095758115 13412.4 89
1741095768295 13400.5 90
1741095778330 13411.3 91
1741095789029 13420.7 92
1741095799068 13440.5 93
1741095809106 13820.2 94
1741095819196 14292.3 95
1741095829231 14116.2 96
1741095839632 14202.2 97
1741095850993 13981.9 98
1741095861890 14021.5 99
1741095871926 13959.2 100
1741095881970 14079.4 101
1741095892158 13982.8 102
1741095902198 13993.1 103
1741095912244 13900.2 104
1741095922335 13882.4 105
1741095932390 13896.6 106
1741095943101 13959.2 107
1741095953242 14091.0 108
1741095963506 14116.0 109
1741095974097 14172.7 110
1741095985199 14144.7 111
1741095995248 14130.6 112
1741096005287 14456.2 113
1741096015969 14398.3 114
1741096026010 14580.6 115
1741096036059 14572.7 116
1741096046136 14650.2 117
1741096057047 14604.2 118
1741096067097 14480.8 119
1741096077136 14558.9 120
1741096088000 14558.2 121
1741096098051 14845.6 122
1741096108309 14824.4 123
1741096119050 14654.0 124
1741096129133 14529.4 125
