1741094854486 89.7 0
1741094864526 89.4 1
1741094874560 89.5 2
1741094884642 89.6 3
1741094894675 89.4 4
1741094904726 89.5 5
1741094914826 89.4 6
1741094925497 87.8 7
1741094935533 87.9 8
1741094945617 88.0 9
1741094955645 88.1 10
1741094965707 84.4 11
1741094975768 89.9 12
1741094986377 82.6 13
1741094996411 81.9 14
1741095006496 81.3 15
1741095017052 81.0 16
1741095027109 80.9 17
1741095037217 80.8 18
1741095047466 80.7 19
1741095057508 80.7 20
1741095068019 80.6 21
1741095078052 80.8 22
1741095088164 80.7 23
1741095098302 80.7 24
1741095108724 80.6 25
1741095118764 80.7 26
1741095128929 80.7 27
1741095139324 80.7 28
1741095149358 80.7 29
1741095159477 80.7 30
1741095169526 79.5 31
1741095179622 79.7 32
1741095189742 79.8 33
1741095199787 79.9 34
1741095210223 79.9 35
1741095221072 79.2 36
1741095231205 79.6 37
1741095241247 80.1 38
1741095251281 80.6 39
1741095261390 80.5 40
1741095271776 80.5 41
1741095281818 79.4 42
1741095292041 79.4 43
1741095302386 79.3 44
1741095312626 79.3 45
1741095322705 79.4 46
1741095332759 79.3 47
1741095342788 79.3 48
1741095352917 81.6 49
1741095363474 79.5 50
1741095373517 79.6 51
1741095383614 79.6 52
1741095393647 79.6 53
1741095403680 79.6 54
1741095413775 79.8 55
1741095423823 79.9 56
1741095434246 80.2 57
1741095444332 80.1 58
1741095454362 79.8 59
1741095464457 79.8 60
1741095475030 80.0 61
1741095485073 80.1 62
1741095495111 80.1 63
1741095505215 80.2 64
1741095515256 80.1 65
1741095525291 78.9 66
1741095535330 78.8 67
1741095545362 78.9 68
1741095555397 79.1 69
1741095565432 79.1 70
1741095575478 79.1 71
1741095585514 79.1 72
1741095595558 79.1 73
1741095605652 81.5 74
1741095615698 79.2 75
1741095625741 79.2 76
1741095636646 79.2 77
1741095646684 79.1 78
1741095656813 79.1 79
1741095666973 79.3 80
1741095677270 79.2 81
1741095687306 79.3 82
1741095697388 79.2 83
1741095707425 79.2 84
1741095717552 79.1 85
1741095727653 79.2 86
1741095737692 79.5 87
1741095748029 79.5 88
1741095758115 79.5 89
1741095768295 79.4 90
1741095778330 79.5 91
1741095789029 79.6 92
1741095799068 79.7 93
1741095809106 81.9 94
1741095819196 84.7 95
1741095829231 83.7 96
1741095839632 84.2 97
1741095850993 82.9 98
1741095861890 83.1 99
1741095871926 82.8 100
1741095881970 83.5 101
1741095892158 82.9 102
1741095902198 83.0 103
1741095912244 82.4 104
1741095922335 82.3 105
1741095932390 82.4 106
1741095943101 82.8 107
1741095953242 83.5 108
1741095963506 83.7 109
1741095974097 84.0 110
1741095985199 83.9 111
1741095995248 83.8 112
1741096005287 85.7 113
1741096015969 85.4 114
1741096026010 86.4 115
1741096036059 86.4 116
1741096046136 86.9 117
1741096057047 86.6 118
1741096067097 85.9 119
1741096077136 86.3 120
1741096088000 86.3 121
1741096098051 88.0 122
1741096108309 87.9 123
1741096119050 86.9 124
1741096129133 86.1 125
