1741073711804 0.08293246757239103 0
1741073873711 0.053183941170573235 1
1741074048393 0.04240757040679455 2
1741074244674 0.03844906110316515 3
1741074459034 0.03703703195787966 4
1741074674238 0.03450584853999317 5
1741074895435 0.03387376060709357 6
1741075123594 0.03216402931138873 7
1741075346638 0.031685122987255454 8
1741075569092 0.02957526920363307 9
1741075756933 0.029667959548532963 10
1741075986802 0.029057508800178766 11
1741076220437 0.029191805748268962 12
1741076456738 0.028084759367629886 13
1741076717640 0.029820687603205442 14
1741076958655 0.027820265386253595 15
1741077205550 0.02941227750852704 16
1741077446764 0.027156291529536247 17
1741077695977 0.028328024549409747 18
1741077949132 0.026669569313526154 19
1741078205542 0.026568881003186107 20
1741078467423 0.026647822000086308 21
1741078683540 0.02681832225061953 22
1741078871519 0.026515145087614655 23
1741079054016 0.026163980597630143 24
1741079238343 0.02714940393343568 25
1741079423388 0.026198895880952477 26
1741079610104 0.025474331807345152 27
1741079798791 0.02700265054591 28
1741079990022 0.026137273525819182 29
1741080183770 0.025002002250403166 30
1741080380431 0.025997562101110816 31
1741080577728 0.02482527052052319 32
1741080849233 0.026828372618183494 33
1741081145406 0.025435461197048426 34
1741081446605 0.025768970604985952 35
1741081749435 0.025969598907977343 36
1741082054592 0.025473790243268013 37
1741082362522 0.025577392429113388 38
1741082676951 0.02524350374005735 39
1741082988409 0.025962094077840447 40
1741083232237 0.02537317806854844 41
1741083512940 0.024912176188081503 42
