1741073711790 0.0002 0
1741073873692 0.0002 1
1741074048365 0.0002 2
1741074244644 0.0002 3
1741074459020 0.0002 4
1741074674198 0.0002 5
1741074895413 0.0002 6
1741075123578 0.0002 7
1741075346616 0.0002 8
1741075569080 0.0002 9
1741075756914 0.0002 10
1741075986789 0.0002 11
1741076220410 0.0002 12
1741076456716 0.0002 13
1741076717629 0.0002 14
1741076958629 0.0002 15
1741077205508 0.0002 16
1741077446728 0.0002 17
1741077695965 0.0002 18
1741077949007 0.0002 19
1741078205530 0.0002 20
1741078467361 0.0002 21
1741078683525 0.0002 22
1741078871508 0.0002 23
1741079054002 0.0002 24
1741079238330 0.0002 25
1741079423375 0.0002 26
1741079610092 0.0002 27
1741079798779 0.0002 28
1741079990011 0.0002 29
1741080183758 0.0002 30
1741080380418 0.0002 31
1741080577717 0.0002 32
1741080849215 0.0002 33
1741081145362 0.0002 34
1741081446584 0.0002 35
1741081749414 0.0002 36
1741082054546 0.0002 37
1741082362504 0.0002 38
1741082676925 0.0002 39
1741082988397 0.0002 40
1741083232226 0.0002 41
1741083512926 0.0002 42
