1741073711794 0.4119035303592682 0
1741073873698 0.1401524841785431 1
1741074048376 0.10372882336378098 2
1741074244658 0.08914616703987122 3
1741074459026 0.08130704611539841 4
1741074674204 0.07687073945999146 5
1741074895426 0.07292325049638748 6
1741075123586 0.07034670561552048 7
1741075346622 0.06786592304706573 8
1741075569084 0.06601332128047943 9
1741075756918 0.06418457627296448 10
1741075986794 0.0621924065053463 11
1741076220414 0.06082718074321747 12
1741076456723 0.059441544115543365 13
1741076717633 0.058354977518320084 14
1741076958634 0.057585105299949646 15
1741077205527 0.056118205189704895 16
1741077446739 0.05521336570382118 17
1741077695969 0.05454931780695915 18
1741077949092 0.053210631012916565 19
1741078205533 0.05246885120868683 20
1741078467399 0.05175643786787987 21
1741078683531 0.05067134276032448 22
1741078871512 0.050304118543863297 23
1741079054008 0.049467552453279495 24
1741079238335 0.048997581005096436 25
1741079423380 0.04822880029678345 26
1741079610096 0.04770651087164879 27
1741079798783 0.04710576310753822 28
1741079990015 0.04652822017669678 29
1741080183763 0.04600482061505318 30
1741080380423 0.04558533430099487 31
1741080577721 0.0449841246008873 32
1741080849225 0.044869840145111084 33
1741081145368 0.044366009533405304 34
1741081446589 0.043995074927806854 35
1741081749426 0.043636493384838104 36
1741082054565 0.04305776208639145 37
1741082362511 0.04303191974759102 38
1741082676929 0.042654722929000854 39
1741082988401 0.042343053966760635 40
1741083232230 0.04184107482433319 41
1741083512931 0.04144790396094322 42
