1741084966004 0.0 0
1741084976094 23.9 1
1741084986181 22.3 2
1741084996349 22.4 3
1741085006441 26.1 4
1741085016518 11.4 5
1741085026600 23.0 6
1741085036685 21.5 7
1741085047057 21.0 8
1741085057180 24.9 9
1741085067265 16.7 10
1741085077340 22.5 11
1741085087755 20.0 12
1741085097889 19.8 13
1741085108003 27.9 14
1741085118087 14.9 15
1741085128163 20.8 16
1741085138252 22.0 17
1741085148376 18.4 18
1741085158447 32.6 19
1741085168534 21.4 20
1741085178669 34.2 21
1741085188756 38.8 22
1741085198845 39.2 23
1741085208955 25.0 24
1741085219050 27.3 25
1741085229137 17.3 26
1741085239179 23.2 27
1741085249272 26.8 28
1741085259344 19.4 29
1741085269375 25.3 30
1741085279492 25.9 31
1741085289547 18.4 32
1741085299645 24.5 33
1741085309681 27.3 34
1741085319773 25.7 35
1741085329821 33.5 36
1741085339917 29.6 37
1741085350353 30.5 38
1741085360400 35.7 39
1741085370531 38.4 40
1741085380579 32.7 41
1741085390621 28.6 42
1741085400744 29.5 43
1741085410787 17.0 44
1741085420860 26.3 45
1741085430993 26.4 46
1741085441035 38.9 47
1741085451515 38.4 48
1741085461629 26.6 49
1741085471703 17.3 50
