1741084966004 46.1 0
1741084976094 46.1 1
1741084986181 46.1 2
1741084996349 46.1 3
1741085006441 46.1 4
1741085016518 46.1 5
1741085026600 46.1 6
1741085036685 46.1 7
1741085047057 46.1 8
1741085057180 46.1 9
1741085067265 46.1 10
1741085077340 46.1 11
1741085087755 46.1 12
1741085097889 46.1 13
1741085108003 46.1 14
1741085118087 46.1 15
1741085128163 46.1 16
1741085138252 46.1 17
1741085148376 46.1 18
1741085158447 46.1 19
1741085168534 46.1 20
1741085178669 46.1 21
1741085188756 46.1 22
1741085198845 46.1 23
1741085208955 46.1 24
1741085219050 46.1 25
1741085229137 46.1 26
1741085239179 46.1 27
1741085249272 46.1 28
1741085259344 46.1 29
1741085269375 46.1 30
1741085279492 46.1 31
1741085289547 46.1 32
1741085299645 46.1 33
1741085309681 46.1 34
1741085319773 46.1 35
1741085329821 46.1 36
1741085339917 46.1 37
1741085350353 46.1 38
1741085360400 46.1 39
1741085370531 46.1 40
1741085380579 46.1 41
1741085390621 46.1 42
1741085400744 46.1 43
1741085410787 46.1 44
1741085420860 46.1 45
1741085430993 46.1 46
1741085441035 46.1 47
1741085451515 46.1 48
1741085461629 46.1 49
1741085471703 46.1 50
