1741084966004 295338.7 0
1741084976094 295338.7 1
1741084986181 295338.7 2
1741084996349 295338.7 3
1741085006441 295338.7 4
1741085016518 295326.9 5
1741085026600 295326.9 6
1741085036685 295326.9 7
1741085047057 295326.9 8
1741085057180 295326.9 9
1741085067265 295326.2 10
1741085077340 295326.2 11
1741085087755 295326.2 12
1741085097889 295326.2 13
1741085108003 295325.7 14
1741085118087 295325.7 15
1741085128163 295325.7 16
1741085138252 295325.7 17
1741085148376 295325.7 18
1741085158447 295325.7 19
1741085168534 295325.2 20
1741085178669 295325.2 21
1741085188756 295325.2 22
1741085198845 295325.1 23
1741085208955 295325.1 24
1741085219050 295324.6 25
1741085229137 295324.6 26
1741085239179 295324.6 27
1741085249272 295324.6 28
1741085259344 295324.6 29
1741085269375 295324.6 30
1741085279492 295324.1 31
1741085289547 295324.1 32
1741085299645 295324.1 33
1741085309681 295324.1 34
1741085319773 295324.1 35
1741085329821 295324.1 36
1741085339917 295323.7 37
1741085350353 295323.7 38
1741085360400 295323.7 39
1741085370531 295323.7 40
1741085380579 295323.7 41
1741085390621 295323.7 42
1741085400744 295323.2 43
1741085410787 295323.2 44
1741085420860 295323.2 45
1741085430993 295317.0 46
1741085441035 295317.0 47
1741085451515 295317.0 48
1741085461629 295317.0 49
1741085471703 295316.5 50
