1741084966004 253020.4 0
1741084976094 253020.4 1
1741084986181 253020.4 2
1741084996349 253020.4 3
1741085006441 253020.4 4
1741085016518 253032.2 5
1741085026600 253032.2 6
1741085036685 253032.2 7
1741085047057 253032.2 8
1741085057180 253032.2 9
1741085067265 253032.9 10
1741085077340 253032.9 11
1741085087755 253032.9 12
1741085097889 253032.9 13
1741085108003 253033.4 14
1741085118087 253033.4 15
1741085128163 253033.4 16
1741085138252 253033.4 17
1741085148376 253033.4 18
1741085158447 253033.4 19
1741085168534 253034.0 20
1741085178669 253034.0 21
1741085188756 253034.0 22
1741085198845 253034.0 23
1741085208955 253034.0 24
1741085219050 253034.5 25
1741085229137 253034.5 26
1741085239179 253034.5 27
1741085249272 253034.5 28
1741085259344 253034.5 29
1741085269375 253034.5 30
1741085279492 253035.0 31
1741085289547 253035.0 32
1741085299645 253035.0 33
1741085309681 253035.0 34
1741085319773 253035.0 35
1741085329821 253035.0 36
1741085339917 253035.5 37
1741085350353 253035.5 38
1741085360400 253035.5 39
1741085370531 253035.5 40
1741085380579 253035.5 41
1741085390621 253035.5 42
1741085400744 253035.9 43
1741085410787 253035.9 44
1741085420860 253035.9 45
1741085430993 253042.1 46
1741085441035 253042.1 47
1741085451515 253042.1 48
1741085461629 253042.1 49
1741085471703 253042.6 50
