1741084966004 0.0 0
1741084976094 1.4211060000002362 1
1741084986181 2.2507080000000315 2
1741084996349 9.541197000000466 3
1741085006441 12.348633000000518 4
1741085016518 13.623763999999937 5
1741085026600 15.02798200000052 6
1741085036685 16.920807000000423 7
1741085047057 19.77331299999969 8
1741085057180 21.362790000000132 9
1741085067265 22.360373999999865 10
1741085077340 23.91754800000035 11
1741085087755 24.887338999999884 12
1741085097889 24.921981999999844 13
1741085108003 24.975658999999723 14
1741085118087 25.011765000000196 15
1741085128163 25.034915000000183 16
1741085138252 25.061545999999908 17
1741085148376 28.96121099999982 18
1741085158447 31.401918999999907 19
1741085168534 32.78619299999991 20
1741085178669 34.830283000000236 21
1741085188756 35.85140599999977 22
1741085198845 37.873695000000225 23
1741085208955 39.34828800000014 24
1741085219050 40.93059799999992 25
1741085229137 41.98231200000009 26
1741085239179 42.559400000000096 27
1741085249272 43.39570000000003 28
1741085259344 44.366007999999965 29
1741085269375 45.12469200000032 30
1741085279492 45.919057000000066 31
1741085289547 46.97298099999989 32
1741085299645 48.10270500000024 33
1741085309681 48.99425700000029 34
1741085319773 50.531160000000455 35
1741085329821 51.708192000000054 36
1741085339917 52.870499000000564 37
1741085350353 53.89214400000037 38
1741085360400 55.52026100000057 39
1741085370531 56.86721899999975 40
1741085380579 58.35726100000011 41
1741085390621 59.18005799999992 42
1741085400744 61.0274559999998 43
1741085410787 61.14219299999968 44
1741085420860 61.22937300000012 45
1741085430993 61.39169599999968 46
1741085441035 62.67078399999991 47
1741085451515 63.06553900000017 48
1741085461629 72.57998000000043 49
1741085471703 73.63139500000034 50
