1741084966004 0.0 0
1741084976094 1.4135699999997087 1
1741084986181 2.2464579999996204 2
1741084996349 9.530921999999919 3
1741085006441 12.332626000000346 4
1741085016518 13.613452999999936 5
1741085026600 15.014008999999533 6
1741085036685 16.901448999999957 7
1741085047057 19.748137999999926 8
1741085057180 21.339678999999705 9
1741085067265 22.32762399999956 10
1741085077340 23.88431800000035 11
1741085087755 24.850714000000153 12
1741085097889 24.878977000000305 13
1741085108003 24.94082199999957 14
1741085118087 24.972222999999758 15
1741085128163 24.9947430000002 16
1741085138252 25.02167300000019 17
1741085148376 28.921846999999616 18
1741085158447 31.351290999999947 19
1741085168534 32.73992999999973 20
1741085178669 34.768669999999474 21
1741085188756 35.78306900000007 22
1741085198845 37.792583999999806 23
1741085208955 39.26129700000001 24
1741085219050 40.83476400000018 25
1741085229137 41.88554199999999 26
1741085239179 42.4549879999995 27
1741085249272 43.287248999999974 28
1741085259344 44.256295999999566 29
1741085269375 45.010543000000325 30
1741085279492 45.80000399999972 31
1741085289547 46.844852000000174 32
1741085299645 47.95690800000011 33
1741085309681 48.845180000000255 34
1741085319773 50.37835100000029 35
1741085329821 52.123413999999684 36
1741085339917 55.78069899999991 37
1741085350353 57.315026999999645 38
1741085360400 64.25338699999975 39
1741085370531 67.91213100000004 40
1741085380579 72.40713599999981 41
1741085390621 74.0239730000003 42
1741085400744 76.09721799999988 43
1741085410787 76.43065500000012 44
1741085420860 76.56263500000023 45
1741085430993 81.55050399999982 46
1741085441035 81.95735700000023 47
1741085451515 85.79294200000004 48
1741085461629 101.17391700000007 49
1741085471703 104.27052399999957 50
