1741084966004 10408.6 0
1741084976094 11228.2 1
1741084986181 11345.8 2
1741084996349 11453.4 3
1741085006441 11565.1 4
1741085016518 11582.3 5
1741085026600 11699.9 6
1741085036685 11850.2 7
1741085047057 11943.9 8
1741085057180 11649.9 9
1741085067265 11726.2 10
1741085077340 11823.2 11
1741085087755 11921.8 12
1741085097889 11675.5 13
1741085108003 11759.6 14
1741085118087 11801.3 15
1741085128163 11786.8 16
1741085138252 11861.4 17
1741085148376 11704.9 18
1741085158447 12033.8 19
1741085168534 12131.2 20
1741085178669 12171.8 21
1741085188756 12061.8 22
1741085198845 12137.2 23
1741085208955 11903.9 24
1741085219050 11987.3 25
1741085229137 11978.8 26
1741085239179 12106.2 27
1741085249272 12212.3 28
1741085259344 12248.0 29
1741085269375 12011.8 30
1741085279492 12568.7 31
1741085289547 12258.5 32
1741085299645 12321.2 33
1741085309681 12366.2 34
1741085319773 12378.3 35
1741085329821 12512.1 36
1741085339917 13033.2 37
1741085350353 13330.9 38
1741085360400 13652.4 39
1741085370531 13978.2 40
1741085380579 13969.8 41
1741085390621 13138.2 42
1741085400744 13156.3 43
1741085410787 13186.4 44
1741085420860 13156.4 45
1741085430993 13203.0 46
1741085441035 14438.8 47
1741085451515 14449.3 48
1741085461629 14391.5 49
1741085471703 14242.4 50
