1741084966004 61.7 0
1741084976094 66.6 1
1741084986181 67.3 2
1741084996349 67.9 3
1741085006441 68.6 4
1741085016518 68.7 5
1741085026600 69.4 6
1741085036685 70.3 7
1741085047057 70.8 8
1741085057180 69.1 9
1741085067265 69.5 10
1741085077340 70.1 11
1741085087755 70.7 12
1741085097889 69.2 13
1741085108003 69.7 14
1741085118087 70.0 15
1741085128163 69.9 16
1741085138252 70.3 17
1741085148376 69.4 18
1741085158447 71.3 19
1741085168534 71.9 20
1741085178669 72.2 21
1741085188756 71.5 22
1741085198845 72.0 23
1741085208955 70.6 24
1741085219050 71.1 25
1741085229137 71.0 26
1741085239179 71.8 27
1741085249272 72.4 28
1741085259344 72.6 29
1741085269375 71.2 30
1741085279492 74.5 31
1741085289547 72.7 32
1741085299645 73.0 33
1741085309681 73.3 34
1741085319773 73.4 35
1741085329821 74.2 36
1741085339917 77.3 37
1741085350353 79.0 38
1741085360400 80.9 39
1741085370531 82.9 40
1741085380579 82.8 41
1741085390621 77.9 42
1741085400744 78.0 43
1741085410787 78.2 44
1741085420860 78.0 45
1741085430993 78.3 46
1741085441035 85.6 47
1741085451515 85.7 48
1741085461629 85.3 49
1741085471703 84.4 50
