1741084965901 0.0 0
1741084975967 23.4 1
1741084986044 22.7 2
1741084996126 22.3 3
1741085006406 26.4 4
1741085016485 11.3 5
1741085026558 23.2 6
1741085036641 21.5 7
1741085047048 20.8 8
1741085057148 24.9 9
1741085067232 16.7 10
1741085077318 22.5 11
1741085087759 20.0 12
1741085097880 19.9 13
1741085107975 27.9 14
1741085118056 14.9 15
1741085128150 20.7 16
1741085138244 22.0 17
1741085148314 18.4 18
1741085158386 32.8 19
1741085168505 21.4 20
1741085178613 34.0 21
1741085188702 38.9 22
1741085198790 39.2 23
1741085208878 24.8 24
1741085218960 27.4 25
1741085229056 17.3 26
1741085239100 23.2 27
1741085249187 26.8 28
1741085259344 19.3 29
1741085269407 25.2 30
1741085279494 25.9 31
1741085289547 18.4 32
1741085299671 24.5 33
1741085309714 27.3 34
1741085319860 25.6 35
1741085329903 33.8 36
1741085340012 29.1 37
1741085350354 30.6 38
1741085360451 35.8 39
1741085370562 38.6 40
1741085380622 32.6 41
1741085390670 28.6 42
1741085400755 29.5 43
1741085410823 17.0 44
1741085420890 26.3 45
1741085431059 26.4 46
1741085441098 38.8 47
1741085451515 38.3 48
1741085461619 26.7 49
1741085471656 17.2 50
