1741084965901 295338.7 0
1741084975967 295338.7 1
1741084986044 295338.7 2
1741084996126 295338.7 3
1741085006406 295338.7 4
1741085016485 295326.9 5
1741085026558 295326.9 6
1741085036641 295326.9 7
1741085047048 295326.9 8
1741085057148 295326.9 9
1741085067232 295326.2 10
1741085077318 295326.2 11
1741085087759 295326.2 12
1741085097880 295326.2 13
1741085107975 295325.7 14
1741085118056 295325.7 15
1741085128150 295325.7 16
1741085138244 295325.7 17
1741085148314 295325.7 18
1741085158386 295325.7 19
1741085168505 295325.2 20
1741085178613 295325.2 21
1741085188702 295325.2 22
1741085198790 295325.1 23
1741085208878 295325.1 24
1741085218960 295324.6 25
1741085229056 295324.6 26
1741085239100 295324.6 27
1741085249187 295324.6 28
1741085259344 295324.6 29
1741085269407 295324.6 30
1741085279494 295324.1 31
1741085289547 295324.1 32
1741085299671 295324.1 33
1741085309714 295324.1 34
1741085319860 295324.1 35
1741085329903 295324.1 36
1741085340012 295323.7 37
1741085350354 295323.7 38
1741085360451 295323.7 39
1741085370562 295323.7 40
1741085380622 295323.7 41
1741085390670 295323.7 42
1741085400755 295323.2 43
1741085410823 295323.2 44
1741085420890 295323.2 45
1741085431059 295317.0 46
1741085441098 295317.0 47
1741085451515 295317.0 48
1741085461619 295317.0 49
1741085471656 295316.5 50
