1741084965901 253020.4 0
1741084975967 253020.4 1
1741084986044 253020.4 2
1741084996126 253020.4 3
1741085006406 253020.4 4
1741085016485 253032.2 5
1741085026558 253032.2 6
1741085036641 253032.2 7
1741085047048 253032.2 8
1741085057148 253032.2 9
1741085067232 253032.9 10
1741085077318 253032.9 11
1741085087759 253032.9 12
1741085097880 253032.9 13
1741085107975 253033.4 14
1741085118056 253033.4 15
1741085128150 253033.4 16
1741085138244 253033.4 17
1741085148314 253033.4 18
1741085158386 253033.4 19
1741085168505 253034.0 20
1741085178613 253034.0 21
1741085188702 253034.0 22
1741085198790 253034.0 23
1741085208878 253034.0 24
1741085218960 253034.5 25
1741085229056 253034.5 26
1741085239100 253034.5 27
1741085249187 253034.5 28
1741085259344 253034.5 29
1741085269407 253034.5 30
1741085279494 253035.0 31
1741085289547 253035.0 32
1741085299671 253035.0 33
1741085309714 253035.0 34
1741085319860 253035.0 35
1741085329903 253035.0 36
1741085340012 253035.5 37
1741085350354 253035.5 38
1741085360451 253035.5 39
1741085370562 253035.5 40
1741085380622 253035.5 41
1741085390670 253035.5 42
1741085400755 253035.9 43
1741085410823 253035.9 44
1741085420890 253035.9 45
1741085431059 253042.1 46
1741085441098 253042.1 47
1741085451515 253042.1 48
1741085461619 253042.1 49
1741085471656 253042.6 50
