1741084965901 46.1 0
1741084975967 46.1 1
1741084986044 46.1 2
1741084996126 46.1 3
1741085006406 46.1 4
1741085016485 46.1 5
1741085026558 46.1 6
1741085036641 46.1 7
1741085047048 46.1 8
1741085057148 46.1 9
1741085067232 46.1 10
1741085077318 46.1 11
1741085087759 46.1 12
1741085097880 46.1 13
1741085107975 46.1 14
1741085118056 46.1 15
1741085128150 46.1 16
1741085138244 46.1 17
1741085148314 46.1 18
1741085158386 46.1 19
1741085168505 46.1 20
1741085178613 46.1 21
1741085188702 46.1 22
1741085198790 46.1 23
1741085208878 46.1 24
1741085218960 46.1 25
1741085229056 46.1 26
1741085239100 46.1 27
1741085249187 46.1 28
1741085259344 46.1 29
1741085269407 46.1 30
1741085279494 46.1 31
1741085289547 46.1 32
1741085299671 46.1 33
1741085309714 46.1 34
1741085319860 46.1 35
1741085329903 46.1 36
1741085340012 46.1 37
1741085350354 46.1 38
1741085360451 46.1 39
1741085370562 46.1 40
1741085380622 46.1 41
1741085390670 46.1 42
1741085400755 46.1 43
1741085410823 46.1 44
1741085420890 46.1 45
1741085431059 46.1 46
1741085441098 46.1 47
1741085451515 46.1 48
1741085461619 46.1 49
1741085471656 46.1 50
