1741084965901 0.0 0
1741084975967 1.420839000000342 1
1741084986044 2.2507080000000315 2
1741084996126 9.448457000000417 3
1741085006406 12.347445000000334 4
1741085016485 13.623709999999846 5
1741085026558 15.02798200000052 6
1741085036641 16.920807000000423 7
1741085047048 19.77331299999969 8
1741085057148 21.362715000000208 9
1741085067232 22.360373999999865 10
1741085077318 23.91754800000035 11
1741085087759 24.887338999999884 12
1741085097880 24.921981999999844 13
1741085107975 24.975400999999692 14
1741085118056 25.011765000000196 15
1741085128150 25.034915000000183 16
1741085138244 25.061545999999908 17
1741085148314 28.96121099999982 18
1741085158386 31.40172100000018 19
1741085168505 32.78619299999991 20
1741085178613 34.830283000000236 21
1741085188702 35.85140599999977 22
1741085198790 37.873641000000134 23
1741085208878 39.34828800000014 24
1741085218960 40.93059799999992 25
1741085229056 41.98231200000009 26
1741085239100 42.559400000000096 27
1741085249187 43.39570000000003 28
1741085259344 44.366007999999965 29
1741085269407 45.12469200000032 30
1741085279494 45.919057000000066 31
1741085289547 46.97298099999989 32
1741085299671 48.10270500000024 33
1741085309714 48.99425700000029 34
1741085319860 50.531160000000455 35
1741085329903 51.740631000000576 36
1741085340012 52.870499000000564 37
1741085350354 53.89706600000045 38
1741085360451 55.52026100000057 39
1741085370562 56.868875000000116 40
1741085380622 58.35726100000011 41
1741085390670 59.18005799999992 42
1741085400755 61.028902000000016 43
1741085410823 61.14219299999968 44
1741085420890 61.22937300000012 45
1741085431059 61.39169599999968 46
1741085441098 62.670892000000094 47
1741085451515 63.07485199999974 48
1741085461619 72.5807160000004 49
1741085471656 73.63128700000016 50
