1741084965901 0.0 0
1741084975967 1.4119940000000497 1
1741084986044 2.245654000000286 2
1741084996126 9.438062000000173 3
1741085006406 12.33017800000016 4
1741085016485 13.613392999999633 5
1741085026558 15.014008999999533 6
1741085036641 16.901388999999654 7
1741085047048 19.748137999999926 8
1741085057148 21.33960399999978 9
1741085067232 22.32762399999956 10
1741085077318 23.88431800000035 11
1741085087759 24.850714000000153 12
1741085097880 24.878977000000305 13
1741085107975 24.932455000000118 14
1741085118056 24.972222999999758 15
1741085128150 24.9947430000002 16
1741085138244 25.02167300000019 17
1741085148314 28.921846999999616 18
1741085158386 31.350822999999764 19
1741085168505 32.73963099999946 20
1741085178613 34.768669999999474 21
1741085188702 35.78306900000007 22
1741085198790 37.7925239999995 23
1741085208878 39.26129700000001 24
1741085218960 40.834703999999874 25
1741085229056 41.88554199999999 26
1741085239100 42.45492800000011 27
1741085249187 43.287248999999974 28
1741085259344 44.256295999999566 29
1741085269407 45.010543000000325 30
1741085279494 45.80000399999972 31
1741085289547 46.844852000000174 32
1741085299671 47.95690800000011 33
1741085309714 48.845180000000255 34
1741085319860 50.37835100000029 35
1741085329903 52.125778999999966 36
1741085340012 55.78069899999991 37
1741085350354 57.42090999999982 38
1741085360451 64.25344700000005 39
1741085370562 67.9787839999999 40
1741085380622 72.40713599999981 41
1741085390670 74.0239730000003 42
1741085400755 76.09872399999949 43
1741085410823 76.43065500000012 44
1741085420890 76.56263500000023 45
1741085431059 81.55050399999982 46
1741085441098 81.95911999999953 47
1741085451515 85.87108100000023 48
1741085461619 101.18043099999977 49
1741085471656 104.2645480000001 50
