1741084965901 61.7 0
1741084975967 66.5 1
1741084986044 67.2 2
1741084996126 67.9 3
1741085006406 68.5 4
1741085016485 68.7 5
1741085026558 69.4 6
1741085036641 70.3 7
1741085047048 70.8 8
1741085057148 69.1 9
1741085067232 69.5 10
1741085077318 70.1 11
1741085087759 70.7 12
1741085097880 69.2 13
1741085107975 69.7 14
1741085118056 70.0 15
1741085128150 69.9 16
1741085138244 70.3 17
1741085148314 69.4 18
1741085158386 71.3 19
1741085168505 71.9 20
1741085178613 72.2 21
1741085188702 71.5 22
1741085198790 72.0 23
1741085208878 70.6 24
1741085218960 71.1 25
1741085229056 71.0 26
1741085239100 71.8 27
1741085249187 72.4 28
1741085259344 72.6 29
1741085269407 71.2 30
1741085279494 74.5 31
1741085289547 72.7 32
1741085299671 73.1 33
1741085309714 73.3 34
1741085319860 73.4 35
1741085329903 74.2 36
1741085340012 77.3 37
1741085350354 79.0 38
1741085360451 80.9 39
1741085370562 82.9 40
1741085380622 82.8 41
1741085390670 77.9 42
1741085400755 78.0 43
1741085410823 78.2 44
1741085420890 78.0 45
1741085431059 78.4 46
1741085441098 85.6 47
1741085451515 85.7 48
1741085461619 85.3 49
1741085471656 84.4 50
