1741084965901 10406.9 0
1741084975967 11219.7 1
1741084986044 11331.7 2
1741084996126 11453.0 3
1741085006406 11559.9 4
1741085016485 11582.3 5
1741085026558 11698.8 6
1741085036641 11849.7 7
1741085047048 11944.1 8
1741085057148 11649.4 9
1741085067232 11726.2 10
1741085077318 11822.8 11
1741085087759 11921.3 12
1741085097880 11676.2 13
1741085107975 11759.2 14
1741085118056 11803.5 15
1741085128150 11786.5 16
1741085138244 11861.4 17
1741085148314 11704.8 18
1741085158386 12032.9 19
1741085168505 12131.2 20
1741085178613 12171.4 21
1741085188702 12060.7 22
1741085198790 12136.7 23
1741085208878 11902.8 24
1741085218960 11985.7 25
1741085229056 11975.7 26
1741085239100 12107.1 27
1741085249187 12211.2 28
1741085259344 12247.9 29
1741085269407 12009.2 30
1741085279494 12572.2 31
1741085289547 12259.3 32
1741085299671 12321.6 33
1741085309714 12364.8 34
1741085319860 12379.2 35
1741085329903 12512.3 36
1741085340012 13035.2 37
1741085350354 13329.2 38
1741085360451 13652.4 39
1741085370562 13978.3 40
1741085380622 13970.3 41
1741085390670 13138.6 42
1741085400755 13156.2 43
1741085410823 13187.3 44
1741085420890 13156.4 45
1741085431059 13225.1 46
1741085441098 14438.8 47
1741085451515 14455.1 48
1741085461619 14389.1 49
1741085471656 14243.6 50
