1741136234610 0.0 0
1741136246146 19.5 1
1741136256182 17.0 2
1741136267521 17.7 3
1741136277539 17.5 4
1741136289186 22.1 5
1741136299211 16.2 6
1741136310481 17.9 7
1741136320511 17.2 8
1741136331580 19.4 9
1741136341612 15.3 10
1741136352881 20.3 11
1741136363634 13.3 12
1741136374194 19.0 13
1741136384383 16.8 14
1741136395035 19.1 15
1741136405562 19.3 16
1741136415630 16.8 17
1741136427322 18.4 18
1741136437384 13.5 19
1741136448883 19.7 20
1741136458924 16.0 21
1741136469973 19.9 22
1741136480012 16.5 23
1741136490971 16.6 24
1741136501015 16.0 25
1741136512109 20.0 26
1741136522177 14.2 27
1741136533300 18.9 28
1741136543367 16.8 29
1741136553601 18.8 30
1741136563801 11.0 31
1741136573993 17.4 32
1741136584129 18.1 33
1741136594288 15.2 34
1741136604763 18.3 35
1741136614840 17.0 36
1741136626811 14.3 37
1741136636852 14.7 38
1741136647947 20.3 39
1741136658005 17.4 40
1741136669073 17.2 41
1741136679142 16.3 42
1741136690194 18.4 43
1741136700235 14.3 44
1741136711471 19.7 45
1741136721563 16.3 46
1741136732590 16.6 47
1741136745474 16.8 48
1741136755785 14.9 49
1741136765937 18.3 50
1741136776259 15.8 51
1741136786539 17.7 52
1741136796755 18.6 53
1741136806794 15.3 54
1741136818205 18.8 55
1741136828244 13.3 56
1741136839437 19.5 57
1741136849502 14.4 58
1741136860804 19.5 59
1741136870876 16.4 60
1741136881996 17.1 61
1741136892034 16.3 62
1741136903713 20.1 63
1741136913741 15.6 64
1741136925096 17.1 65
1741136935124 16.5 66
1741136945710 19.0 67
1741136956086 11.4 68
1741136966748 18.3 69
1741136977244 17.1 70
1741136987680 15.3 71
1741136998119 19.3 72
1741137008197 17.9 73
1741137020207 15.4 74
1741137030244 13.5 75
1741137041846 20.2 76
1741137051910 15.9 77
1741137063349 17.4 78
1741137073416 16.9 79
1741137085183 19.9 80
1741137095250 16.2 81
1741137106518 16.4 82
1741137116587 15.5 83
1741137127972 19.8 84
1741137140911 13.4 85
1741137151370 14.5 86
1741137161753 18.2 87
1741137172318 17.2 88
1741137182905 15.3 89
1741137193272 18.5 90
1741137203309 17.7 91
1741137214817 16.0 92
1741137224867 13.0 93
1741137236700 20.4 94
1741137246807 16.1 95
1741137258224 16.6 96
1741137268288 16.3 97
1741137279863 19.2 98
1741137289935 15.9 99
1741137301575 17.2 100
1741137311647 15.9 101
1741137323294 20.0 102
1741137333350 13.5 103
1741137344220 19.1 104
1741137354677 13.8 105
1741137364982 18.2 106
1741137375529 15.5 107
1741137386045 18.2 108
1741137396592 17.3 109
1741137406672 15.5 110
1741137416721 18.2 111
1741137427999 15.7 112
1741137438046 12.9 113
1741137449945 19.4 114
1741137460024 16.3 115
1741137471728 18.5 116
1741137481759 14.7 117
1741137493448 19.9 118
1741137503542 15.9 119
1741137515165 16.1 120
1741137525231 16.5 121
1741137536579 19.3 122
1741137548616 16.7 123
1741137559315 14.7 124
1741137570154 18.3 125
1741137580906 18.4 126
1741137591442 17.4 127
1741137601763 15.6 128
1741137616802 16.4 129
1741137626856 15.0 130
1741137638673 19.9 131
1741137648721 13.6 132
1741137660816 20.7 133
1741137670873 16.0 134
1741137682927 18.8 135
1741137692973 14.5 136
1741137703047 26.3 137
1741137713111 21.3 138
1741137723162 18.9 139
1741137735424 22.7 140
1741137748825 16.8 141
1741137759346 13.8 142
1741137770204 15.4 143
1741137780882 17.6 144
1741137792596 17.2 145
1741137803128 21.7 146
1741137813209 15.3 147
1741137825296 16.8 148
1741137835368 13.9 149
1741137847471 20.1 150
1741137857518 13.4 151
1741137869324 19.2 152
1741137879421 16.2 153
1741137891261 16.2 154
1741137901332 15.4 155
1741137913435 19.9 156
1741137923523 15.1 157
1741137935394 16.2 158
1741137945472 16.3 159
1741137957103 18.0 160
1741137967845 13.1 161
1741137978624 15.2 162
1741137989462 17.7 163
1741138000543 18.2 164
1741138011400 16.5 165
1741138021478 15.4 166
1741138031525 17.3 167
1741138043362 15.1 168
1741138053407 14.6 169
1741138065509 18.6 170
1741138075589 17.5 171
1741138087867 19.4 172
1741138097916 13.8 173
1741138110121 19.2 174
1741138120226 15.5 175
1741138132456 17.2 176
1741138142533 15.3 177
1741138154645 19.9 178
1741138166898 14.8 179
1741138177662 13.9 180
1741138188458 15.1 181
1741138199089 17.5 182
1741138209836 17.1 183
1741138220320 14.6 184
1741138230394 17.7 185
1741138240452 16.9 186
1741138250532 12.8 187
1741138262472 17.9 188
1741138272524 16.1 189
1741138284742 18.8 190
1741138294768 13.5 191
1741138307092 19.4 192
1741138317143 15.6 193
1741138329530 19.9 194
1741138339586 13.1 195
1741138349644 19.0 196
1741138360565 18.1 197
1741138372793 13.1 198
1741138383691 14.2 199
1741138394744 17.4 200
1741138405520 17.1 201
1741138416511 14.7 202
1741138427260 16.7 203
1741138437344 17.1 204
1741138447454 17.2 205
1741138457494 14.2 206
1741138467545 19.3 207
1741138477576 20.8 208
1741138490062 20.7 209
1741138500709 20.6 210
1741138510819 32.9 211
1741138523101 16.4 212
1741138533204 13.6 213
1741138543304 15.6 214
1741138555513 14.5 215
1741138565609 13.5 216
1741138578181 16.3 217
1741138589404 10.6 218
1741138600245 15.4 219
1741138611105 15.0 220
1741138621937 15.3 221
1741138632769 15.1 222
1741138642908 15.6 223
1741138654960 14.7 224
1741138665056 11.7 225
1741138677451 18.3 226
1741138687571 13.5 227
1741138699932 16.9 228
1741138710057 14.5 229
1741138720182 17.2 230
1741138730224 27.3 231
1741138740324 24.9 232
1741138750501 23.5 233
1741138760673 17.7 234
1741138770794 24.2 235
1741138780844 17.7 236
1741138790885 21.4 237
1741138800928 22.4 238
1741138811695 15.3 239
1741138822533 14.8 240
1741138833719 15.4 241
1741138844679 15.3 242
1741138855737 14.9 243
1741138865850 17.0 244
1741138875944 14.1 245
1741138888228 10.6 246
1741138898329 14.1 247
1741138908365 16.5 248
1741138920251 15.0 249
1741138930347 13.6 250
1741138940449 16.2 251
1741138951972 15.1 252
1741138962079 13.3 253
1741138972137 17.9 254
1741138983861 15.0 255
1741138993959 13.7 256
1741139008105 16.4 257
1741139020249 14.9 258
1741139032107 18.9 259
1741139043993 18.5 260
1741139055402 17.5 261
1741139067325 15.8 262
1741139077683 25.2 263
1741139091272 19.8 264
1741139101858 16.4 265
1741139111970 21.4 266
1741139124500 16.5 267
1741139134597 13.2 268
1741139144702 16.3 269
1741139156529 14.3 270
1741139166636 13.3 271
1741139176742 16.2 272
1741139188757 14.3 273
1741139198889 13.0 274
1741139208963 17.1 275
1741139220801 15.4 276
1741139233325 13.3 277
1741139244515 11.5 278
1741139255642 14.9 279
1741139266851 14.4 280
1741139278214 14.4 281
1741139291345 14.0 282
1741139304445 13.0 283
1741139314552 11.6 284
1741139324664 16.1 285
1741139336827 14.3 286
1741139346931 13.3 287
1741139357048 16.9 288
1741139368995 16.0 289
1741139379110 13.2 290
1741139389156 15.9 291
1741139400985 14.7 292
1741139411113 13.0 293
1741139421223 16.1 294
1741139432689 15.0 295
1741139442798 13.4 296
1741139453081 13.3 297
1741139464374 13.4 298
1741139475635 15.1 299
1741139487037 14.4 300
1741139498208 14.5 301
1741139508254 14.4 302
1741139518380 14.0 303
1741139530755 11.3 304
1741139540869 13.2 305
1741139550980 16.2 306
1741139563061 14.7 307
1741139573106 13.5 308
1741139583207 16.7 309
1741139596016 15.2 310
1741139606520 18.5 311
1741139616659 18.2 312
1741139626710 15.6 313
1741139636794 16.1 314
1741139646937 16.8 315
1741139657850 15.3 316
1741139667941 12.7 317
1741139680837 15.6 318
1741139691977 18.7 319
1741139702041 13.1 320
1741139713680 17.6 321
1741139726301 23.8 322
1741139736434 16.2 323
1741139749200 14.5 324
1741139759490 11.5 325
1741139769762 17.4 326
1741139779883 16.4 327
1741139790033 14.4 328
1741139800085 16.2 329
1741139810147 17.5 330
1741139820488 14.3 331
1741139830881 16.2 332
1741139840984 17.8 333
1741139851080 18.2 334
1741139861207 17.7 335
1741139871269 20.2 336
1741139881384 18.0 337
1741139894589 17.2 338
1741139906013 10.7 339
1741139918143 14.9 340
1741139930197 16.7 341
1741139942059 16.9 342
1741139953944 16.2 343
1741139964075 17.6 344
1741139977294 13.2 345
1741139987358 12.2 346
1741139997493 16.7 347
1741140009928 14.3 348
1741140020046 13.6 349
1741140030188 15.7 350
1741140040306 14.6 351
1741140052472 14.9 352
1741140062600 14.5 353
1741140072711 16.1 354
1741140082825 14.0 355
1741140095230 14.2 356
1741140105358 13.9 357
1741140115411 15.4 358
1741140126040 11.2 359
1741140137939 13.2 360
1741140149410 15.1 361
1741140160804 14.1 362
1741140172207 14.9 363
1741140182421 15.3 364
1741140195448 13.7 365
1741140205587 10.8 366
1741140215709 16.1 367
1741140228311 15.3 368
1741140238438 13.3 369
1741140248554 16.5 370
1741140258675 14.6 371
1741140270625 15.6 372
1741140280760 13.2 373
1741140290848 17.5 374
1741140300962 14.6 375
1741140313295 14.8 376
1741140323405 13.6 377
1741140333514 15.4 378
1741140344226 11.4 379
1741140356014 13.0 380
1741140367594 14.7 381
1741140379310 14.2 382
1741140390687 14.0 383
1741140400820 14.8 384
1741140413848 13.8 385
1741140423973 10.6 386
1741140434099 16.1 387
1741140444213 14.4 388
1741140456835 14.6 389
1741140466919 12.6 390
1741140477023 16.1 391
1741140487143 14.8 392
1741140499330 14.1 393
1741140509458 14.1 394
1741140519581 16.3 395
1741140529637 16.5 396
1741140542054 15.0 397
1741140552189 13.4 398
1741140563756 11.1 399
1741140575802 14.8 400
1741140587268 14.0 401
1741140598984 14.5 402
1741140610554 14.9 403
1741140620816 14.8 404
1741140634219 12.5 405
1741140644355 11.9 406
1741140654415 16.3 407
1741140664546 14.8 408
1741140676842 14.1 409
1741140686979 12.7 410
1741140697101 15.6 411
1741140707141 14.1 412
1741140719192 14.3 413
1741140729294 13.0 414
1741140739423 16.0 415
1741140749529 15.1 416
1741140761893 14.5 417
1741140771938 13.5 418
1741140783504 12.7 419
1741140795540 13.9 420
1741140807308 14.4 421
1741140819043 14.4 422
1741140830927 14.6 423
1741140841181 14.6 424
1741140854596 12.3 425
1741140864722 12.2 426
1741140874858 15.5 427
1741140884982 15.2 428
1741140897315 13.9 429
1741140907427 13.4 430
1741140917563 15.9 431
1741140927681 14.1 432
1741140939857 14.3 433
1741140949916 14.0 434
1741140960033 16.2 435
1741140970143 14.4 436
1741140982688 14.7 437
1741140992793 13.5 438
1741141004549 10.5 439
1741141016340 16.2 440
1741141028164 15.2 441
1741141040029 14.2 442
1741141051853 13.8 443
1741141062206 14.6 444
1741141077082 13.4 445
1741141087194 11.2 446
1741141097321 16.2 447
1741141107455 14.5 448
1741141117558 14.5 449
1741141127604 14.3 450
1741141137646 17.2 451
1741141149095 22.1 452
1741141161309 18.7 453
1741141173009 15.3 454
1741141183517 18.9 455
1741141194520 18.2 456
1741141204972 27.8 457
1741141215179 23.2 458
1741141230626 16.7 459
1741141243245 16.9 460
1741141256350 23.0 461
1741141266467 23.9 462
1741141277867 27.3 463
1741141290486 15.7 464
1741141305122 20.9 465
1741141320247 13.5 466
1741141330787 20.9 467
1741141340835 23.3 468
1741141350969 18.8 469
1741141361013 14.6 470
1741141371057 17.2 471
1741141381154 17.4 472
1741141393642 14.7 473
1741141403745 15.1 474
1741141413866 18.6 475
1741141423946 14.6 476
1741141434036 17.1 477
1741141444134 18.2 478
1741141456762 14.3 479
1741141466851 14.6 480
1741141478523 15.4 481
1741141490751 15.4 482
1741141502578 16.1 483
1741141514457 14.6 484
1741141526366 17.0 485
1741141536407 16.0 486
1741141546884 18.4 487
1741141557160 9.2 488
1741141567231 18.3 489
1741141577365 18.8 490
1741141587444 15.8 491
1741141597527 18.8 492
1741141607626 17.1 493
1741141620187 14.0 494
1741141630290 15.1 495
1741141640374 19.1 496
1741141650457 14.6 497
1741141660532 16.5 498
1741141670663 17.3 499
1741141683270 16.5 500
1741141693315 13.3 501
1741141705331 14.0 502
1741141717418 16.0 503
1741141729470 15.8 504
1741141741473 14.3 505
1741141753778 16.8 506
1741141763858 16.1 507
1741141773988 18.1 508
1741141784038 8.7 509
1741141794083 18.2 510
1741141804180 18.8 511
1741141814232 14.3 512
1741141824281 16.4 513
1741141834386 17.5 514
1741141844438 14.7 515
1741141854481 21.7 516
1741141864699 20.6 517
1741141875046 20.4 518
1741141885134 18.5 519
1741141895248 16.3 520
1741141905604 16.6 521
1741141916085 23.4 522
1741141926999 29.3 523
1741141937053 15.6 524
1741141949459 22.9 525
1741141962516 31.6 526
1741141972597 23.4 527
1741141984362 27.5 528
1741141999004 15.7 529
1741142015060 14.4 530
1741142025843 25.1 531
1741142036291 22.3 532
1741142047111 18.4 533
1741142058342 19.5 534
1741142070019 27.4 535
1741142081577 31.9 536
1741142093131 26.3 537
1741142103274 26.9 538
1741142113330 17.1 539
1741142123386 19.3 540
1741142133488 18.7 541
1741142143541 17.2 542
1741142153596 16.9 543
1741142168581 16.9 544
1741142180775 12.4 545
1741142192941 14.7 546
1741142205150 17.2 547
1741142217797 16.5 548
1741142230037 17.1 549
1741142240842 17.1 550
1741142255784 12.7 551
1741142265865 13.0 552
1741142275953 18.9 553
1741142286080 18.4 554
1741142296128 14.9 555
1741142306202 17.6 556
1741142316255 16.4 557
1741142326311 14.5 558
1741142336350 16.9 559
1741142346400 17.8 560
1741142356450 14.4 561
1741142366502 15.7 562
1741142376556 16.2 563
1741142386613 14.5 564
1741142400546 18.0 565
1741142413298 12.4 566
1741142425777 15.1 567
1741142437917 16.6 568
1741142450024 15.9 569
1741142462242 14.3 570
1741142473213 16.4 571
1741142487244 14.1 572
1741142497331 15.1 573
1741142507370 16.3 574
1741142517474 15.0 575
1741142527546 17.0 576
1741142537744 17.6 577
1741142548373 15.5 578
1741142559870 22.0 579
1741142571374 22.5 580
1741142582631 23.4 581
1741142593562 19.2 582
1741142604799 21.8 583
1741142616569 26.1 584
1741142627921 27.2 585
1741142638175 26.5 586
1741142649380 19.6 587
1741142659606 25.2 588
1741142671953 29.2 589
1741142682090 22.4 590
1741142694213 27.8 591
1741142704348 15.5 592
1741142716402 21.6 593
1741142726525 14.8 594
1741142738749 16.8 595
1741142749515 18.5 596
1741142760323 16.8 597
1741142771838 19.4 598
1741142782516 25.4 599
1741142793794 19.0 600
1741142805075 19.7 601
1741142816005 20.7 602
1741142827224 20.7 603
1741142838380 23.2 604
1741142849232 23.2 605
1741142859689 20.4 606
1741142870976 17.9 607
1741142882247 21.6 608
1741142893079 24.8 609
1741142904245 21.2 610
1741142914316 18.1 611
1741142927420 24.8 612
1741142937483 20.2 613
1741142949594 20.3 614
1741142962561 16.1 615
1741142975576 17.2 616
1741142985665 19.4 617
1741142998641 18.7 618
1741143008829 15.9 619
1741143019154 14.1 620
1741143030372 17.1 621
1741143041000 25.7 622
1741143051547 19.8 623
1741143061867 17.8 624
1741143072300 17.9 625
1741143082719 18.3 626
1741143093530 16.4 627
1741143104126 19.3 628
1741143114452 18.9 629
1741143125265 16.6 630
1741143136022 18.6 631
1741143148075 19.9 632
1741143161120 19.7 633
1741143173918 17.2 634
1741143186794 17.0 635
1741143199768 17.0 636
1741143212705 18.4 637
1741143224927 17.2 638
1741143240837 20.2 639
1741143251475 15.8 640
1741143261781 17.0 641
1741143272285 14.7 642
1741143282561 18.4 643
1741143292958 16.6 644
1741143303220 15.2 645
1741143313686 17.5 646
1741143324052 16.9 647
1741143335764 15.2 648
1741143346730 20.5 649
1741143357252 22.0 650
1741143367615 17.1 651
1741143378377 14.6 652
1741143389267 18.2 653
1741143400045 19.1 654
1741143412957 13.6 655
1741143423053 17.8 656
1741143435511 21.7 657
1741143448579 18.1 658
1741143462015 17.1 659
1741143474175 19.2 660
1741143490403 18.3 661
1741143501230 16.8 662
1741143512028 20.1 663
1741143522982 17.9 664
1741143533774 18.2 665
1741143544190 15.6 666
1741143555297 17.3 667
1741143565965 21.6 668
1741143576731 15.0 669
1741143587135 16.9 670
1741143597629 17.5 671
1741143608475 16.4 672
1741143619073 16.8 673
1741143629983 17.1 674
1741143640902 17.8 675
1741143651758 19.7 676
1741143661852 15.5 677
1741143673710 20.9 678
1741143686497 15.5 679
1741143699313 15.0 680
1741143709357 14.3 681
1741143721360 21.1 682
1741143731470 16.1 683
1741143741663 16.1 684
1741143751732 21.0 685
1741143761803 21.5 686
1741143772428 16.8 687
1741143782838 16.0 688
1741143793623 17.4 689
1741143804178 17.9 690
1741143815247 16.1 691
1741143825663 20.8 692
1741143836720 16.7 693
1741143847600 22.4 694
1741143858942 18.4 695
1741143870354 27.4 696
1741143881505 25.0 697
1741143892313 19.1 698
1741143903478 20.1 699
1741143913523 17.8 700
1741143925845 19.3 701
1741143935896 16.0 702
1741143948875 23.0 703
1741143958964 17.2 704
1741143971526 22.8 705
1741143981633 14.5 706
1741143996398 22.2 707
1741144007219 15.6 708
1741144018158 17.8 709
1741144029240 18.6 710
1741144040287 17.8 711
1741144052400 18.9 712
1741144064066 25.6 713
1741144075017 25.2 714
1741144085676 16.4 715
1741144096880 18.2 716
1741144107769 19.3 717
1741144119019 19.3 718
1741144130084 17.9 719
1741144141326 19.1 720
1741144152226 17.1 721
1741144163780 18.6 722
1741144173861 15.9 723
1741144183955 22.1 724
1741144197281 29.5 725
1741144207418 19.1 726
1741144219891 16.9 727
1741144229957 17.7 728
1741144240416 18.1 729
1741144256068 11.4 730
1741144266814 16.8 731
1741144277802 17.9 732
1741144288588 17.9 733
1741144299286 19.2 734
1741144310470 16.9 735
1741144321734 19.2 736
1741144332957 22.8 737
1741144344186 21.8 738
1741144356029 19.1 739
1741144368177 25.5 740
1741144379117 24.1 741
1741144389919 18.5 742
1741144400598 15.7 743
1741144411260 18.5 744
1741144422593 16.8 745
1741144432690 13.7 746
1741144445153 18.3 747
1741144455238 15.9 748
1741144467736 20.4 749
1741144477842 15.8 750
1741144490069 17.4 751
1741144500147 15.5 752
1741144511743 18.6 753
1741144522353 9.2 754
1741144532938 17.1 755
1741144543554 16.3 756
1741144553883 16.5 757
1741144564323 15.0 758
1741144575018 16.3 759
1741144585363 15.9 760
1741144595868 14.2 761
1741144606412 15.9 762
1741144616871 18.9 763
1741144627395 14.4 764
1741144638021 16.3 765
1741144648436 16.2 766
1741144658764 16.4 767
1741144669551 13.8 768
1741144679661 12.6 769
1741144691756 18.4 770
1741144701821 12.8 771
1741144713739 17.4 772
1741144723833 14.0 773
1741144735823 18.1 774
1741144745921 13.4 775
1741144759131 16.9 776
1741144770164 11.8 777
1741144780705 16.4 778
1741144791373 17.4 779
1741144802541 16.9 780
1741144813531 17.7 781
1741144824728 17.9 782
1741144836237 18.0 783
1741144847800 19.3 784
1741144858740 19.4 785
1741144869994 18.6 786
1741144881352 16.7 787
1741144892646 20.1 788
1741144904107 18.9 789
1741144914782 18.8 790
1741144927366 16.7 791
1741144937459 19.4 792
1741144950729 20.3 793
1741144963987 17.3 794
1741144974087 16.2 795
1741144986448 18.4 796
1741144996543 15.3 797
1741145006833 17.1 798
1741145020527 27.3 799
1741145031526 16.3 800
1741145042378 17.8 801
1741145053050 18.1 802
1741145064081 15.3 803
1741145074872 16.1 804
1741145085664 17.2 805
1741145096621 18.1 806
1741145108241 15.8 807
1741145119233 20.3 808
1741145130085 17.6 809
1741145140925 17.8 810
1741145151939 15.9 811
1741145163296 18.7 812
1741145174004 19.7 813
1741145185371 17.4 814
1741145195448 12.8 815
1741145208934 20.2 816
1741145219037 18.4 817
1741145229153 20.8 818
1741145242144 22.7 819
1741145252233 15.3 820
1741145263366 18.0 821
