1741136234610 252665.1 0
1741136246146 252665.1 1
1741136256182 252665.1 2
1741136267521 252665.1 3
1741136277539 252665.1 4
1741136289186 252665.1 5
1741136299211 252665.1 6
1741136310481 252665.1 7
1741136320511 252665.1 8
1741136331580 252665.1 9
1741136341612 252665.1 10
1741136352881 252665.1 11
1741136363634 252665.1 12
1741136374194 252665.1 13
1741136384383 252665.1 14
1741136395035 252665.1 15
1741136405562 252665.1 16
1741136415630 252665.1 17
1741136427322 252665.6 18
1741136437384 252676.9 19
1741136448883 252676.9 20
1741136458924 252676.9 21
1741136469973 252676.9 22
1741136480012 252676.9 23
1741136490971 252676.9 24
1741136501015 252676.9 25
1741136512109 252676.9 26
1741136522177 252676.9 27
1741136533300 252676.9 28
1741136543367 252676.9 29
1741136553601 252676.9 30
1741136563801 252676.9 31
1741136573993 252676.9 32
1741136584129 252676.9 33
1741136594288 252676.9 34
1741136604763 252676.9 35
1741136614840 252676.9 36
1741136626811 252677.3 37
1741136636852 252677.9 38
1741136647947 252677.9 39
1741136658005 252677.9 40
1741136669073 252677.9 41
1741136679142 252677.9 42
1741136690194 252677.9 43
1741136700235 252677.9 44
1741136711471 252677.9 45
1741136721563 252677.9 46
1741136732590 252677.9 47
1741136745474 252677.9 48
1741136755785 252677.9 49
1741136765937 252677.9 50
1741136776259 252677.9 51
1741136786539 252677.9 52
1741136796755 252677.9 53
1741136806794 252677.9 54
1741136818205 252678.2 55
1741136828244 252678.3 56
1741136839437 252678.3 57
1741136849502 252678.3 58
1741136860804 252678.3 59
1741136870876 252678.3 60
1741136881996 252678.3 61
1741136892034 252678.3 62
1741136903713 252678.3 63
1741136913741 252678.3 64
1741136925096 252678.3 65
1741136935124 252678.3 66
1741136945710 252678.3 67
1741136956086 252678.3 68
1741136966748 252678.3 69
1741136977244 252678.3 70
1741136987680 252678.3 71
1741136998119 252678.3 72
1741137008197 252678.3 73
1741137020207 252678.7 74
1741137030244 252678.7 75
1741137041846 252678.7 76
1741137051910 252678.7 77
1741137063349 252678.7 78
1741137073416 252678.7 79
1741137085183 252678.7 80
1741137095250 252678.7 81
1741137106518 252678.7 82
1741137116587 252678.7 83
1741137127972 252678.7 84
1741137140911 252678.7 85
1741137151370 252678.7 86
1741137161753 252678.7 87
1741137172318 252678.7 88
1741137182905 252678.7 89
1741137193272 252678.7 90
1741137203309 252678.7 91
1741137214817 252679.0 92
1741137224867 252679.1 93
1741137236700 252679.1 94
1741137246807 252679.1 95
1741137258224 252679.1 96
1741137268288 252679.1 97
1741137279863 252679.1 98
1741137289935 252679.1 99
1741137301575 252679.1 100
1741137311647 252679.1 101
1741137323294 252679.1 102
1741137333350 252679.1 103
1741137344220 252679.1 104
1741137354677 252679.1 105
1741137364982 252679.1 106
1741137375529 252679.1 107
1741137386045 252679.1 108
1741137396592 252679.1 109
1741137406672 252679.1 110
1741137416721 252679.5 111
1741137427999 252679.5 112
1741137438046 252679.5 113
1741137449945 252679.5 114
1741137460024 252679.5 115
1741137471728 252679.5 116
1741137481759 252679.5 117
1741137493448 252679.5 118
1741137503542 252679.5 119
1741137515165 252679.5 120
1741137525231 252679.5 121
1741137536579 252679.5 122
1741137548616 252679.5 123
1741137559315 252679.5 124
1741137570154 252679.5 125
1741137580906 252679.5 126
1741137591442 252679.5 127
1741137601763 252679.5 128
1741137616802 252679.5 129
1741137626856 252679.8 130
1741137638673 252679.8 131
1741137648721 252679.8 132
1741137660816 252679.8 133
1741137670873 252679.8 134
1741137682927 252679.8 135
1741137692973 252679.8 136
1741137703047 252679.8 137
1741137713111 252679.8 138
1741137723162 252679.8 139
1741137735424 252679.8 140
1741137748825 252679.8 141
1741137759346 252679.8 142
1741137770204 252679.8 143
1741137780882 252679.9 144
1741137792596 252679.9 145
1741137803128 252679.9 146
1741137813209 252679.9 147
1741137825296 252680.2 148
1741137835368 252680.2 149
1741137847471 252680.2 150
1741137857518 252680.2 151
1741137869324 252680.2 152
1741137879421 252680.2 153
1741137891261 252680.2 154
1741137901332 252680.2 155
1741137913435 252680.2 156
1741137923523 252680.2 157
1741137935394 252680.2 158
1741137945472 252680.2 159
1741137957103 252680.2 160
1741137967845 252680.2 161
1741137978624 252680.2 162
1741137989462 252680.2 163
1741138000543 252680.2 164
1741138011400 252680.2 165
1741138021478 252680.2 166
1741138031525 252680.6 167
1741138043362 252680.6 168
1741138053407 252680.6 169
1741138065509 252680.6 170
1741138075589 252681.1 171
1741138087867 252681.1 172
1741138097916 252681.1 173
1741138110121 252681.1 174
1741138120226 252681.1 175
1741138132456 252681.1 176
1741138142533 252681.1 177
1741138154645 252681.1 178
1741138166898 252681.1 179
1741138177662 252681.1 180
1741138188458 252681.1 181
1741138199089 252681.1 182
1741138209836 252681.1 183
1741138220320 252681.1 184
1741138230394 252681.1 185
1741138240452 252681.5 186
1741138250532 252681.5 187
1741138262472 252681.5 188
1741138272524 252681.5 189
1741138284742 252681.5 190
1741138294768 252681.5 191
1741138307092 252681.5 192
1741138317143 252681.5 193
1741138329530 252681.5 194
1741138339586 252681.5 195
1741138349644 252681.5 196
1741138360565 252681.5 197
1741138372793 252681.5 198
1741138383691 252681.5 199
1741138394744 252681.5 200
1741138405520 252681.5 201
1741138416511 252681.5 202
1741138427260 252681.5 203
1741138437344 252681.5 204
1741138447454 252681.8 205
1741138457494 252681.8 206
1741138467545 252681.8 207
1741138477576 252681.8 208
1741138490062 252681.8 209
1741138500709 252681.8 210
1741138510819 252681.8 211
1741138523101 252681.8 212
1741138533204 252681.8 213
1741138543304 252681.8 214
1741138555513 252681.8 215
1741138565609 252681.8 216
1741138578181 252681.8 217
1741138589404 252681.8 218
1741138600245 252681.8 219
1741138611105 252681.8 220
1741138621937 252681.8 221
1741138632769 252681.8 222
1741138642908 252681.8 223
1741138654960 252681.8 224
1741138665056 252682.2 225
1741138677451 252682.2 226
1741138687571 252682.2 227
1741138699932 252682.2 228
1741138710057 252682.2 229
1741138720182 252682.2 230
1741138730224 252682.2 231
1741138740324 252682.2 232
1741138750501 252682.2 233
1741138760673 252682.2 234
1741138770794 252682.2 235
1741138780844 252682.2 236
1741138790885 252682.2 237
1741138800928 252682.2 238
1741138811695 252682.2 239
1741138822533 252682.2 240
1741138833719 252682.2 241
1741138844679 252682.2 242
1741138855737 252682.2 243
1741138865850 252682.2 244
1741138875944 252682.5 245
1741138888228 252682.5 246
1741138898329 252682.5 247
1741138908365 252682.5 248
1741138920251 252682.5 249
1741138930347 252682.5 250
1741138940449 252682.5 251
1741138951972 252682.5 252
1741138962079 252682.5 253
1741138972137 252682.5 254
1741138983861 252682.5 255
1741138993959 252682.5 256
1741139008105 252682.5 257
1741139020249 252682.5 258
1741139032107 252682.5 259
1741139043993 252682.5 260
1741139055402 252682.5 261
1741139067325 252682.5 262
1741139077683 252682.5 263
1741139091272 252682.5 264
1741139101858 252682.9 265
1741139111970 252682.9 266
1741139124500 252682.9 267
1741139134597 252682.9 268
1741139144702 252682.9 269
1741139156529 252682.9 270
1741139166636 252682.9 271
1741139176742 252682.9 272
1741139188757 252682.9 273
1741139198889 252682.9 274
1741139208963 252682.9 275
1741139220801 252682.9 276
1741139233325 252682.9 277
1741139244515 252682.9 278
1741139255642 252682.9 279
1741139266851 252682.9 280
1741139278214 252682.9 281
1741139291345 252682.9 282
1741139304445 252682.9 283
1741139314552 252683.2 284
1741139324664 252683.2 285
1741139336827 252683.2 286
1741139346931 252683.2 287
1741139357048 252683.2 288
1741139368995 252683.2 289
1741139379110 252683.2 290
1741139389156 252683.2 291
1741139400985 252683.2 292
1741139411113 252683.2 293
1741139421223 252683.2 294
1741139432689 252683.2 295
1741139442798 252683.2 296
1741139453081 252683.2 297
1741139464374 252683.2 298
1741139475635 252683.2 299
1741139487037 252683.2 300
1741139498208 252683.2 301
1741139508254 252683.2 302
1741139518380 252683.6 303
1741139530755 252683.6 304
1741139540869 252684.1 305
1741139550980 252684.1 306
1741139563061 252684.1 307
1741139573106 252684.1 308
1741139583207 252684.1 309
1741139596016 252684.1 310
1741139606520 252684.1 311
1741139616659 252684.1 312
1741139626710 252684.1 313
1741139636794 252684.1 314
1741139646937 252684.1 315
1741139657850 252684.1 316
1741139667941 252684.1 317
1741139680837 252684.1 318
1741139691977 252684.1 319
1741139702041 252684.1 320
1741139713680 252684.1 321
1741139726301 252684.1 322
1741139736434 252684.1 323
1741139749200 252684.5 324
1741139759490 252684.5 325
1741139769762 252684.5 326
1741139779883 252684.5 327
1741139790033 252684.5 328
1741139800085 252684.5 329
1741139810147 252684.5 330
1741139820488 252684.5 331
1741139830881 252684.5 332
1741139840984 252684.5 333
1741139851080 252684.5 334
1741139861207 252684.5 335
1741139871269 252684.5 336
1741139881384 252684.5 337
1741139894589 252684.5 338
1741139906013 252684.5 339
1741139918143 252684.5 340
1741139930197 252684.5 341
1741139942059 252684.5 342
1741139953944 252684.5 343
1741139964075 252684.5 344
1741139977294 252684.5 345
1741139987358 252684.8 346
1741139997493 252684.8 347
1741140009928 252684.8 348
1741140020046 252684.8 349
1741140030188 252684.8 350
1741140040306 252684.8 351
1741140052472 252684.8 352
1741140062600 252684.8 353
1741140072711 252684.8 354
1741140082825 252684.8 355
1741140095230 252684.8 356
1741140105358 252684.8 357
1741140115411 252684.8 358
1741140126040 252684.8 359
1741140137939 252684.8 360
1741140149410 252684.8 361
1741140160804 252684.8 362
1741140172207 252684.8 363
1741140182421 252684.8 364
1741140195448 252684.8 365
1741140205587 252685.2 366
1741140215709 252685.2 367
1741140228311 252685.2 368
1741140238438 252685.2 369
1741140248554 252685.2 370
1741140258675 252685.2 371
1741140270625 252685.2 372
1741140280760 252685.2 373
1741140290848 252685.2 374
1741140300962 252685.2 375
1741140313295 252685.2 376
1741140323405 252685.2 377
1741140333514 252685.2 378
1741140344226 252685.2 379
1741140356014 252685.2 380
1741140367594 252685.2 381
1741140379310 252685.2 382
1741140390687 252685.2 383
1741140400820 252685.2 384
1741140413848 252685.2 385
1741140423973 252685.5 386
1741140434099 252685.5 387
1741140444213 252685.5 388
1741140456835 252685.5 389
1741140466919 252685.5 390
1741140477023 252685.5 391
1741140487143 252685.5 392
1741140499330 252685.5 393
1741140509458 252685.5 394
1741140519581 252685.5 395
1741140529637 252685.5 396
1741140542054 252685.5 397
1741140552189 252685.5 398
1741140563756 252685.5 399
1741140575802 252685.5 400
1741140587268 252685.5 401
1741140598984 252685.5 402
1741140610554 252685.5 403
1741140620816 252685.5 404
1741140634219 252685.5 405
1741140644355 252685.9 406
1741140654415 252685.9 407
1741140664546 252685.9 408
1741140676842 252685.9 409
1741140686979 252685.9 410
1741140697101 252685.9 411
1741140707141 252685.9 412
1741140719192 252685.9 413
1741140729294 252685.9 414
1741140739423 252685.9 415
1741140749529 252685.9 416
1741140761893 252685.9 417
1741140771938 252685.9 418
1741140783504 252685.9 419
1741140795540 252685.9 420
1741140807308 252685.9 421
1741140819043 252685.9 422
1741140830927 252685.9 423
1741140841181 252685.9 424
1741140854596 252685.9 425
1741140864722 252686.2 426
1741140874858 252686.2 427
1741140884982 252686.2 428
1741140897315 252686.2 429
1741140907427 252686.2 430
1741140917563 252686.2 431
1741140927681 252686.2 432
1741140939857 252686.2 433
1741140949916 252686.2 434
1741140960033 252686.2 435
1741140970143 252686.2 436
1741140982688 252686.2 437
1741140992793 252686.2 438
1741141004549 252686.2 439
1741141016340 252686.7 440
1741141028164 252686.7 441
1741141040029 252686.7 442
1741141051853 252686.7 443
1741141062206 252686.7 444
1741141077082 252686.7 445
1741141087194 252687.1 446
1741141097321 252687.1 447
1741141107455 252687.1 448
1741141117558 252687.1 449
1741141127604 252687.1 450
1741141137646 252687.1 451
1741141149095 252687.1 452
1741141161309 252687.1 453
1741141173009 252687.1 454
1741141183517 252687.1 455
1741141194520 252687.1 456
1741141204972 252687.1 457
1741141215179 252687.1 458
1741141230626 252687.1 459
1741141243245 252687.1 460
1741141256350 252687.1 461
1741141266467 252687.1 462
1741141277867 252687.1 463
1741141290486 252687.1 464
1741141305122 252687.1 465
1741141320247 252687.1 466
1741141330787 252687.4 467
1741141340835 252687.4 468
1741141350969 252687.4 469
1741141361013 252687.4 470
1741141371057 252687.4 471
1741141381154 252687.5 472
1741141393642 252687.5 473
1741141403745 252687.5 474
1741141413866 252687.5 475
1741141423946 252687.5 476
1741141434036 252687.5 477
1741141444134 252687.5 478
1741141456762 252687.5 479
1741141466851 252687.5 480
1741141478523 252687.5 481
1741141490751 252687.5 482
1741141502578 252687.5 483
1741141514457 252687.5 484
1741141526366 252687.5 485
1741141536407 252687.5 486
1741141546884 252687.8 487
1741141557160 252687.8 488
1741141567231 252687.8 489
1741141577365 252687.8 490
1741141587444 252687.8 491
1741141597527 252687.8 492
1741141607626 252687.8 493
1741141620187 252687.8 494
1741141630290 252687.8 495
1741141640374 252687.8 496
1741141650457 252687.8 497
1741141660532 252687.8 498
1741141670663 252687.8 499
1741141683270 252687.8 500
1741141693315 252687.8 501
1741141705331 252687.8 502
1741141717418 252687.8 503
1741141729470 252687.8 504
1741141741473 252687.8 505
1741141753778 252687.8 506
1741141763858 252687.8 507
1741141773988 252688.1 508
1741141784038 252688.1 509
1741141794083 252688.1 510
1741141804180 252688.1 511
1741141814232 252688.1 512
1741141824281 252688.1 513
1741141834386 252688.1 514
1741141844438 252688.1 515
1741141854481 252688.1 516
1741141864699 252688.1 517
1741141875046 252688.1 518
1741141885134 252688.1 519
1741141895248 252688.1 520
1741141905604 252688.1 521
1741141916085 252688.1 522
1741141926999 252688.1 523
1741141937053 252688.1 524
1741141949459 252688.1 525
1741141962516 252688.1 526
1741141972597 252688.1 527
1741141984362 252688.1 528
1741141999004 252688.1 529
1741142015060 252688.1 530
1741142025843 252688.5 531
1741142036291 252688.5 532
1741142047111 252688.5 533
1741142058342 252688.5 534
1741142070019 252688.5 535
1741142081577 252688.5 536
1741142093131 252688.5 537
1741142103274 252688.5 538
1741142113330 252688.5 539
1741142123386 252688.5 540
1741142133488 252688.5 541
1741142143541 252688.5 542
1741142153596 252688.5 543
1741142168581 252688.5 544
1741142180775 252688.5 545
1741142192941 252688.5 546
1741142205150 252688.5 547
1741142217797 252688.5 548
1741142230037 252688.5 549
1741142240842 252688.5 550
1741142255784 252688.5 551
1741142265865 252688.8 552
1741142275953 252688.8 553
1741142286080 252688.8 554
1741142296128 252688.8 555
1741142306202 252688.8 556
1741142316255 252688.8 557
1741142326311 252688.8 558
1741142336350 252688.8 559
1741142346400 252688.8 560
1741142356450 252688.8 561
1741142366502 252688.8 562
1741142376556 252688.8 563
1741142386613 252688.8 564
1741142400546 252688.8 565
1741142413298 252688.8 566
1741142425777 252688.8 567
1741142437917 252688.8 568
1741142450024 252688.8 569
1741142462242 252688.8 570
1741142473213 252688.8 571
1741142487244 252688.8 572
1741142497331 252689.7 573
1741142507370 252689.7 574
1741142517474 252689.7 575
1741142527546 252689.7 576
1741142537744 252689.7 577
1741142548373 252689.7 578
1741142559870 252689.7 579
1741142571374 252689.7 580
1741142582631 252689.7 581
1741142593562 252689.7 582
1741142604799 252689.7 583
1741142616569 252689.7 584
1741142627921 252689.7 585
1741142638175 252689.7 586
1741142649380 252689.7 587
1741142659606 252689.7 588
1741142671953 252689.7 589
1741142682090 252689.7 590
1741142694213 252689.7 591
1741142704348 252689.7 592
1741142716402 252689.7 593
1741142726525 252689.7 594
1741142738749 252690.1 595
1741142749515 252690.1 596
1741142760323 252690.1 597
1741142771838 252690.1 598
1741142782516 252690.1 599
1741142793794 252690.1 600
1741142805075 252690.1 601
1741142816005 252690.1 602
1741142827224 252690.1 603
1741142838380 252690.1 604
1741142849232 252690.1 605
1741142859689 252690.1 606
1741142870976 252690.1 607
1741142882247 252690.1 608
1741142893079 252690.1 609
1741142904245 252690.1 610
1741142914316 252690.1 611
1741142927420 252690.1 612
1741142937483 252690.1 613
1741142949594 252690.1 614
1741142962561 252690.1 615
1741142975576 252690.1 616
1741142985665 252690.1 617
1741142998641 252690.4 618
1741143008829 252690.4 619
1741143019154 252690.4 620
1741143030372 252690.4 621
1741143041000 252690.4 622
1741143051547 252690.4 623
1741143061867 252690.4 624
1741143072300 252690.4 625
1741143082719 252690.4 626
1741143093530 252690.4 627
1741143104126 252690.4 628
1741143114452 252690.4 629
1741143125265 252690.4 630
1741143136022 252690.4 631
1741143148075 252690.4 632
1741143161120 252690.4 633
1741143173918 252690.4 634
1741143186794 252690.4 635
1741143199768 252690.4 636
1741143212705 252690.4 637
1741143224927 252690.4 638
1741143240837 252690.4 639
1741143251475 252690.8 640
1741143261781 252690.8 641
1741143272285 252690.8 642
1741143282561 252690.8 643
1741143292958 252690.8 644
1741143303220 252690.8 645
1741143313686 252690.8 646
1741143324052 252690.8 647
1741143335764 252690.8 648
1741143346730 252690.8 649
1741143357252 252690.8 650
1741143367615 252690.8 651
1741143378377 252690.8 652
1741143389267 252690.8 653
1741143400045 252690.8 654
1741143412957 252690.8 655
1741143423053 252690.8 656
1741143435511 252690.8 657
1741143448579 252690.8 658
1741143462015 252690.8 659
1741143474175 252690.8 660
1741143490403 252690.8 661
1741143501230 252691.1 662
1741143512028 252691.1 663
1741143522982 252691.1 664
1741143533774 252691.1 665
1741143544190 252691.1 666
1741143555297 252691.1 667
1741143565965 252691.1 668
1741143576731 252691.1 669
1741143587135 252691.1 670
1741143597629 252691.1 671
1741143608475 252691.1 672
1741143619073 252691.1 673
1741143629983 252691.1 674
1741143640902 252691.1 675
1741143651758 252691.1 676
1741143661852 252691.1 677
1741143673710 252691.1 678
1741143686497 252691.1 679
1741143699313 252691.1 680
1741143709357 252691.1 681
1741143721360 252691.2 682
1741143731470 252691.2 683
1741143741663 252691.5 684
1741143751732 260777.5 685
1741143761803 260777.5 686
1741143772428 260777.5 687
1741143782838 260777.5 688
1741143793623 260777.5 689
1741143804178 260777.5 690
1741143815247 260777.5 691
1741143825663 260777.5 692
1741143836720 260777.5 693
1741143847600 260777.5 694
1741143858942 260777.5 695
1741143870354 260777.5 696
1741143881505 260777.5 697
1741143892313 260777.5 698
1741143903478 260777.5 699
1741143913523 260777.5 700
1741143925845 260777.5 701
1741143935896 260777.5 702
1741143948875 260777.5 703
1741143958964 260777.5 704
1741143971526 260777.5 705
1741143981633 260777.5 706
1741143996398 260778.4 707
1741144007219 260778.4 708
1741144018158 260778.4 709
1741144029240 260778.4 710
1741144040287 260778.4 711
1741144052400 260778.4 712
1741144064066 260778.4 713
1741144075017 260778.4 714
1741144085676 260778.4 715
1741144096880 260778.4 716
1741144107769 260778.4 717
1741144119019 260778.4 718
1741144130084 260778.4 719
1741144141326 260778.4 720
1741144152226 260778.4 721
1741144163780 260778.4 722
1741144173861 260778.4 723
1741144183955 260778.4 724
1741144197281 260778.4 725
1741144207418 260778.4 726
1741144219891 260778.4 727
1741144229957 260778.4 728
1741144240416 260778.4 729
1741144256068 260778.4 730
1741144266814 260778.7 731
1741144277802 260778.7 732
1741144288588 260778.7 733
1741144299286 260778.7 734
1741144310470 260778.7 735
1741144321734 260778.7 736
1741144332957 260778.7 737
1741144344186 260778.7 738
1741144356029 260778.7 739
1741144368177 260778.7 740
1741144379117 260778.7 741
1741144389919 260778.7 742
1741144400598 260778.7 743
1741144411260 260778.7 744
1741144422593 260778.7 745
1741144432690 260778.7 746
1741144445153 260778.7 747
1741144455238 260778.8 748
1741144467736 260778.8 749
1741144477842 260778.8 750
1741144490069 260778.8 751
1741144500147 260778.8 752
1741144511743 260779.1 753
1741144522353 260779.1 754
1741144532938 260779.1 755
1741144543554 260779.1 756
1741144553883 260779.1 757
1741144564323 260779.1 758
1741144575018 260779.1 759
1741144585363 260779.1 760
1741144595868 260779.1 761
1741144606412 260779.1 762
1741144616871 260779.1 763
1741144627395 260779.1 764
1741144638021 260779.1 765
1741144648436 260779.1 766
1741144658764 260779.1 767
1741144669551 260779.1 768
1741144679661 260779.1 769
1741144691756 260779.1 770
1741144701821 260779.1 771
1741144713739 260779.1 772
1741144723833 260779.1 773
1741144735823 260779.1 774
1741144745921 260779.1 775
1741144759131 260779.5 776
1741144770164 260779.5 777
1741144780705 260779.5 778
1741144791373 260779.5 779
1741144802541 260779.5 780
1741144813531 260779.5 781
1741144824728 260779.5 782
1741144836237 260779.5 783
1741144847800 260779.5 784
1741144858740 260779.5 785
1741144869994 260779.5 786
1741144881352 260779.5 787
1741144892646 260779.5 788
1741144904107 260779.5 789
1741144914782 260779.5 790
1741144927366 260779.5 791
1741144937459 260779.5 792
1741144950729 260779.5 793
1741144963987 260779.5 794
1741144974087 260779.5 795
1741144986448 260779.5 796
1741144996543 260779.5 797
1741145006833 260779.5 798
1741145020527 260779.9 799
1741145031526 260779.9 800
1741145042378 260779.9 801
1741145053050 260779.9 802
1741145064081 260779.9 803
1741145074872 260779.9 804
1741145085664 260779.9 805
1741145096621 260779.9 806
1741145108241 260779.9 807
1741145119233 260779.9 808
1741145130085 260779.9 809
1741145140925 260779.9 810
1741145151939 260779.9 811
1741145163296 260779.9 812
1741145174004 260779.9 813
1741145185371 260779.9 814
1741145195448 260779.9 815
1741145208934 260779.9 816
1741145219037 260779.9 817
1741145229153 260779.9 818
1741145242144 260779.9 819
1741145252233 260779.9 820
1741145263366 260779.9 821
