1741136234610 295694.0 0
1741136246146 295694.0 1
1741136256182 295694.0 2
1741136267521 295694.0 3
1741136277539 295694.0 4
1741136289186 295694.0 5
1741136299211 295694.0 6
1741136310481 295694.0 7
1741136320511 295694.0 8
1741136331580 295694.0 9
1741136341612 295694.0 10
1741136352881 295694.0 11
1741136363634 295694.0 12
1741136374194 295694.0 13
1741136384383 295694.0 14
1741136395035 295694.0 15
1741136405562 295694.0 16
1741136415630 295694.0 17
1741136427322 295693.5 18
1741136437384 295682.2 19
1741136448883 295682.2 20
1741136458924 295682.2 21
1741136469973 295682.2 22
1741136480012 295682.2 23
1741136490971 295682.2 24
1741136501015 295682.2 25
1741136512109 295682.2 26
1741136522177 295682.2 27
1741136533300 295682.2 28
1741136543367 295682.2 29
1741136553601 295682.2 30
1741136563801 295682.2 31
1741136573993 295682.2 32
1741136584129 295682.2 33
1741136594288 295682.2 34
1741136604763 295682.2 35
1741136614840 295682.2 36
1741136626811 295681.8 37
1741136636852 295681.2 38
1741136647947 295681.2 39
1741136658005 295681.2 40
1741136669073 295681.2 41
1741136679142 295681.2 42
1741136690194 295681.2 43
1741136700235 295681.2 44
1741136711471 295681.2 45
1741136721563 295681.2 46
1741136732590 295681.2 47
1741136745474 295681.2 48
1741136755785 295681.2 49
1741136765937 295681.2 50
1741136776259 295681.2 51
1741136786539 295681.2 52
1741136796755 295681.2 53
1741136806794 295681.2 54
1741136818205 295680.9 55
1741136828244 295680.8 56
1741136839437 295680.8 57
1741136849502 295680.8 58
1741136860804 295680.8 59
1741136870876 295680.8 60
1741136881996 295680.8 61
1741136892034 295680.8 62
1741136903713 295680.8 63
1741136913741 295680.8 64
1741136925096 295680.8 65
1741136935124 295680.8 66
1741136945710 295680.8 67
1741136956086 295680.8 68
1741136966748 295680.8 69
1741136977244 295680.8 70
1741136987680 295680.8 71
1741136998119 295680.8 72
1741137008197 295680.8 73
1741137020207 295680.4 74
1741137030244 295680.4 75
1741137041846 295680.4 76
1741137051910 295680.4 77
1741137063349 295680.4 78
1741137073416 295680.4 79
1741137085183 295680.4 80
1741137095250 295680.4 81
1741137106518 295680.4 82
1741137116587 295680.4 83
1741137127972 295680.4 84
1741137140911 295680.4 85
1741137151370 295680.4 86
1741137161753 295680.4 87
1741137172318 295680.4 88
1741137182905 295680.4 89
1741137193272 295680.4 90
1741137203309 295680.4 91
1741137214817 295680.1 92
1741137224867 295680.0 93
1741137236700 295680.0 94
1741137246807 295680.0 95
1741137258224 295680.0 96
1741137268288 295680.0 97
1741137279863 295680.0 98
1741137289935 295680.0 99
1741137301575 295680.0 100
1741137311647 295680.0 101
1741137323294 295680.0 102
1741137333350 295680.0 103
1741137344220 295680.0 104
1741137354677 295680.0 105
1741137364982 295680.0 106
1741137375529 295680.0 107
1741137386045 295680.0 108
1741137396592 295680.0 109
1741137406672 295680.0 110
1741137416721 295679.7 111
1741137427999 295679.7 112
1741137438046 295679.6 113
1741137449945 295679.6 114
1741137460024 295679.6 115
1741137471728 295679.6 116
1741137481759 295679.6 117
1741137493448 295679.6 118
1741137503542 295679.6 119
1741137515165 295679.6 120
1741137525231 295679.6 121
1741137536579 295679.6 122
1741137548616 295679.6 123
1741137559315 295679.6 124
1741137570154 295679.6 125
1741137580906 295679.6 126
1741137591442 295679.6 127
1741137601763 295679.6 128
1741137616802 295679.6 129
1741137626856 295679.3 130
1741137638673 295679.3 131
1741137648721 295679.3 132
1741137660816 295679.3 133
1741137670873 295679.3 134
1741137682927 295679.3 135
1741137692973 295679.3 136
1741137703047 295679.3 137
1741137713111 295679.3 138
1741137723162 295679.3 139
1741137735424 295679.3 140
1741137748825 295679.3 141
1741137759346 295679.3 142
1741137770204 295679.3 143
1741137780882 295679.3 144
1741137792596 295679.3 145
1741137803128 295679.3 146
1741137813209 295679.3 147
1741137825296 295678.9 148
1741137835368 295678.9 149
1741137847471 295678.9 150
1741137857518 295678.9 151
1741137869324 295678.9 152
1741137879421 295678.9 153
1741137891261 295678.9 154
1741137901332 295678.9 155
1741137913435 295678.9 156
1741137923523 295678.9 157
1741137935394 295678.9 158
1741137945472 295678.9 159
1741137957103 295678.9 160
1741137967845 295678.9 161
1741137978624 295678.9 162
1741137989462 295678.9 163
1741138000543 295678.9 164
1741138011400 295678.9 165
1741138021478 295678.9 166
1741138031525 295678.5 167
1741138043362 295678.5 168
1741138053407 295678.5 169
1741138065509 295678.5 170
1741138075589 295678.0 171
1741138087867 295678.0 172
1741138097916 295678.0 173
1741138110121 295678.0 174
1741138120226 295678.0 175
1741138132456 295678.0 176
1741138142533 295678.0 177
1741138154645 295678.0 178
1741138166898 295678.0 179
1741138177662 295678.0 180
1741138188458 295678.0 181
1741138199089 295678.0 182
1741138209836 295678.0 183
1741138220320 295678.0 184
1741138230394 295678.0 185
1741138240452 295677.6 186
1741138250532 295677.6 187
1741138262472 295677.6 188
1741138272524 295677.6 189
1741138284742 295677.6 190
1741138294768 295677.6 191
1741138307092 295677.6 192
1741138317143 295677.6 193
1741138329530 295677.6 194
1741138339586 295677.6 195
1741138349644 295677.6 196
1741138360565 295677.6 197
1741138372793 295677.6 198
1741138383691 295677.6 199
1741138394744 295677.6 200
1741138405520 295677.6 201
1741138416511 295677.6 202
1741138427260 295677.6 203
1741138437344 295677.6 204
1741138447454 295677.3 205
1741138457494 295677.3 206
1741138467545 295677.3 207
1741138477576 295677.3 208
1741138490062 295677.3 209
1741138500709 295677.3 210
1741138510819 295677.3 211
1741138523101 295677.3 212
1741138533204 295677.3 213
1741138543304 295677.3 214
1741138555513 295677.3 215
1741138565609 295677.3 216
1741138578181 295677.3 217
1741138589404 295677.3 218
1741138600245 295677.3 219
1741138611105 295677.3 220
1741138621937 295677.3 221
1741138632769 295677.3 222
1741138642908 295677.3 223
1741138654960 295677.3 224
1741138665056 295676.9 225
1741138677451 295676.9 226
1741138687571 295676.9 227
1741138699932 295676.9 228
1741138710057 295676.9 229
1741138720182 295676.9 230
1741138730224 295676.9 231
1741138740324 295676.9 232
1741138750501 295676.9 233
1741138760673 295676.9 234
1741138770794 295676.9 235
1741138780844 295676.9 236
1741138790885 295676.9 237
1741138800928 295676.9 238
1741138811695 295676.9 239
1741138822533 295676.9 240
1741138833719 295676.9 241
1741138844679 295676.9 242
1741138855737 295676.9 243
1741138865850 295676.9 244
1741138875944 295676.6 245
1741138888228 295676.6 246
1741138898329 295676.6 247
1741138908365 295676.6 248
1741138920251 295676.6 249
1741138930347 295676.6 250
1741138940449 295676.6 251
1741138951972 295676.6 252
1741138962079 295676.6 253
1741138972137 295676.6 254
1741138983861 295676.6 255
1741138993959 295676.6 256
1741139008105 295676.6 257
1741139020249 295676.6 258
1741139032107 295676.6 259
1741139043993 295676.6 260
1741139055402 295676.6 261
1741139067325 295676.6 262
1741139077683 295676.6 263
1741139091272 295676.6 264
1741139101858 295676.2 265
1741139111970 295676.2 266
1741139124500 295676.2 267
1741139134597 295676.2 268
1741139144702 295676.2 269
1741139156529 295676.2 270
1741139166636 295676.2 271
1741139176742 295676.2 272
1741139188757 295676.2 273
1741139198889 295676.2 274
1741139208963 295676.2 275
1741139220801 295676.2 276
1741139233325 295676.2 277
1741139244515 295676.2 278
1741139255642 295676.2 279
1741139266851 295676.2 280
1741139278214 295676.2 281
1741139291345 295676.2 282
1741139304445 295676.2 283
1741139314552 295675.9 284
1741139324664 295675.9 285
1741139336827 295675.9 286
1741139346931 295675.9 287
1741139357048 295675.9 288
1741139368995 295675.9 289
1741139379110 295675.9 290
1741139389156 295675.9 291
1741139400985 295675.9 292
1741139411113 295675.9 293
1741139421223 295675.9 294
1741139432689 295675.9 295
1741139442798 295675.9 296
1741139453081 295675.9 297
1741139464374 295675.9 298
1741139475635 295675.9 299
1741139487037 295675.9 300
1741139498208 295675.9 301
1741139508254 295675.9 302
1741139518380 295675.5 303
1741139530755 295675.5 304
1741139540869 295675.0 305
1741139550980 295675.0 306
1741139563061 295675.0 307
1741139573106 295675.0 308
1741139583207 295675.0 309
1741139596016 295675.0 310
1741139606520 295675.0 311
1741139616659 295675.0 312
1741139626710 295675.0 313
1741139636794 295675.0 314
1741139646937 295675.0 315
1741139657850 295675.0 316
1741139667941 295675.0 317
1741139680837 295675.0 318
1741139691977 295675.0 319
1741139702041 295675.0 320
1741139713680 295675.0 321
1741139726301 295675.0 322
1741139736434 295675.0 323
1741139749200 295674.6 324
1741139759490 295674.6 325
1741139769762 295674.6 326
1741139779883 295674.6 327
1741139790033 295674.6 328
1741139800085 295674.6 329
1741139810147 295674.6 330
1741139820488 295674.6 331
1741139830881 295674.6 332
1741139840984 295674.6 333
1741139851080 295674.6 334
1741139861207 295674.6 335
1741139871269 295674.6 336
1741139881384 295674.6 337
1741139894589 295674.6 338
1741139906013 295674.6 339
1741139918143 295674.6 340
1741139930197 295674.6 341
1741139942059 295674.6 342
1741139953944 295674.6 343
1741139964075 295674.6 344
1741139977294 295674.6 345
1741139987358 295674.3 346
1741139997493 295674.3 347
1741140009928 295674.3 348
1741140020046 295674.3 349
1741140030188 295674.3 350
1741140040306 295674.3 351
1741140052472 295674.3 352
1741140062600 295674.3 353
1741140072711 295674.3 354
1741140082825 295674.3 355
1741140095230 295674.3 356
1741140105358 295674.3 357
1741140115411 295674.3 358
1741140126040 295674.3 359
1741140137939 295674.3 360
1741140149410 295674.3 361
1741140160804 295674.3 362
1741140172207 295674.3 363
1741140182421 295674.3 364
1741140195448 295674.3 365
1741140205587 295673.9 366
1741140215709 295673.9 367
1741140228311 295673.9 368
1741140238438 295673.9 369
1741140248554 295673.9 370
1741140258675 295673.9 371
1741140270625 295673.9 372
1741140280760 295673.9 373
1741140290848 295673.9 374
1741140300962 295673.9 375
1741140313295 295673.9 376
1741140323405 295673.9 377
1741140333514 295673.9 378
1741140344226 295673.9 379
1741140356014 295673.9 380
1741140367594 295673.9 381
1741140379310 295673.9 382
1741140390687 295673.9 383
1741140400820 295673.9 384
1741140413848 295673.9 385
1741140423973 295673.6 386
1741140434099 295673.6 387
1741140444213 295673.6 388
1741140456835 295673.6 389
1741140466919 295673.6 390
1741140477023 295673.6 391
1741140487143 295673.6 392
1741140499330 295673.6 393
1741140509458 295673.6 394
1741140519581 295673.6 395
1741140529637 295673.6 396
1741140542054 295673.6 397
1741140552189 295673.6 398
1741140563756 295673.6 399
1741140575802 295673.6 400
1741140587268 295673.6 401
1741140598984 295673.6 402
1741140610554 295673.6 403
1741140620816 295673.6 404
1741140634219 295673.6 405
1741140644355 295673.2 406
1741140654415 295673.2 407
1741140664546 295673.2 408
1741140676842 295673.2 409
1741140686979 295673.2 410
1741140697101 295673.2 411
1741140707141 295673.2 412
1741140719192 295673.2 413
1741140729294 295673.2 414
1741140739423 295673.2 415
1741140749529 295673.2 416
1741140761893 295673.2 417
1741140771938 295673.2 418
1741140783504 295673.2 419
1741140795540 295673.2 420
1741140807308 295673.2 421
1741140819043 295673.2 422
1741140830927 295673.2 423
1741140841181 295673.2 424
1741140854596 295673.2 425
1741140864722 295672.9 426
1741140874858 295672.9 427
1741140884982 295672.9 428
1741140897315 295672.9 429
1741140907427 295672.9 430
1741140917563 295672.9 431
1741140927681 295672.9 432
1741140939857 295672.9 433
1741140949916 295672.9 434
1741140960033 295672.9 435
1741140970143 295672.9 436
1741140982688 295672.9 437
1741140992793 295672.9 438
1741141004549 295672.9 439
1741141016340 295672.4 440
1741141028164 295672.4 441
1741141040029 295672.4 442
1741141051853 295672.4 443
1741141062206 295672.4 444
1741141077082 295672.4 445
1741141087194 295672.0 446
1741141097321 295672.0 447
1741141107455 295672.0 448
1741141117558 295672.0 449
1741141127604 295672.0 450
1741141137646 295672.0 451
1741141149095 295672.0 452
1741141161309 295672.0 453
1741141173009 295672.0 454
1741141183517 295672.0 455
1741141194520 295672.0 456
1741141204972 295672.0 457
1741141215179 295672.0 458
1741141230626 295672.0 459
1741141243245 295672.0 460
1741141256350 295672.0 461
1741141266467 295672.0 462
1741141277867 295672.0 463
1741141290486 295672.0 464
1741141305122 295672.0 465
1741141320247 295672.0 466
1741141330787 295671.7 467
1741141340835 295671.7 468
1741141350969 295671.7 469
1741141361013 295671.7 470
1741141371057 295671.7 471
1741141381154 295671.7 472
1741141393642 295671.7 473
1741141403745 295671.7 474
1741141413866 295671.7 475
1741141423946 295671.7 476
1741141434036 295671.7 477
1741141444134 295671.7 478
1741141456762 295671.7 479
1741141466851 295671.7 480
1741141478523 295671.7 481
1741141490751 295671.7 482
1741141502578 295671.7 483
1741141514457 295671.7 484
1741141526366 295671.7 485
1741141536407 295671.6 486
1741141546884 295671.3 487
1741141557160 295671.3 488
1741141567231 295671.3 489
1741141577365 295671.3 490
1741141587444 295671.3 491
1741141597527 295671.3 492
1741141607626 295671.3 493
1741141620187 295671.3 494
1741141630290 295671.3 495
1741141640374 295671.3 496
1741141650457 295671.3 497
1741141660532 295671.3 498
1741141670663 295671.3 499
1741141683270 295671.3 500
1741141693315 295671.3 501
1741141705331 295671.3 502
1741141717418 295671.3 503
1741141729470 295671.3 504
1741141741473 295671.3 505
1741141753778 295671.3 506
1741141763858 295671.3 507
1741141773988 295671.0 508
1741141784038 295671.0 509
1741141794083 295671.0 510
1741141804180 295671.0 511
1741141814232 295671.0 512
1741141824281 295671.0 513
1741141834386 295671.0 514
1741141844438 295671.0 515
1741141854481 295671.0 516
1741141864699 295671.0 517
1741141875046 295671.0 518
1741141885134 295671.0 519
1741141895248 295671.0 520
1741141905604 295671.0 521
1741141916085 295671.0 522
1741141926999 295671.0 523
1741141937053 295671.0 524
1741141949459 295671.0 525
1741141962516 295671.0 526
1741141972597 295671.0 527
1741141984362 295671.0 528
1741141999004 295671.0 529
1741142015060 295671.0 530
1741142025843 295670.6 531
1741142036291 295670.6 532
1741142047111 295670.6 533
1741142058342 295670.6 534
1741142070019 295670.6 535
1741142081577 295670.6 536
1741142093131 295670.6 537
1741142103274 295670.6 538
1741142113330 295670.6 539
1741142123386 295670.6 540
1741142133488 295670.6 541
1741142143541 295670.6 542
1741142153596 295670.6 543
1741142168581 295670.6 544
1741142180775 295670.6 545
1741142192941 295670.6 546
1741142205150 295670.6 547
1741142217797 295670.6 548
1741142230037 295670.6 549
1741142240842 295670.6 550
1741142255784 295670.6 551
1741142265865 295670.3 552
1741142275953 295670.3 553
1741142286080 295670.3 554
1741142296128 295670.3 555
1741142306202 295670.3 556
1741142316255 295670.3 557
1741142326311 295670.3 558
1741142336350 295670.3 559
1741142346400 295670.3 560
1741142356450 295670.3 561
1741142366502 295670.3 562
1741142376556 295670.3 563
1741142386613 295670.3 564
1741142400546 295670.3 565
1741142413298 295670.3 566
1741142425777 295670.3 567
1741142437917 295670.3 568
1741142450024 295670.3 569
1741142462242 295670.3 570
1741142473213 295670.3 571
1741142487244 295670.3 572
1741142497331 295669.4 573
1741142507370 295669.4 574
1741142517474 295669.4 575
1741142527546 295669.4 576
1741142537744 295669.4 577
1741142548373 295669.4 578
1741142559870 295669.4 579
1741142571374 295669.4 580
1741142582631 295669.4 581
1741142593562 295669.4 582
1741142604799 295669.4 583
1741142616569 295669.4 584
1741142627921 295669.4 585
1741142638175 295669.4 586
1741142649380 295669.4 587
1741142659606 295669.4 588
1741142671953 295669.4 589
1741142682090 295669.4 590
1741142694213 295669.4 591
1741142704348 295669.4 592
1741142716402 295669.4 593
1741142726525 295669.4 594
1741142738749 295669.0 595
1741142749515 295669.0 596
1741142760323 295669.0 597
1741142771838 295669.0 598
1741142782516 295669.0 599
1741142793794 295669.0 600
1741142805075 295669.0 601
1741142816005 295669.0 602
1741142827224 295669.0 603
1741142838380 295669.0 604
1741142849232 295669.0 605
1741142859689 295669.0 606
1741142870976 295669.0 607
1741142882247 295669.0 608
1741142893079 295669.0 609
1741142904245 295669.0 610
1741142914316 295669.0 611
1741142927420 295669.0 612
1741142937483 295669.0 613
1741142949594 295669.0 614
1741142962561 295669.0 615
1741142975576 295669.0 616
1741142985665 295669.0 617
1741142998641 295668.7 618
1741143008829 295668.7 619
1741143019154 295668.7 620
1741143030372 295668.7 621
1741143041000 295668.7 622
1741143051547 295668.7 623
1741143061867 295668.7 624
1741143072300 295668.7 625
1741143082719 295668.7 626
1741143093530 295668.7 627
1741143104126 295668.7 628
1741143114452 295668.7 629
1741143125265 295668.7 630
1741143136022 295668.7 631
1741143148075 295668.7 632
1741143161120 295668.7 633
1741143173918 295668.7 634
1741143186794 295668.7 635
1741143199768 295668.7 636
1741143212705 295668.7 637
1741143224927 295668.7 638
1741143240837 295668.7 639
1741143251475 295668.3 640
1741143261781 295668.3 641
1741143272285 295668.3 642
1741143282561 295668.3 643
1741143292958 295668.3 644
1741143303220 295668.3 645
1741143313686 295668.3 646
1741143324052 295668.3 647
1741143335764 295668.3 648
1741143346730 295668.3 649
1741143357252 295668.3 650
1741143367615 295668.3 651
1741143378377 295668.3 652
1741143389267 295668.3 653
1741143400045 295668.3 654
1741143412957 295668.3 655
1741143423053 295668.3 656
1741143435511 295668.3 657
1741143448579 295668.3 658
1741143462015 295668.3 659
1741143474175 295668.3 660
1741143490403 295668.3 661
1741143501230 295668.0 662
1741143512028 295668.0 663
1741143522982 295668.0 664
1741143533774 295668.0 665
1741143544190 295668.0 666
1741143555297 295668.0 667
1741143565965 295668.0 668
1741143576731 295668.0 669
1741143587135 295668.0 670
1741143597629 295668.0 671
1741143608475 295668.0 672
1741143619073 295668.0 673
1741143629983 295668.0 674
1741143640902 295668.0 675
1741143651758 295668.0 676
1741143661852 295668.0 677
1741143673710 295668.0 678
1741143686497 295668.0 679
1741143699313 295668.0 680
1741143709357 295668.0 681
1741143721360 295668.0 682
1741143731470 295668.0 683
1741143741663 295667.6 684
1741143751732 287581.6 685
1741143761803 287581.6 686
1741143772428 287581.6 687
1741143782838 287581.6 688
1741143793623 287581.6 689
1741143804178 287581.6 690
1741143815247 287581.6 691
1741143825663 287581.6 692
1741143836720 287581.6 693
1741143847600 287581.6 694
1741143858942 287581.6 695
1741143870354 287581.6 696
1741143881505 287581.6 697
1741143892313 287581.6 698
1741143903478 287581.6 699
1741143913523 287581.6 700
1741143925845 287581.6 701
1741143935896 287581.6 702
1741143948875 287581.6 703
1741143958964 287581.6 704
1741143971526 287581.6 705
1741143981633 287581.6 706
1741143996398 287580.7 707
1741144007219 287580.7 708
1741144018158 287580.7 709
1741144029240 287580.7 710
1741144040287 287580.7 711
1741144052400 287580.7 712
1741144064066 287580.7 713
1741144075017 287580.7 714
1741144085676 287580.7 715
1741144096880 287580.7 716
1741144107769 287580.7 717
1741144119019 287580.7 718
1741144130084 287580.7 719
1741144141326 287580.7 720
1741144152226 287580.7 721
1741144163780 287580.7 722
1741144173861 287580.7 723
1741144183955 287580.7 724
1741144197281 287580.7 725
1741144207418 287580.7 726
1741144219891 287580.7 727
1741144229957 287580.7 728
1741144240416 287580.7 729
1741144256068 287580.7 730
1741144266814 287580.4 731
1741144277802 287580.4 732
1741144288588 287580.4 733
1741144299286 287580.4 734
1741144310470 287580.4 735
1741144321734 287580.4 736
1741144332957 287580.4 737
1741144344186 287580.4 738
1741144356029 287580.4 739
1741144368177 287580.4 740
1741144379117 287580.4 741
1741144389919 287580.4 742
1741144400598 287580.4 743
1741144411260 287580.4 744
1741144422593 287580.4 745
1741144432690 287580.4 746
1741144445153 287580.4 747
1741144455238 287580.4 748
1741144467736 287580.4 749
1741144477842 287580.4 750
1741144490069 287580.4 751
1741144500147 287580.4 752
1741144511743 287580.0 753
1741144522353 287580.0 754
1741144532938 287580.0 755
1741144543554 287580.0 756
1741144553883 287580.0 757
1741144564323 287580.0 758
1741144575018 287580.0 759
1741144585363 287580.0 760
1741144595868 287580.0 761
1741144606412 287580.0 762
1741144616871 287580.0 763
1741144627395 287580.0 764
1741144638021 287580.0 765
1741144648436 287580.0 766
1741144658764 287580.0 767
1741144669551 287580.0 768
1741144679661 287580.0 769
1741144691756 287580.0 770
1741144701821 287580.0 771
1741144713739 287580.0 772
1741144723833 287580.0 773
1741144735823 287580.0 774
1741144745921 287580.0 775
1741144759131 287579.6 776
1741144770164 287579.6 777
1741144780705 287579.6 778
1741144791373 287579.6 779
1741144802541 287579.6 780
1741144813531 287579.6 781
1741144824728 287579.6 782
1741144836237 287579.6 783
1741144847800 287579.6 784
1741144858740 287579.6 785
1741144869994 287579.6 786
1741144881352 287579.6 787
1741144892646 287579.6 788
1741144904107 287579.6 789
1741144914782 287579.6 790
1741144927366 287579.6 791
1741144937459 287579.6 792
1741144950729 287579.6 793
1741144963987 287579.6 794
1741144974087 287579.6 795
1741144986448 287579.6 796
1741144996543 287579.6 797
1741145006833 287579.6 798
1741145020527 287579.3 799
1741145031526 287579.3 800
1741145042378 287579.3 801
1741145053050 287579.3 802
1741145064081 287579.3 803
1741145074872 287579.3 804
1741145085664 287579.3 805
1741145096621 287579.3 806
1741145108241 287579.3 807
1741145119233 287579.3 808
1741145130085 287579.3 809
1741145140925 287579.3 810
1741145151939 287579.3 811
1741145163296 287579.3 812
1741145174004 287579.3 813
1741145185371 287579.3 814
1741145195448 287579.3 815
1741145208934 287579.3 816
1741145219037 287579.3 817
1741145229153 287579.3 818
1741145242144 287579.3 819
1741145252233 287579.3 820
1741145263366 287579.3 821
