1741136234610 46.1 0
1741136246146 46.1 1
1741136256182 46.1 2
1741136267521 46.1 3
1741136277539 46.1 4
1741136289186 46.1 5
1741136299211 46.1 6
1741136310481 46.1 7
1741136320511 46.1 8
1741136331580 46.1 9
1741136341612 46.1 10
1741136352881 46.1 11
1741136363634 46.1 12
1741136374194 46.1 13
1741136384383 46.1 14
1741136395035 46.1 15
1741136405562 46.1 16
1741136415630 46.1 17
1741136427322 46.1 18
1741136437384 46.1 19
1741136448883 46.1 20
1741136458924 46.1 21
1741136469973 46.1 22
1741136480012 46.1 23
1741136490971 46.1 24
1741136501015 46.1 25
1741136512109 46.1 26
1741136522177 46.1 27
1741136533300 46.1 28
1741136543367 46.1 29
1741136553601 46.1 30
1741136563801 46.1 31
1741136573993 46.1 32
1741136584129 46.1 33
1741136594288 46.1 34
1741136604763 46.1 35
1741136614840 46.1 36
1741136626811 46.1 37
1741136636852 46.1 38
1741136647947 46.1 39
1741136658005 46.1 40
1741136669073 46.1 41
1741136679142 46.1 42
1741136690194 46.1 43
1741136700235 46.1 44
1741136711471 46.1 45
1741136721563 46.1 46
1741136732590 46.1 47
1741136745474 46.1 48
1741136755785 46.1 49
1741136765937 46.1 50
1741136776259 46.1 51
1741136786539 46.1 52
1741136796755 46.1 53
1741136806794 46.1 54
1741136818205 46.1 55
1741136828244 46.1 56
1741136839437 46.1 57
1741136849502 46.1 58
1741136860804 46.1 59
1741136870876 46.1 60
1741136881996 46.1 61
1741136892034 46.1 62
1741136903713 46.1 63
1741136913741 46.1 64
1741136925096 46.1 65
1741136935124 46.1 66
1741136945710 46.1 67
1741136956086 46.1 68
1741136966748 46.1 69
1741136977244 46.1 70
1741136987680 46.1 71
1741136998119 46.1 72
1741137008197 46.1 73
1741137020207 46.1 74
1741137030244 46.1 75
1741137041846 46.1 76
1741137051910 46.1 77
1741137063349 46.1 78
1741137073416 46.1 79
1741137085183 46.1 80
1741137095250 46.1 81
1741137106518 46.1 82
1741137116587 46.1 83
1741137127972 46.1 84
1741137140911 46.1 85
1741137151370 46.1 86
1741137161753 46.1 87
1741137172318 46.1 88
1741137182905 46.1 89
1741137193272 46.1 90
1741137203309 46.1 91
1741137214817 46.1 92
1741137224867 46.1 93
1741137236700 46.1 94
1741137246807 46.1 95
1741137258224 46.1 96
1741137268288 46.1 97
1741137279863 46.1 98
1741137289935 46.1 99
1741137301575 46.1 100
1741137311647 46.1 101
1741137323294 46.1 102
1741137333350 46.1 103
1741137344220 46.1 104
1741137354677 46.1 105
1741137364982 46.1 106
1741137375529 46.1 107
1741137386045 46.1 108
1741137396592 46.1 109
1741137406672 46.1 110
1741137416721 46.1 111
1741137427999 46.1 112
1741137438046 46.1 113
1741137449945 46.1 114
1741137460024 46.1 115
1741137471728 46.1 116
1741137481759 46.1 117
1741137493448 46.1 118
1741137503542 46.1 119
1741137515165 46.1 120
1741137525231 46.1 121
1741137536579 46.1 122
1741137548616 46.1 123
1741137559315 46.1 124
1741137570154 46.1 125
1741137580906 46.1 126
1741137591442 46.1 127
1741137601763 46.1 128
1741137616802 46.1 129
1741137626856 46.1 130
1741137638673 46.1 131
1741137648721 46.1 132
1741137660816 46.1 133
1741137670873 46.1 134
1741137682927 46.1 135
1741137692973 46.1 136
1741137703047 46.1 137
1741137713111 46.1 138
1741137723162 46.1 139
1741137735424 46.1 140
1741137748825 46.1 141
1741137759346 46.1 142
1741137770204 46.1 143
1741137780882 46.1 144
1741137792596 46.1 145
1741137803128 46.1 146
1741137813209 46.1 147
1741137825296 46.1 148
1741137835368 46.1 149
1741137847471 46.1 150
1741137857518 46.1 151
1741137869324 46.1 152
1741137879421 46.1 153
1741137891261 46.1 154
1741137901332 46.1 155
1741137913435 46.1 156
1741137923523 46.1 157
1741137935394 46.1 158
1741137945472 46.1 159
1741137957103 46.1 160
1741137967845 46.1 161
1741137978624 46.1 162
1741137989462 46.1 163
1741138000543 46.1 164
1741138011400 46.1 165
1741138021478 46.1 166
1741138031525 46.1 167
1741138043362 46.1 168
1741138053407 46.1 169
1741138065509 46.1 170
1741138075589 46.1 171
1741138087867 46.1 172
1741138097916 46.1 173
1741138110121 46.1 174
1741138120226 46.1 175
1741138132456 46.1 176
1741138142533 46.1 177
1741138154645 46.1 178
1741138166898 46.1 179
1741138177662 46.1 180
1741138188458 46.1 181
1741138199089 46.1 182
1741138209836 46.1 183
1741138220320 46.1 184
1741138230394 46.1 185
1741138240452 46.1 186
1741138250532 46.1 187
1741138262472 46.1 188
1741138272524 46.1 189
1741138284742 46.1 190
1741138294768 46.1 191
1741138307092 46.1 192
1741138317143 46.1 193
1741138329530 46.1 194
1741138339586 46.1 195
1741138349644 46.1 196
1741138360565 46.1 197
1741138372793 46.1 198
1741138383691 46.1 199
1741138394744 46.1 200
1741138405520 46.1 201
1741138416511 46.1 202
1741138427260 46.1 203
1741138437344 46.1 204
1741138447454 46.1 205
1741138457494 46.1 206
1741138467545 46.1 207
1741138477576 46.1 208
1741138490062 46.1 209
1741138500709 46.1 210
1741138510819 46.1 211
1741138523101 46.1 212
1741138533204 46.1 213
1741138543304 46.1 214
1741138555513 46.1 215
1741138565609 46.1 216
1741138578181 46.1 217
1741138589404 46.1 218
1741138600245 46.1 219
1741138611105 46.1 220
1741138621937 46.1 221
1741138632769 46.1 222
1741138642908 46.1 223
1741138654960 46.1 224
1741138665056 46.1 225
1741138677451 46.1 226
1741138687571 46.1 227
1741138699932 46.1 228
1741138710057 46.1 229
1741138720182 46.1 230
1741138730224 46.1 231
1741138740324 46.1 232
1741138750501 46.1 233
1741138760673 46.1 234
1741138770794 46.1 235
1741138780844 46.1 236
1741138790885 46.1 237
1741138800928 46.1 238
1741138811695 46.1 239
1741138822533 46.1 240
1741138833719 46.1 241
1741138844679 46.1 242
1741138855737 46.1 243
1741138865850 46.1 244
1741138875944 46.1 245
1741138888228 46.1 246
1741138898329 46.1 247
1741138908365 46.1 248
1741138920251 46.1 249
1741138930347 46.1 250
1741138940449 46.1 251
1741138951972 46.1 252
1741138962079 46.1 253
1741138972137 46.1 254
1741138983861 46.1 255
1741138993959 46.1 256
1741139008105 46.1 257
1741139020249 46.1 258
1741139032107 46.1 259
1741139043993 46.1 260
1741139055402 46.1 261
1741139067325 46.1 262
1741139077683 46.1 263
1741139091272 46.1 264
1741139101858 46.1 265
1741139111970 46.1 266
1741139124500 46.1 267
1741139134597 46.1 268
1741139144702 46.1 269
1741139156529 46.1 270
1741139166636 46.1 271
1741139176742 46.1 272
1741139188757 46.1 273
1741139198889 46.1 274
1741139208963 46.1 275
1741139220801 46.1 276
1741139233325 46.1 277
1741139244515 46.1 278
1741139255642 46.1 279
1741139266851 46.1 280
1741139278214 46.1 281
1741139291345 46.1 282
1741139304445 46.1 283
1741139314552 46.1 284
1741139324664 46.1 285
1741139336827 46.1 286
1741139346931 46.1 287
1741139357048 46.1 288
1741139368995 46.1 289
1741139379110 46.1 290
1741139389156 46.1 291
1741139400985 46.1 292
1741139411113 46.1 293
1741139421223 46.1 294
1741139432689 46.1 295
1741139442798 46.1 296
1741139453081 46.1 297
1741139464374 46.1 298
1741139475635 46.1 299
1741139487037 46.1 300
1741139498208 46.1 301
1741139508254 46.1 302
1741139518380 46.1 303
1741139530755 46.1 304
1741139540869 46.1 305
1741139550980 46.1 306
1741139563061 46.1 307
1741139573106 46.1 308
1741139583207 46.1 309
1741139596016 46.1 310
1741139606520 46.1 311
1741139616659 46.1 312
1741139626710 46.1 313
1741139636794 46.1 314
1741139646937 46.1 315
1741139657850 46.1 316
1741139667941 46.1 317
1741139680837 46.1 318
1741139691977 46.1 319
1741139702041 46.1 320
1741139713680 46.1 321
1741139726301 46.1 322
1741139736434 46.1 323
1741139749200 46.1 324
1741139759490 46.1 325
1741139769762 46.1 326
1741139779883 46.1 327
1741139790033 46.1 328
1741139800085 46.1 329
1741139810147 46.1 330
1741139820488 46.1 331
1741139830881 46.1 332
1741139840984 46.1 333
1741139851080 46.1 334
1741139861207 46.1 335
1741139871269 46.1 336
1741139881384 46.1 337
1741139894589 46.1 338
1741139906013 46.1 339
1741139918143 46.1 340
1741139930197 46.1 341
1741139942059 46.1 342
1741139953944 46.1 343
1741139964075 46.1 344
1741139977294 46.1 345
1741139987358 46.1 346
1741139997493 46.1 347
1741140009928 46.1 348
1741140020046 46.1 349
1741140030188 46.1 350
1741140040306 46.1 351
1741140052472 46.1 352
1741140062600 46.1 353
1741140072711 46.1 354
1741140082825 46.1 355
1741140095230 46.1 356
1741140105358 46.1 357
1741140115411 46.1 358
1741140126040 46.1 359
1741140137939 46.1 360
1741140149410 46.1 361
1741140160804 46.1 362
1741140172207 46.1 363
1741140182421 46.1 364
1741140195448 46.1 365
1741140205587 46.1 366
1741140215709 46.1 367
1741140228311 46.1 368
1741140238438 46.1 369
1741140248554 46.1 370
1741140258675 46.1 371
1741140270625 46.1 372
1741140280760 46.1 373
1741140290848 46.1 374
1741140300962 46.1 375
1741140313295 46.1 376
1741140323405 46.1 377
1741140333514 46.1 378
1741140344226 46.1 379
1741140356014 46.1 380
1741140367594 46.1 381
1741140379310 46.1 382
1741140390687 46.1 383
1741140400820 46.1 384
1741140413848 46.1 385
1741140423973 46.1 386
1741140434099 46.1 387
1741140444213 46.1 388
1741140456835 46.1 389
1741140466919 46.1 390
1741140477023 46.1 391
1741140487143 46.1 392
1741140499330 46.1 393
1741140509458 46.1 394
1741140519581 46.1 395
1741140529637 46.1 396
1741140542054 46.1 397
1741140552189 46.1 398
1741140563756 46.1 399
1741140575802 46.1 400
1741140587268 46.1 401
1741140598984 46.1 402
1741140610554 46.1 403
1741140620816 46.1 404
1741140634219 46.1 405
1741140644355 46.1 406
1741140654415 46.1 407
1741140664546 46.1 408
1741140676842 46.1 409
1741140686979 46.1 410
1741140697101 46.1 411
1741140707141 46.1 412
1741140719192 46.1 413
1741140729294 46.1 414
1741140739423 46.1 415
1741140749529 46.1 416
1741140761893 46.1 417
1741140771938 46.1 418
1741140783504 46.1 419
1741140795540 46.1 420
1741140807308 46.1 421
1741140819043 46.1 422
1741140830927 46.1 423
1741140841181 46.1 424
1741140854596 46.1 425
1741140864722 46.1 426
1741140874858 46.1 427
1741140884982 46.1 428
1741140897315 46.1 429
1741140907427 46.1 430
1741140917563 46.1 431
1741140927681 46.1 432
1741140939857 46.1 433
1741140949916 46.1 434
1741140960033 46.1 435
1741140970143 46.1 436
1741140982688 46.1 437
1741140992793 46.1 438
1741141004549 46.1 439
1741141016340 46.1 440
1741141028164 46.1 441
1741141040029 46.1 442
1741141051853 46.1 443
1741141062206 46.1 444
1741141077082 46.1 445
1741141087194 46.1 446
1741141097321 46.1 447
1741141107455 46.1 448
1741141117558 46.1 449
1741141127604 46.1 450
1741141137646 46.1 451
1741141149095 46.1 452
1741141161309 46.1 453
1741141173009 46.1 454
1741141183517 46.1 455
1741141194520 46.1 456
1741141204972 46.1 457
1741141215179 46.1 458
1741141230626 46.1 459
1741141243245 46.1 460
1741141256350 46.1 461
1741141266467 46.1 462
1741141277867 46.1 463
1741141290486 46.1 464
1741141305122 46.1 465
1741141320247 46.1 466
1741141330787 46.1 467
1741141340835 46.1 468
1741141350969 46.1 469
1741141361013 46.1 470
1741141371057 46.1 471
1741141381154 46.1 472
1741141393642 46.1 473
1741141403745 46.1 474
1741141413866 46.1 475
1741141423946 46.1 476
1741141434036 46.1 477
1741141444134 46.1 478
1741141456762 46.1 479
1741141466851 46.1 480
1741141478523 46.1 481
1741141490751 46.1 482
1741141502578 46.1 483
1741141514457 46.1 484
1741141526366 46.1 485
1741141536407 46.1 486
1741141546884 46.1 487
1741141557160 46.1 488
1741141567231 46.1 489
1741141577365 46.1 490
1741141587444 46.1 491
1741141597527 46.1 492
1741141607626 46.1 493
1741141620187 46.1 494
1741141630290 46.1 495
1741141640374 46.1 496
1741141650457 46.1 497
1741141660532 46.1 498
1741141670663 46.1 499
1741141683270 46.1 500
1741141693315 46.1 501
1741141705331 46.1 502
1741141717418 46.1 503
1741141729470 46.1 504
1741141741473 46.1 505
1741141753778 46.1 506
1741141763858 46.1 507
1741141773988 46.1 508
1741141784038 46.1 509
1741141794083 46.1 510
1741141804180 46.1 511
1741141814232 46.1 512
1741141824281 46.1 513
1741141834386 46.1 514
1741141844438 46.1 515
1741141854481 46.1 516
1741141864699 46.1 517
1741141875046 46.1 518
1741141885134 46.1 519
1741141895248 46.1 520
1741141905604 46.1 521
1741141916085 46.1 522
1741141926999 46.1 523
1741141937053 46.1 524
1741141949459 46.1 525
1741141962516 46.1 526
1741141972597 46.1 527
1741141984362 46.1 528
1741141999004 46.1 529
1741142015060 46.1 530
1741142025843 46.1 531
1741142036291 46.1 532
1741142047111 46.1 533
1741142058342 46.1 534
1741142070019 46.1 535
1741142081577 46.1 536
1741142093131 46.1 537
1741142103274 46.1 538
1741142113330 46.1 539
1741142123386 46.1 540
1741142133488 46.1 541
1741142143541 46.1 542
1741142153596 46.1 543
1741142168581 46.1 544
1741142180775 46.1 545
1741142192941 46.1 546
1741142205150 46.1 547
1741142217797 46.1 548
1741142230037 46.1 549
1741142240842 46.1 550
1741142255784 46.1 551
1741142265865 46.1 552
1741142275953 46.1 553
1741142286080 46.1 554
1741142296128 46.1 555
1741142306202 46.1 556
1741142316255 46.1 557
1741142326311 46.1 558
1741142336350 46.1 559
1741142346400 46.1 560
1741142356450 46.1 561
1741142366502 46.1 562
1741142376556 46.1 563
1741142386613 46.1 564
1741142400546 46.1 565
1741142413298 46.1 566
1741142425777 46.1 567
1741142437917 46.1 568
1741142450024 46.1 569
1741142462242 46.1 570
1741142473213 46.1 571
1741142487244 46.1 572
1741142497331 46.1 573
1741142507370 46.1 574
1741142517474 46.1 575
1741142527546 46.1 576
1741142537744 46.1 577
1741142548373 46.1 578
1741142559870 46.1 579
1741142571374 46.1 580
1741142582631 46.1 581
1741142593562 46.1 582
1741142604799 46.1 583
1741142616569 46.1 584
1741142627921 46.1 585
1741142638175 46.1 586
1741142649380 46.1 587
1741142659606 46.1 588
1741142671953 46.1 589
1741142682090 46.1 590
1741142694213 46.1 591
1741142704348 46.1 592
1741142716402 46.1 593
1741142726525 46.1 594
1741142738749 46.1 595
1741142749515 46.1 596
1741142760323 46.1 597
1741142771838 46.1 598
1741142782516 46.1 599
1741142793794 46.1 600
1741142805075 46.1 601
1741142816005 46.1 602
1741142827224 46.1 603
1741142838380 46.1 604
1741142849232 46.1 605
1741142859689 46.1 606
1741142870976 46.1 607
1741142882247 46.1 608
1741142893079 46.1 609
1741142904245 46.1 610
1741142914316 46.1 611
1741142927420 46.1 612
1741142937483 46.1 613
1741142949594 46.1 614
1741142962561 46.1 615
1741142975576 46.1 616
1741142985665 46.1 617
1741142998641 46.1 618
1741143008829 46.1 619
1741143019154 46.1 620
1741143030372 46.1 621
1741143041000 46.1 622
1741143051547 46.1 623
1741143061867 46.1 624
1741143072300 46.1 625
1741143082719 46.1 626
1741143093530 46.1 627
1741143104126 46.1 628
1741143114452 46.1 629
1741143125265 46.1 630
1741143136022 46.1 631
1741143148075 46.1 632
1741143161120 46.1 633
1741143173918 46.1 634
1741143186794 46.1 635
1741143199768 46.1 636
1741143212705 46.1 637
1741143224927 46.1 638
1741143240837 46.1 639
1741143251475 46.1 640
1741143261781 46.1 641
1741143272285 46.1 642
1741143282561 46.1 643
1741143292958 46.1 644
1741143303220 46.1 645
1741143313686 46.1 646
1741143324052 46.1 647
1741143335764 46.1 648
1741143346730 46.1 649
1741143357252 46.1 650
1741143367615 46.1 651
1741143378377 46.1 652
1741143389267 46.1 653
1741143400045 46.1 654
1741143412957 46.1 655
1741143423053 46.1 656
1741143435511 46.1 657
1741143448579 46.1 658
1741143462015 46.1 659
1741143474175 46.1 660
1741143490403 46.1 661
1741143501230 46.1 662
1741143512028 46.1 663
1741143522982 46.1 664
1741143533774 46.1 665
1741143544190 46.1 666
1741143555297 46.1 667
1741143565965 46.1 668
1741143576731 46.1 669
1741143587135 46.1 670
1741143597629 46.1 671
1741143608475 46.1 672
1741143619073 46.1 673
1741143629983 46.1 674
1741143640902 46.1 675
1741143651758 46.1 676
1741143661852 46.1 677
1741143673710 46.1 678
1741143686497 46.1 679
1741143699313 46.1 680
1741143709357 46.1 681
1741143721360 46.1 682
1741143731470 46.1 683
1741143741663 46.1 684
1741143751732 47.6 685
1741143761803 47.6 686
1741143772428 47.6 687
1741143782838 47.6 688
1741143793623 47.6 689
1741143804178 47.6 690
1741143815247 47.6 691
1741143825663 47.6 692
1741143836720 47.6 693
1741143847600 47.6 694
1741143858942 47.6 695
1741143870354 47.6 696
1741143881505 47.6 697
1741143892313 47.6 698
1741143903478 47.6 699
1741143913523 47.6 700
1741143925845 47.6 701
1741143935896 47.6 702
1741143948875 47.6 703
1741143958964 47.6 704
1741143971526 47.6 705
1741143981633 47.6 706
1741143996398 47.6 707
1741144007219 47.6 708
1741144018158 47.6 709
1741144029240 47.6 710
1741144040287 47.6 711
1741144052400 47.6 712
1741144064066 47.6 713
1741144075017 47.6 714
1741144085676 47.6 715
1741144096880 47.6 716
1741144107769 47.6 717
1741144119019 47.6 718
1741144130084 47.6 719
1741144141326 47.6 720
1741144152226 47.6 721
1741144163780 47.6 722
1741144173861 47.6 723
1741144183955 47.6 724
1741144197281 47.6 725
1741144207418 47.6 726
1741144219891 47.6 727
1741144229957 47.6 728
1741144240416 47.6 729
1741144256068 47.6 730
1741144266814 47.6 731
1741144277802 47.6 732
1741144288588 47.6 733
1741144299286 47.6 734
1741144310470 47.6 735
1741144321734 47.6 736
1741144332957 47.6 737
1741144344186 47.6 738
1741144356029 47.6 739
1741144368177 47.6 740
1741144379117 47.6 741
1741144389919 47.6 742
1741144400598 47.6 743
1741144411260 47.6 744
1741144422593 47.6 745
1741144432690 47.6 746
1741144445153 47.6 747
1741144455238 47.6 748
1741144467736 47.6 749
1741144477842 47.6 750
1741144490069 47.6 751
1741144500147 47.6 752
1741144511743 47.6 753
1741144522353 47.6 754
1741144532938 47.6 755
1741144543554 47.6 756
1741144553883 47.6 757
1741144564323 47.6 758
1741144575018 47.6 759
1741144585363 47.6 760
1741144595868 47.6 761
1741144606412 47.6 762
1741144616871 47.6 763
1741144627395 47.6 764
1741144638021 47.6 765
1741144648436 47.6 766
1741144658764 47.6 767
1741144669551 47.6 768
1741144679661 47.6 769
1741144691756 47.6 770
1741144701821 47.6 771
1741144713739 47.6 772
1741144723833 47.6 773
1741144735823 47.6 774
1741144745921 47.6 775
1741144759131 47.6 776
1741144770164 47.6 777
1741144780705 47.6 778
1741144791373 47.6 779
1741144802541 47.6 780
1741144813531 47.6 781
1741144824728 47.6 782
1741144836237 47.6 783
1741144847800 47.6 784
1741144858740 47.6 785
1741144869994 47.6 786
1741144881352 47.6 787
1741144892646 47.6 788
1741144904107 47.6 789
1741144914782 47.6 790
1741144927366 47.6 791
1741144937459 47.6 792
1741144950729 47.6 793
1741144963987 47.6 794
1741144974087 47.6 795
1741144986448 47.6 796
1741144996543 47.6 797
1741145006833 47.6 798
1741145020527 47.6 799
1741145031526 47.6 800
1741145042378 47.6 801
1741145053050 47.6 802
1741145064081 47.6 803
1741145074872 47.6 804
1741145085664 47.6 805
1741145096621 47.6 806
1741145108241 47.6 807
1741145119233 47.6 808
1741145130085 47.6 809
1741145140925 47.6 810
1741145151939 47.6 811
1741145163296 47.6 812
1741145174004 47.6 813
1741145185371 47.6 814
1741145195448 47.6 815
1741145208934 47.6 816
1741145219037 47.6 817
1741145229153 47.6 818
1741145242144 47.6 819
1741145252233 47.6 820
1741145263366 47.6 821
