1741136234610 0.00024200000007112976 0
1741136246146 2.3196200000002136 1
1741136256182 3.8645430000001397 2
1741136267521 3.877632000000176 3
1741136277539 6.009665000000041 4
1741136289186 7.444192000000385 5
1741136299211 7.4770330000001195 6
1741136310481 9.75201700000025 7
1741136320511 10.569895000000088 8
1741136331580 12.150992000000315 9
1741136341612 19.60855500000025 10
1741136352881 19.64541700000018 11
1741136363634 26.38810300000023 12
1741136374194 29.456428000000415 13
1741136384383 31.48554200000035 14
1741136395035 34.15906500000028 15
1741136405562 35.97496799999999 16
1741136415630 37.062508000000435 17
1741136427322 38.31305100000009 18
1741136437384 40.95613600000024 19
1741136448883 45.37068800000043 20
1741136458924 47.69239600000037 21
1741136469973 50.658632000000125 22
1741136480012 52.7795600000004 23
1741136490971 55.460067000000436 24
1741136501015 56.3785640000001 25
1741136512109 58.18526200000042 26
1741136522177 59.40441200000032 27
1741136533300 65.59729200000038 28
1741136543367 67.87375900000006 29
1741136553601 70.34797400000025 30
1741136563801 74.01778800000011 31
1741136573993 75.62161700000024 32
1741136584129 77.36020400000007 33
1741136594288 79.62765200000013 34
1741136604763 81.193847 35
1741136614840 82.27011300000004 36
1741136626811 83.8983030000004 37
1741136636852 88.48634100000027 38
1741136647947 90.962086 39
1741136658005 92.4371470000001 40
1741136669073 93.93696200000022 41
1741136679142 96.1502830000004 42
1741136690194 98.27633000000014 43
1741136700235 99.09468200000038 44
1741136711471 99.10050200000023 45
1741136721563 101.92188600000009 46
1741136732590 103.95127300000013 47
1741136745474 106.43684100000019 48
1741136755785 108.49199500000032 49
1741136765937 111.25688600000012 50
1741136776259 113.19139900000027 51
1741136786539 115.81852800000024 52
1741136796755 120.3363690000001 53
1741136806794 121.47088900000017 54
1741136818205 122.54473300000018 55
1741136828244 123.52668500000027 56
1741136839437 124.79254900000024 57
1741136849502 125.26062100000036 58
1741136860804 126.03586300000006 59
1741136870876 126.91039100000035 60
1741136881996 128.3675320000002 61
1741136892034 130.28048100000024 62
1741136903713 131.79865000000018 63
1741136913741 133.26562400000012 64
1741136925096 134.62664500000028 65
1741136935124 136.65822100000014 66
1741136945710 138.29206000000022 67
1741136956086 140.27389200000016 68
1741136966748 141.89170400000012 69
1741136977244 144.27511100000038 70
1741136987680 148.79962100000012 71
1741136998119 159.61481300000014 72
1741137008197 165.10056900000018 73
1741137020207 166.286067 74
1741137030244 168.67561000000023 75
1741137041846 173.12671200000023 76
1741137051910 175.40406500000017 77
1741137063349 176.95379300000013 78
1741137073416 177.96925800000008 79
1741137085183 179.7421430000004 80
1741137095250 181.35195600000043 81
1741137106518 181.7982960000004 82
1741137116587 183.0989050000003 83
1741137127972 184.8424240000004 84
1741137140911 186.48112900000024 85
1741137151370 187.5731840000003 86
1741137161753 189.02860200000032 87
1741137172318 190.46670900000026 88
1741137182905 192.30514300000004 89
1741137193272 195.67185700000027 90
1741137203309 197.09180000000015 91
1741137214817 198.08524400000033 92
1741137224867 200.10771700000032 93
1741137236700 203.46974200000022 94
1741137246807 210.93623100000013 95
1741137258224 218.47441600000002 96
1741137268288 226.47365200000013 97
1741137279863 231.69968800000015 98
1741137289935 235.50400000000036 99
1741137301575 237.8923560000003 100
1741137311647 240.13436600000023 101
1741137323294 244.20384300000023 102
1741137333350 246.38632300000017 103
1741137344220 247.1519930000004 104
1741137354677 250.17068100000006 105
1741137364982 251.86052300000028 106
1741137375529 256.2196120000003 107
1741137386045 261.59580800000003 108
1741137396592 268.60165700000016 109
1741137406672 277.3378190000003 110
1741137416721 280.8600000000001 111
1741137427999 281.3571410000004 112
1741137438046 282.63697200000024 113
1741137449945 284.4077110000003 114
1741137460024 297.3373620000002 115
1741137471728 297.51381800000036 116
1741137481759 299.1067830000002 117
1741137493448 299.8355760000004 118
1741137503542 300.04925200000025 119
1741137515165 300.07528 120
1741137525231 300.0782600000002 121
1741137536579 300.09901000000036 122
1741137548616 302.8403400000002 123
1741137559315 305.304349 124
1741137570154 308.167813 125
1741137580906 311.1238800000001 126
1741137591442 314.3964050000004 127
1741137601763 318.0864630000001 128
1741137616802 321.17546200000015 129
1741137626856 323.13975600000003 130
1741137638673 324.87931000000026 131
1741137648721 335.7628160000004 132
1741137660816 337.49074900000005 133
1741137670873 339.64902600000005 134
1741137682927 347.52320800000007 135
1741137692973 358.88416000000007 136
1741137703047 358.9077430000002 137
1741137713111 358.91714200000024 138
1741137723162 358.92533200000025 139
1741137735424 358.937985 140
1741137748825 359.0077500000002 141
1741137759346 359.29511100000036 142
1741137770204 359.63903100000016 143
1741137780882 360.2398970000004 144
1741137792596 364.8396600000001 145
1741137803128 372.3953740000002 146
1741137813209 375.1841470000004 147
1741137825296 377.7645010000001 148
1741137835368 381.6802380000004 149
1741137847471 386.02124200000026 150
1741137857518 389.144679 151
1741137869324 393.3015800000003 152
1741137879421 396.6910890000004 153
1741137891261 399.7614590000003 154
1741137901332 403.38039800000024 155
1741137913435 405.79485600000044 156
1741137923523 411.65023900000006 157
1741137935394 418.9028480000002 158
1741137945472 425.51599000000033 159
1741137957103 430.1344760000002 160
1741137967845 431.91151000000036 161
1741137978624 433.2059180000001 162
1741137989462 433.83662500000037 163
1741138000543 435.4212220000004 164
1741138011400 439.227844 165
1741138021478 441.04973400000017 166
1741138031525 443.5050650000003 167
1741138043362 445.5710560000002 168
1741138053407 450.5273180000004 169
1741138065509 452.5749600000004 170
1741138075589 456.4525470000003 171
1741138087867 461.18225600000005 172
1741138097916 470.2418610000004 173
1741138110121 474.295157 174
1741138120226 477.3916180000001 175
1741138132456 479.8666760000001 176
1741138142533 483.44140600000037 177
1741138154645 486.237392 178
1741138166898 487.79483600000003 179
1741138177662 494.3591370000004 180
1741138188458 496.4675860000002 181
1741138199089 496.5715180000002 182
1741138209836 496.7966610000003 183
1741138220320 497.29020100000025 184
1741138230394 510.0495480000004 185
1741138240452 512.0952530000004 186
1741138250532 514.416373 187
1741138262472 515.7406700000001 188
1741138272524 517.2452680000001 189
1741138284742 518.8861870000001 190
1741138294768 520.5081340000002 191
1741138307092 522.464692 192
1741138317143 523.321625 193
1741138329530 525.6089260000003 194
1741138339586 527.1012570000003 195
1741138349644 528.5348800000002 196
1741138360565 530.3158440000002 197
1741138372793 531.6948200000002 198
1741138383691 533.8916940000004 199
1741138394744 534.5291260000004 200
1741138405520 536.2566620000002 201
1741138416511 537.8639870000002 202
1741138427260 539.8991390000001 203
1741138437344 541.4442040000004 204
1741138447454 542.976298 205
1741138457494 544.1333530000002 206
1741138467545 545.7939500000002 207
1741138477576 547.6076910000002 208
1741138490062 548.9447290000003 209
1741138500709 548.9662860000003 210
1741138510819 549.0392740000002 211
1741138523101 557.5399150000003 212
1741138533204 557.5813840000001 213
1741138543304 557.6039190000001 214
1741138555513 557.700519 215
1741138565609 557.8131980000003 216
1741138578181 557.8197420000001 217
1741138589404 558.7854750000001 218
1741138600245 558.8000590000001 219
1741138611105 567.1923340000003 220
1741138621937 567.9740740000002 221
1741138632769 585.1678550000001 222
1741138642908 602.6434010000003 223
1741138654960 611.0126440000004 224
1741138665056 611.3940700000003 225
1741138677451 611.4965410000004 226
1741138687571 612.584433 227
1741138699932 622.0457410000004 228
1741138710057 622.2727880000002 229
1741138720182 622.5844490000004 230
1741138730224 622.633417 231
1741138740324 622.6499390000004 232
1741138750501 622.6829050000001 233
1741138760673 622.6903930000003 234
1741138770794 622.7015150000002 235
1741138780844 622.7164040000002 236
1741138790885 622.7434800000001 237
1741138800928 622.756445 238
1741138811695 623.7328900000002 239
1741138822533 625.5286760000004 240
1741138833719 626.5668890000002 241
1741138844679 629.0228310000002 242
1741138855737 630.903456 243
1741138865850 638.976478 244
1741138875944 640.7888830000002 245
1741138888228 640.9245720000004 246
1741138898329 641.935297 247
1741138908365 641.9683460000001 248
1741138920251 647.7960680000001 249
1741138930347 647.8773290000004 250
1741138940449 648.2845560000001 251
1741138951972 655.6063560000002 252
1741138962079 657.3348410000003 253
1741138972137 658.8018570000004 254
1741138983861 667.1483170000001 255
1741138993959 667.3541680000003 256
1741139008105 677.501084 257
1741139020249 679.1781070000002 258
1741139032107 680.8910460000002 259
1741139043993 681.9012130000001 260
1741139055402 682.4814070000002 261
1741139067325 683.8689080000004 262
1741139077683 685.1298310000002 263
1741139091272 686.3962980000001 264
1741139101858 687.6922440000003 265
1741139111970 688.519053 266
1741139124500 689.104139 267
1741139134597 690.3230060000001 268
1741139144702 691.4805490000003 269
1741139156529 692.7921820000001 270
1741139166636 694.590408 271
1741139176742 695.7128970000003 272
1741139188757 696.4826250000001 273
1741139198889 697.3716530000002 274
1741139208963 698.7563030000001 275
1741139220801 705.7010740000001 276
1741139233325 713.80591 277
1741139244515 716.5048280000001 278
1741139255642 718.252778 279
1741139266851 719.581361 280
1741139278214 726.9168720000002 281
1741139291345 728.1024590000002 282
1741139304445 728.3594860000003 283
1741139314552 737.9606740000004 284
1741139324664 738.0158820000001 285
1741139336827 738.0417420000003 286
1741139346931 738.2461450000001 287
1741139357048 738.3265180000003 288
1741139368995 738.4063950000004 289
1741139379110 738.5351310000001 290
1741139389156 738.5566010000002 291
1741139400985 738.5601960000004 292
1741139411113 738.7004960000004 293
1741139421223 738.7383150000001 294
1741139432689 738.7577820000001 295
1741139442798 738.8028130000002 296
1741139453081 741.8461950000001 297
1741139464374 743.4461890000002 298
1741139475635 753.218112 299
1741139487037 761.5166860000004 300
1741139498208 765.7696980000001 301
1741139508254 767.221356 302
1741139518380 769.6911760000003 303
1741139530755 772.7286280000003 304
1741139540869 776.4932430000003 305
1741139550980 776.927181 306
1741139563061 776.9425730000003 307
1741139573106 777.8143790000004 308
1741139583207 777.8965970000004 309
1741139596016 777.9006090000003 310
1741139606520 777.920384 311
1741139616659 778.0673930000003 312
1741139626710 778.0688110000001 313
1741139636794 778.0824280000002 314
1741139646937 778.085446 315
1741139657850 779.3618210000004 316
1741139667941 779.3745190000004 317
1741139680837 779.3835310000004 318
1741139691977 779.3998780000002 319
1741139702041 799.3780500000003 320
1741139713680 801.2249810000003 321
1741139726301 803.8266060000001 322
1741139736434 806.7571010000001 323
1741139749200 808.3673510000003 324
1741139759490 808.4119570000003 325
1741139769762 808.4322870000001 326
1741139779883 808.4924120000001 327
1741139790033 808.499014 328
1741139800085 808.6632240000004 329
1741139810147 808.6921280000001 330
1741139820488 808.6949220000001 331
1741139830881 809.5648120000001 332
1741139840984 813.912409 333
1741139851080 818.097616 334
1741139861207 821.3130590000001 335
1741139871269 825.3140120000003 336
1741139881384 827.5674200000003 337
1741139894589 832.5454510000004 338
1741139906013 834.800005 339
1741139918143 835.1658130000001 340
1741139930197 835.9559910000003 341
1741139942059 836.210505 342
1741139953944 836.6978720000002 343
1741139964075 836.726126 344
1741139977294 836.729335 345
1741139987358 838.1019630000001 346
1741139997493 838.1063780000004 347
1741140009928 838.268994 348
1741140020046 841.8280650000002 349
1741140030188 841.8447000000001 350
1741140040306 841.9197980000004 351
1741140052472 842.6908950000002 352
1741140062600 843.8351200000002 353
1741140072711 843.8691990000002 354
1741140082825 847.53503 355
1741140095230 852.039663 356
1741140105358 856.2461420000004 357
1741140115411 859.4716120000003 358
1741140126040 860.3531930000004 359
1741140137939 860.8706630000001 360
1741140149410 865.3447900000001 361
1741140160804 865.82456 362
1741140172207 868.6546800000001 363
1741140182421 883.7854090000001 364
1741140195448 885.8901560000004 365
1741140205587 890.901652 366
1741140215709 892.7062480000004 367
1741140228311 897.4406870000003 368
1741140238438 899.5711620000002 369
1741140248554 902.2101360000001 370
1741140258675 902.8350070000001 371
1741140270625 904.1299830000003 372
1741140280760 908.3639290000001 373
1741140290848 909.9628940000002 374
1741140300962 932.195991 375
1741140313295 934.5336050000001 376
1741140323405 936.076896 377
1741140333514 936.6564800000001 378
1741140344226 939.9151000000002 379
1741140356014 940.947791 380
1741140367594 944.971485 381
1741140379310 945.202565 382
1741140390687 948.1903940000002 383
1741140400820 955.8175020000003 384
1741140413848 959.3727000000003 385
1741140423973 961.7619690000001 386
1741140434099 963.3164340000003 387
1741140444213 965.1857250000003 388
1741140456835 968.0180760000003 389
1741140466919 970.4480560000002 390
1741140477023 971.0686250000003 391
1741140487143 973.8356310000004 392
1741140499330 974.2383580000001 393
1741140509458 974.2637110000001 394
1741140519581 974.2937260000003 395
1741140529637 974.3681200000001 396
1741140542054 974.4876200000003 397
1741140552189 974.733068 398
1741140563756 974.9452500000002 399
1741140575802 977.0746900000004 400
1741140587268 977.4663570000002 401
1741140598984 978.0450030000002 402
1741140610554 981.1707030000002 403
1741140620816 984.4744150000001 404
1741140634219 985.9823180000003 405
1741140644355 990.0415620000003 406
1741140654415 990.8946140000003 407
1741140664546 991.8054190000003 408
1741140676842 994.9298120000003 409
1741140686979 997.0105310000004 410
1741140697101 998.3087150000001 411
1741140707141 1001.6380690000001 412
1741140719192 1003.4922410000004 413
1741140729294 1005.9916540000004 414
1741140739423 1007.854961 415
1741140749529 1009.584452 416
1741140761893 1017.2702180000001 417
1741140771938 1020.8498960000002 418
1741140783504 1026.0556190000002 419
1741140795540 1032.7308350000003 420
1741140807308 1034.4715640000004 421
1741140819043 1037.8741560000003 422
1741140830927 1040.1405140000002 423
1741140841181 1044.151703 424
1741140854596 1049.2063910000002 425
1741140864722 1051.7918720000002 426
1741140874858 1054.6388620000002 427
1741140884982 1056.364783 428
1741140897315 1057.0329000000002 429
1741140907427 1057.3245620000002 430
1741140917563 1057.4895390000001 431
1741140927681 1058.2733310000003 432
1741140939857 1058.7018190000003 433
1741140949916 1060.6905450000004 434
1741140960033 1061.614333 435
1741140970143 1061.6786510000002 436
1741140982688 1066.0263640000003 437
1741140992793 1072.315818 438
1741141004549 1077.2774020000006 439
1741141016340 1080.6769030000005 440
1741141028164 1083.1336760000004 441
1741141040029 1083.1858030000003 442
1741141051853 1083.189668 443
1741141062206 1084.7475359999999 444
1741141077082 1094.6883310000003 445
1741141087194 1098.672759 446
1741141097321 1100.5503770000005 447
1741141107455 1105.1202899999998 448
1741141117558 1107.8730030000006 449
1741141127604 1107.8926620000002 450
1741141137646 1108.5921390000003 451
1741141149095 1108.7418189999999 452
1741141161309 1109.1230320000004 453
1741141173009 1110.9017490000006 454
1741141183517 1116.6874040000002 455
1741141194520 1118.4490990000004 456
1741141204972 1122.596657 457
1741141215179 1126.3904030000003 458
1741141230626 1130.9805370000004 459
1741141243245 1137.8634300000003 460
1741141256350 1141.7337070000003 461
1741141266467 1143.9144080000005 462
1741141277867 1147.16277 463
1741141290486 1150.0176769999998 464
1741141305122 1151.2880430000005 465
1741141320247 1152.4547170000005 466
1741141330787 1153.616043 467
1741141340835 1154.3142159999998 468
1741141350969 1159.326494 469
1741141361013 1165.2074540000003 470
1741141371057 1165.873356 471
1741141381154 1168.4156030000004 472
1741141393642 1169.801719 473
1741141403745 1172.0810840000004 474
1741141413866 1173.7225710000002 475
1741141423946 1175.3035690000006 476
1741141434036 1177.1236390000004 477
1741141444134 1178.9356580000003 478
1741141456762 1181.1078150000003 479
1741141466851 1183.3489100000006 480
1741141478523 1185.3458280000004 481
1741141490751 1186.853486 482
1741141502578 1188.866688 483
1741141514457 1192.0758620000006 484
1741141526366 1193.6464700000006 485
1741141536407 1196.0658819999999 486
1741141546884 1197.119761 487
1741141557160 1200.0751310000005 488
1741141567231 1201.3319609999999 489
1741141577365 1202.993286 490
1741141587444 1204.187516 491
1741141597527 1205.5068110000002 492
1741141607626 1206.1598410000006 493
1741141620187 1206.1774530000002 494
1741141630290 1206.401965 495
1741141640374 1211.7543620000006 496
1741141650457 1220.701768 497
1741141660532 1220.715271 498
1741141670663 1220.7211530000004 499
1741141683270 1220.7538970000005 500
1741141693315 1221.9354789999998 501
1741141705331 1221.9385929999999 502
1741141717418 1223.481436 503
1741141729470 1225.041612 504
1741141741473 1225.1963420000002 505
1741141753778 1225.308473 506
1741141763858 1225.3450229999999 507
1741141773988 1225.3527480000002 508
1741141784038 1225.3594870000006 509
1741141794083 1225.363792 510
1741141804180 1228.5790390000002 511
1741141814232 1230.6635100000003 512
1741141824281 1231.5824330000005 513
1741141834386 1233.1888980000003 514
1741141844438 1235.6503469999998 515
1741141854481 1236.110452 516
1741141864699 1237.064061 517
1741141875046 1237.7657420000005 518
1741141885134 1238.8192530000006 519
1741141895248 1239.4340430000002 520
1741141905604 1240.3768680000003 521
1741141916085 1241.090255 522
1741141926999 1242.0868710000004 523
1741141937053 1242.9526860000005 524
1741141949459 1243.679467 525
1741141962516 1244.3327060000001 526
1741141972597 1245.3738670000002 527
1741141984362 1246.326161 528
1741141999004 1247.0444459999999 529
1741142015060 1248.1508760000006 530
1741142025843 1250.4365640000005 531
1741142036291 1251.7738200000003 532
1741142047111 1252.664694 533
1741142058342 1253.469263 534
1741142070019 1253.761732 535
1741142081577 1254.6293510000005 536
1741142093131 1257.0222570000005 537
1741142103274 1257.3789580000002 538
1741142113330 1263.6056900000003 539
1741142123386 1273.9263660000006 540
1741142133488 1274.1613900000002 541
1741142143541 1274.1986180000004 542
1741142153596 1274.213479 543
1741142168581 1276.4678629999999 544
1741142180775 1278.0818960000006 545
1741142192941 1280.5862450000004 546
1741142205150 1282.0955670000003 547
1741142217797 1284.037397 548
1741142230037 1286.4346030000006 549
1741142240842 1288.0674260000005 550
1741142255784 1290.3347670000003 551
1741142265865 1291.6170069999998 552
1741142275953 1294.1217770000003 553
1741142286080 1296.0044180000004 554
1741142296128 1298.7581330000003 555
1741142306202 1299.835932 556
1741142316255 1302.4003860000003 557
1741142326311 1303.5194280000005 558
1741142336350 1304.2405200000003 559
1741142346400 1304.7062750000005 560
1741142356450 1305.4608580000004 561
1741142366502 1306.2319800000005 562
1741142376556 1306.425902 563
1741142386613 1306.4414830000005 564
1741142400546 1308.8403440000002 565
1741142413298 1312.0135440000004 566
1741142425777 1314.460548 567
1741142437917 1317.092536 568
1741142450024 1317.2885780000006 569
1741142462242 1320.5070160000005 570
1741142473213 1320.898228 571
1741142487244 1332.6331310000005 572
1741142497331 1338.0864410000004 573
1741142507370 1338.4454350000005 574
1741142517474 1338.7957080000006 575
1741142527546 1340.241062 576
1741142537744 1340.2725 577
1741142548373 1340.3437780000004 578
1741142559870 1340.3997610000006 579
1741142571374 1340.4467730000006 580
1741142582631 1340.4868620000007 581
1741142593562 1340.5146439999999 582
1741142604799 1340.5192779999998 583
1741142616569 1340.5629600000002 584
1741142627921 1340.6469860000007 585
1741142638175 1340.6645610000005 586
1741142649380 1340.685141 587
1741142659606 1340.6911870000004 588
1741142671953 1340.7069980000006 589
1741142682090 1340.7107860000006 590
1741142694213 1340.7135360000002 591
1741142704348 1340.715193 592
1741142716402 1340.7440210000004 593
1741142726525 1340.745382 594
1741142738749 1340.7560760000006 595
1741142749515 1340.7656530000004 596
1741142760323 1340.7980429999998 597
1741142771838 1341.0534310000003 598
1741142782516 1341.1012460000002 599
1741142793794 1341.123321 600
1741142805075 1341.1852479999998 601
1741142816005 1341.2054589999998 602
1741142827224 1341.341469 603
1741142838380 1341.5662540000003 604
1741142849232 1341.669116 605
1741142859689 1341.6915870000003 606
1741142870976 1341.697427 607
1741142882247 1342.2100609999998 608
1741142893079 1342.5090170000003 609
1741142904245 1342.5510709999999 610
1741142914316 1342.595636 611
1741142927420 1342.660084 612
1741142937483 1342.6920580000005 613
1741142949594 1342.7177890000003 614
1741142962561 1342.7567530000006 615
1741142975576 1342.8001960000001 616
1741142985665 1342.8573889999998 617
1741142998641 1342.90935 618
1741143008829 1343.0472550000004 619
1741143019154 1343.0641160000005 620
1741143030372 1343.067223 621
1741143041000 1343.4113180000004 622
1741143051547 1343.667082 623
1741143061867 1343.6914900000002 624
1741143072300 1343.7151279999998 625
1741143082719 1343.7316200000005 626
1741143093530 1343.760357 627
1741143104126 1343.8122309999999 628
1741143114452 1343.8573470000001 629
1741143125265 1343.9132710000003 630
1741143136022 1343.9564799999998 631
1741143148075 1344.029907 632
1741143161120 1344.581475 633
1741143173918 1344.757917 634
1741143186794 1344.826134 635
1741143199768 1344.882149 636
1741143212705 1344.9079000000002 637
1741143224927 1344.9375600000003 638
1741143240837 1345.1427940000003 639
1741143251475 1345.1827440000006 640
1741143261781 1345.189085 641
1741143272285 1345.1974719999998 642
1741143282561 1345.3031099999998 643
1741143292958 1345.3128470000001 644
1741143303220 1345.324353 645
1741143313686 1345.35876 646
1741143324052 1345.3786980000004 647
1741143335764 1345.3980680000004 648
1741143346730 1346.942889 649
1741143357252 1346.9750640000002 650
1741143367615 1347.0147740000002 651
1741143378377 1347.0723040000003 652
1741143389267 1347.150587 653
1741143400045 1347.231879 654
1741143412957 1347.2543610000002 655
1741143423053 1347.2970560000003 656
1741143435511 1347.3567790000006 657
1741143448579 1347.3723470000004 658
1741143462015 1347.424481 659
1741143474175 1347.5142020000003 660
1741143490403 1347.65456 661
1741143501230 1347.9262100000005 662
1741143512028 1348.0477840000003 663
1741143522982 1348.1567160000004 664
1741143533774 1348.2641600000006 665
1741143544190 1348.3280810000006 666
1741143555297 1348.3714710000004 667
1741143565965 1348.4009420000002 668
1741143576731 1348.413356 669
1741143587135 1348.429287 670
1741143597629 1348.4441880000004 671
1741143608475 1348.4471950000006 672
1741143619073 1348.5092880000002 673
1741143629983 1348.5643500000006 674
1741143640902 1348.5746770000005 675
1741143651758 1348.7943139999998 676
1741143661852 1348.8394440000002 677
1741143673710 1348.8894790000004 678
1741143686497 1354.1780690000005 679
1741143699313 1356.1940130000003 680
1741143709357 1358.0160770000002 681
1741143721360 1358.4043520000005 682
1741143731470 1358.4499400000004 683
1741143741663 1358.4960490000003 684
1741143751732 1358.5330050000002 685
1741143761803 1358.597073 686
1741143772428 1358.9155470000005 687
1741143782838 1358.9693880000004 688
1741143793623 1358.9936320000006 689
1741143804178 1359.0608790000006 690
1741143815247 1359.0728399999998 691
1741143825663 1359.1878590000006 692
1741143836720 1360.2052130000002 693
1741143847600 1361.825358 694
1741143858942 1363.52743 695
1741143870354 1365.059424 696
1741143881505 1366.2075270000005 697
1741143892313 1367.2904159999998 698
1741143903478 1368.4760820000001 699
1741143913523 1369.5311339999998 700
1741143925845 1370.2405740000004 701
1741143935896 1370.9411580000005 702
1741143948875 1372.797262 703
1741143958964 1374.7523820000006 704
1741143971526 1375.6266290000003 705
1741143981633 1376.1083440000002 706
1741143996398 1376.5601299999998 707
1741144007219 1377.9867510000004 708
1741144018158 1378.6089650000004 709
1741144029240 1379.4863830000004 710
1741144040287 1380.6464960000003 711
1741144052400 1381.6582660000004 712
1741144064066 1382.641904 713
1741144075017 1385.7923879999998 714
1741144085676 1386.4746999999998 715
1741144096880 1387.144819 716
1741144107769 1388.1529870000004 717
1741144119019 1389.6693990000003 718
1741144130084 1391.0663220000006 719
1741144141326 1391.994439 720
1741144152226 1393.4561520000007 721
1741144163780 1395.7172250000003 722
1741144173861 1397.9537650000002 723
1741144183955 1400.1749900000004 724
1741144197281 1401.7173490000005 725
1741144207418 1404.1705870000005 726
1741144219891 1405.1294900000003 727
1741144229957 1407.4017810000005 728
1741144240416 1407.884185 729
1741144256068 1412.0627920000006 730
1741144266814 1415.1114260000004 731
1741144277802 1416.472898 732
1741144288588 1418.3395120000005 733
1741144299286 1419.9531910000005 734
1741144310470 1420.537926 735
1741144321734 1421.6246970000002 736
1741144332957 1422.4040420000001 737
1741144344186 1423.5039670000006 738
1741144356029 1425.0086580000007 739
1741144368177 1426.2152510000005 740
1741144379117 1427.2230360000003 741
1741144389919 1428.1912300000004 742
1741144400598 1428.8582620000007 743
1741144411260 1430.2655320000003 744
1741144422593 1431.0248520000005 745
1741144432690 1431.8924660000002 746
1741144445153 1432.7046490000002 747
1741144455238 1434.4454540000006 748
1741144467736 1435.0385160000005 749
1741144477842 1436.051163 750
1741144490069 1437.3821660000003 751
1741144500147 1438.4712289999998 752
1741144511743 1439.0122110000002 753
1741144522353 1441.9200820000005 754
1741144532938 1453.968269 755
1741144543554 1454.6047740000004 756
1741144553883 1454.6269600000005 757
1741144564323 1454.6670810000005 758
1741144575018 1455.5618869999998 759
1741144585363 1458.0201050000005 760
1741144595868 1460.4979410000005 761
1741144606412 1461.2674710000001 762
1741144616871 1471.7159069999998 763
1741144627395 1472.1319300000005 764
1741144638021 1472.276914 765
1741144648436 1474.5648419999998 766
1741144658764 1475.7370019999998 767
1741144669551 1480.1606140000004 768
1741144679661 1480.6579080000001 769
1741144691756 1482.4498910000002 770
1741144701821 1484.8845660000006 771
1741144713739 1488.152806 772
1741144723833 1488.8008260000006 773
1741144735823 1490.1600349999999 774
1741144745921 1491.4212340000004 775
1741144759131 1492.9263060000003 776
1741144770164 1494.2475060000006 777
1741144780705 1495.610224 778
1741144791373 1496.1060240000006 779
1741144802541 1497.4315809999998 780
1741144813531 1498.3139070000007 781
1741144824728 1499.6821040000004 782
1741144836237 1500.6619730000002 783
1741144847800 1501.9841379999998 784
1741144858740 1502.9553160000005 785
1741144869994 1504.650619 786
1741144881352 1505.3488100000004 787
1741144892646 1508.5449820000003 788
1741144904107 1509.2691920000007 789
1741144914782 1510.447526 790
1741144927366 1511.1320070000002 791
1741144937459 1512.2231550000006 792
1741144950729 1513.1119530000005 793
1741144963987 1514.846692 794
1741144974087 1515.804572 795
1741144986448 1516.4678199999998 796
1741144996543 1519.443002 797
1741145006833 1520.8068469999998 798
1741145020527 1522.4987230000006 799
1741145031526 1524.3465770000003 800
1741145042378 1525.0140580000007 801
1741145053050 1525.6645930000004 802
1741145064081 1526.433094 803
1741145074872 1527.2831860000006 804
1741145085664 1528.5203689999998 805
1741145096621 1529.6953490000005 806
1741145108241 1531.0842320000002 807
1741145119233 1532.393513 808
1741145130085 1536.753565 809
1741145140925 1538.3280409999998 810
1741145151939 1539.2820390000006 811
1741145163296 1540.186251 812
1741145174004 1540.978102 813
1741145185371 1541.9048300000004 814
1741145195448 1542.931103 815
1741145208934 1544.0299340000001 816
1741145219037 1545.7710040000002 817
1741145229153 1547.1340380000001 818
1741145242144 1548.2798730000004 819
1741145252233 1551.7425030000004 820
1741145263366 1553.913939 821
