1741136234610 0.00031499999977313564 0
1741136246146 2.334809999999834 1
1741136256182 3.881053999999949 2
1741136267521 3.89625500000011 3
1741136277539 6.03387900000007 4
1741136289186 7.471086000000014 5
1741136299211 7.512359999999717 6
1741136310481 9.790309999999863 7
1741136320511 10.61136099999976 8
1741136331580 12.195502000000033 9
1741136341612 19.65837099999999 10
1741136352881 19.689574999999877 11
1741136363634 26.43519100000003 12
1741136374194 29.508998999999676 13
1741136384383 31.542124999999942 14
1741136395035 34.219658999999865 15
1741136405562 36.03847999999971 16
1741136415630 37.13465300000007 17
1741136427322 38.38559299999997 18
1741136437384 41.0271029999999 19
1741136448883 45.444544999999835 20
1741136458924 47.767739999999776 21
1741136469973 50.73737399999982 22
1741136480012 52.858276999999816 23
1741136490971 55.54247200000009 24
1741136501015 56.462504999999965 25
1741136512109 58.271026999999776 26
1741136522177 59.4948059999997 27
1741136533300 65.6868730000001 28
1741136543367 67.96991899999966 29
1741136553601 70.43203499999981 30
1741136563801 74.1038779999999 31
1741136573993 75.70954600000005 32
1741136584129 77.45214099999976 33
1741136594288 79.72351200000003 34
1741136604763 81.30051999999978 35
1741136614840 82.37760099999969 36
1741136626811 84.00945000000002 37
1741136636852 88.6041409999998 38
1741136647947 91.0837349999997 39
1741136658005 92.56053100000008 40
1741136669073 94.04722199999969 41
1741136679142 96.2620079999997 42
1741136690194 98.38838699999997 43
1741136700235 99.20540200000005 44
1741136711471 99.21404499999971 45
1741136721563 102.03765900000008 46
1741136732590 104.06592300000011 47
1741136745474 106.55398699999978 48
1741136755785 108.61166400000002 49
1741136765937 111.37997799999994 50
1741136776259 113.31382099999973 51
1741136786539 115.94286199999988 52
1741136796755 120.44577200000003 53
1741136806794 121.58199399999967 54
1741136818205 122.65801199999987 55
1741136828244 123.64388899999994 56
1741136839437 124.91710699999976 57
1741136849502 125.38698999999997 58
1741136860804 126.16188800000009 59
1741136870876 127.03668799999969 60
1741136881996 128.4940499999998 61
1741136892034 130.41035899999997 62
1741136903713 131.9381639999997 63
1741136913741 133.39123999999993 64
1741136925096 134.7533129999997 65
1741136935124 136.78559799999994 66
1741136945710 138.42112599999973 67
1741136956086 140.4056999999998 68
1741136966748 142.02360599999975 69
1741136977244 144.4067970000001 70
1741136987680 148.93109000000004 71
1741136998119 159.7505339999998 72
1741137008197 165.23202300000003 73
1741137020207 166.4193620000001 74
1741137030244 168.7966379999998 75
1741137041846 173.25036 76
1741137051910 175.52761199999986 77
1741137063349 177.08165099999997 78
1741137073416 178.09925799999974 79
1741137085183 179.87526200000002 80
1741137095250 181.49046899999985 81
1741137106518 181.9386489999997 82
1741137116587 183.27468799999997 83
1741137127972 185.05064399999992 84
1741137140911 186.62790899999982 85
1741137151370 187.7077449999997 86
1741137161753 189.16393500000004 87
1741137172318 190.60790700000007 88
1741137182905 192.4414240000001 89
1741137193272 195.80942000000005 90
1741137203309 197.23997699999973 91
1741137214817 198.23520999999982 92
1741137224867 200.25825299999997 93
1741137236700 203.61884800000007 94
1741137246807 211.0884820000001 95
1741137258224 218.62790399999994 96
1741137268288 226.6297669999999 97
1741137279863 231.85111499999994 98
1741137289935 235.64855399999988 99
1741137301575 238.03704599999992 100
1741137311647 240.27935399999978 101
1741137323294 244.34900599999992 102
1741137333350 246.53419499999973 103
1741137344220 247.30326399999967 104
1741137354677 250.32502699999986 105
1741137364982 252.01344599999993 106
1741137375529 256.37489000000005 107
1741137386045 261.823347 108
1741137396592 268.7497479999997 109
1741137406672 277.486171 110
1741137416721 281.00988000000007 111
1741137427999 281.50803700000006 112
1741137438046 282.79343199999994 113
1741137449945 284.5700889999998 114
1741137460024 297.5017130000001 115
1741137471728 297.67878199999996 116
1741137481759 299.2737669999997 117
1741137493448 300.02086999999983 118
1741137503542 300.2289179999998 119
1741137515165 300.241794 120
1741137525231 300.24682399999983 121
1741137536579 300.26793 122
1741137548616 303.00898199999983 123
1741137559315 305.47570799999994 124
1741137570154 308.3438729999998 125
1741137580906 311.30324599999994 126
1741137591442 314.5784100000001 127
1741137601763 318.2738260000001 128
1741137616802 321.36646199999996 129
1741137626856 323.33197500000006 130
1741137638673 325.05733299999974 131
1741137648721 335.9429500000001 132
1741137660816 337.67337599999973 133
1741137670873 339.83421799999996 134
1741137682927 347.8020309999997 135
1741137692973 359.06833000000006 136
1741137703047 359.0894209999997 137
1741137713111 359.10093400000005 138
1741137723162 359.10980500000005 139
1741137735424 359.12213900000006 140
1741137748825 359.1918489999998 141
1741137759346 359.4658730000001 142
1741137770204 359.814351 143
1741137780882 360.4248969999999 144
1741137792596 365.0273079999997 145
1741137803128 372.60006399999975 146
1741137813209 375.3351359999997 147
1741137825296 377.94094799999993 148
1741137835368 381.8193809999998 149
1741137847471 386.16807500000004 150
1741137857518 389.29602799999975 151
1741137869324 393.4570709999998 152
1741137879421 396.83366099999967 153
1741137891261 399.90470099999993 154
1741137901332 403.5256220000001 155
1741137913435 405.94276899999977 156
1741137923523 411.81725800000004 157
1741137935394 419.2163539999997 158
1741137945472 425.66473799999994 159
1741137957103 430.285077 160
1741137967845 432.06454699999995 161
1741137978624 433.35014599999977 162
1741137989462 433.98746299999993 163
1741138000543 435.5577760000001 164
1741138011400 439.36609799999997 165
1741138021478 441.1891989999999 166
1741138031525 443.64474999999993 167
1741138043362 445.71571300000005 168
1741138053407 450.67399799999976 169
1741138065509 452.72316999999975 170
1741138075589 456.9017279999998 171
1741138087867 461.693264 172
1741138097916 470.7565689999997 173
1741138110121 474.82186 174
1741138120226 477.9077159999997 175
1741138132456 480.3850749999997 176
1741138142533 483.9609059999998 177
1741138154645 486.7577339999998 178
1741138166898 488.310978 179
1741138177662 494.8823560000001 180
1741138188458 496.9829359999999 181
1741138199089 497.0868529999998 182
1741138209836 497.3139510000001 183
1741138220320 497.8072159999997 184
1741138230394 510.5676370000001 185
1741138240452 512.5995559999997 186
1741138250532 514.9182889999997 187
1741138262472 516.2445479999997 188
1741138272524 517.7510910000001 189
1741138284742 519.3928229999997 190
1741138294768 521.0164279999999 191
1741138307092 522.9815519999997 192
1741138317143 523.8404700000001 193
1741138329530 526.1304110000001 194
1741138339586 527.6291739999997 195
1741138349644 529.0638989999998 196
1741138360565 530.838272 197
1741138372793 532.2157199999997 198
1741138383691 534.4146189999997 199
1741138394744 535.0562420000001 200
1741138405520 536.7924349999998 201
1741138416511 538.4000889999998 202
1741138427260 540.4387879999999 203
1741138437344 541.983956 204
1741138447454 543.5173580000001 205
1741138457494 544.6678959999999 206
1741138467545 546.3300839999997 207
1741138477576 548.1477 208
1741138490062 549.4742249999999 209
1741138500709 549.4917839999998 210
1741138510819 549.5654329999998 211
1741138523101 558.067106 212
1741138533204 558.1089779999998 213
1741138543304 558.1320649999998 214
1741138555513 558.230716 215
1741138565609 558.3413350000001 216
1741138578181 558.3482489999997 217
1741138589404 559.3143970000001 218
1741138600245 559.3236939999997 219
1741138611105 567.7114809999998 220
1741138621937 568.4927699999998 221
1741138632769 585.6951429999999 222
1741138642908 603.1743280000001 223
1741138654960 611.5755819999999 224
1741138665056 611.9783399999997 225
1741138677451 612.1529999999998 226
1741138687571 613.241184 227
1741138699932 622.7050799999997 228
1741138710057 622.9449409999997 229
1741138720182 623.2545369999998 230
1741138730224 623.334942 231
1741138740324 623.3719339999998 232
1741138750501 623.4046629999998 233
1741138760673 623.4127009999997 234
1741138770794 623.4249030000001 235
1741138780844 623.44254 236
1741138790885 623.4943169999997 237
1741138800928 623.5037979999997 238
1741138811695 624.4782689999997 239
1741138822533 626.268885 240
1741138833719 627.3085689999998 241
1741138844679 629.7527999999998 242
1741138855737 631.6357009999997 243
1741138865850 640.1618049999997 244
1741138875944 641.9766589999999 245
1741138888228 642.113441 246
1741138898329 643.1292589999998 247
1741138908365 643.1650009999998 248
1741138920251 648.9923650000001 249
1741138930347 649.0766119999998 250
1741138940449 649.488859 251
1741138951972 656.8017850000001 252
1741138962079 658.5238939999999 253
1741138972137 659.9868339999998 254
1741138983861 668.3342199999997 255
1741138993959 668.5416749999999 256
1741139008105 678.6976049999998 257
1741139020249 680.3760910000001 258
1741139032107 682.0885589999998 259
1741139043993 683.1008539999998 260
1741139055402 683.6813360000001 261
1741139067325 685.069767 262
1741139077683 686.332993 263
1741139091272 687.5901650000001 264
1741139101858 688.8876919999998 265
1741139111970 689.7220079999997 266
1741139124500 690.316738 267
1741139134597 691.5348859999999 268
1741139144702 692.6946680000001 269
1741139156529 694.0083829999999 270
1741139166636 695.8122779999999 271
1741139176742 696.938525 272
1741139188757 697.7139179999999 273
1741139198889 698.6036059999997 274
1741139208963 699.986543 275
1741139220801 706.9326379999998 276
1741139233325 715.0388129999997 277
1741139244515 718.1886529999997 278
1741139255642 719.4889599999997 279
1741139266851 721.290234 280
1741139278214 728.1566640000001 281
1741139291345 729.343699 282
1741139304445 729.6122839999998 283
1741139314552 739.217091 284
1741139324664 739.265461 285
1741139336827 739.2888979999998 286
1741139346931 739.4958499999998 287
1741139357048 739.5777979999998 288
1741139368995 739.6564209999997 289
1741139379110 739.7860209999999 290
1741139389156 739.808724 291
1741139400985 739.8137589999997 292
1741139411113 739.955966 293
1741139421223 739.996682 294
1741139432689 740.018278 295
1741139442798 740.06421 296
1741139453081 743.1007970000001 297
1741139464374 744.7023300000001 298
1741139475635 754.4792819999998 299
1741139487037 762.7778789999998 300
1741139498208 767.029176 301
1741139508254 768.4812889999998 302
1741139518380 770.9517820000001 303
1741139530755 773.9895819999997 304
1741139540869 777.7612279999998 305
1741139550980 778.197854 306
1741139563061 778.2142750000003 307
1741139573106 779.0806789999997 308
1741139583207 779.1671619999997 309
1741139596016 779.175099 310
1741139606520 779.4053299999996 311
1741139616659 779.5444870000001 312
1741139626710 779.5466939999997 313
1741139636794 779.5618329999998 314
1741139646937 779.567865 315
1741139657850 780.8462030000001 316
1741139667941 780.8622009999999 317
1741139680837 780.8726239999996 318
1741139691977 780.877915 319
1741139702041 800.8548529999998 320
1741139713680 802.7042099999999 321
1741139726301 805.3095469999998 322
1741139736434 808.2409449999996 323
1741139749200 809.8517679999995 324
1741139759490 809.8998789999996 325
1741139769762 809.9123790000003 326
1741139779883 809.975152 327
1741139790033 809.9859530000003 328
1741139800085 810.152043 329
1741139810147 810.1690040000003 330
1741139820488 810.1723759999995 331
1741139830881 811.0418250000002 332
1741139840984 815.395372 333
1741139851080 819.5816299999997 334
1741139861207 822.7986270000001 335
1741139871269 826.7980150000003 336
1741139881384 829.05134 337
1741139894589 834.0611049999998 338
1741139906013 836.3291829999998 339
1741139918143 836.7059399999998 340
1741139930197 837.4956359999996 341
1741139942059 837.7504680000002 342
1741139953944 838.238128 343
1741139964075 838.2651969999997 344
1741139977294 838.2717029999994 345
1741139987358 839.6473489999998 346
1741139997493 839.6523200000001 347
1741140009928 839.8184039999996 348
1741140020046 843.383726 349
1741140030188 843.4006639999998 350
1741140040306 843.4777189999995 351
1741140052472 844.239732 352
1741140062600 845.3839179999995 353
1741140072711 845.4217090000002 354
1741140082825 849.0892130000002 355
1741140095230 853.5943580000003 356
1741140105358 857.8033070000001 357
1741140115411 861.0287909999997 358
1741140126040 861.9265749999995 359
1741140137939 862.4648809999999 360
1741140149410 866.9432029999998 361
1741140160804 867.426888 362
1741140172207 870.2545380000001 363
1741140182421 885.3902559999997 364
1741140195448 887.5028439999996 365
1741140205587 892.5287269999999 366
1741140215709 894.3579339999997 367
1741140228311 899.084269 368
1741140238438 901.2170379999998 369
1741140248554 903.8643169999996 370
1741140258675 904.4604639999998 371
1741140270625 905.7582809999994 372
1741140280760 909.9943800000001 373
1741140290848 911.5893269999997 374
1741140300962 933.8140510000003 375
1741140313295 936.1571429999995 376
1741140323405 937.7051199999996 377
1741140333514 938.2850289999997 378
1741140344226 941.5452269999996 379
1741140356014 942.5883139999996 380
1741140367594 946.6158159999995 381
1741140379310 946.8501189999997 382
1741140390687 949.8388070000001 383
1741140400820 957.4664110000003 384
1741140413848 961.0210589999997 385
1741140423973 963.401546 386
1741140434099 964.9604360000003 387
1741140444213 966.838917 388
1741140456835 969.6730040000002 389
1741140466919 972.1038840000001 390
1741140477023 972.7272400000002 391
1741140487143 975.496314 392
1741140499330 975.9003729999995 393
1741140509458 975.9357899999995 394
1741140519581 975.9726819999996 395
1741140529637 976.062927 396
1741140542054 976.1716029999998 397
1741140552189 976.4202960000002 398
1741140563756 976.6413469999998 399
1741140575802 978.7740819999999 400
1741140587268 979.166647 401
1741140598984 979.7514249999995 402
1741140610554 982.883707 403
1741140620816 986.1922109999996 404
1741140634219 987.7019319999999 405
1741140644355 991.7639799999997 406
1741140654415 992.6050599999999 407
1741140664546 993.5175010000003 408
1741140676842 996.6491829999995 409
1741140686979 998.7378900000003 410
1741140697101 1000.0358479999995 411
1741140707141 1003.37885 412
1741140719192 1005.2269230000002 413
1741140729294 1007.7296660000002 414
1741140739423 1009.5996439999999 415
1741140749529 1011.3283970000002 416
1741140761893 1019.0183889999998 417
1741140771938 1022.5984060000001 418
1741140783504 1027.795247 419
1741140795540 1034.4767579999998 420
1741140807308 1036.2299759999996 421
1741140819043 1039.6346359999998 422
1741140830927 1041.9026999999996 423
1741140841181 1045.9152960000001 424
1741140854596 1050.9701640000003 425
1741140864722 1053.556767 426
1741140874858 1056.405036 427
1741140884982 1058.135308 428
1741140897315 1058.797224 429
1741140907427 1059.0830719999994 430
1741140917563 1059.249656 431
1741140927681 1060.037467 432
1741140939857 1060.4692349999996 433
1741140949916 1062.465279 434
1741140960033 1063.3916399999998 435
1741140970143 1063.4578199999996 436
1741140982688 1067.813959 437
1741140992793 1074.104069 438
1741141004549 1079.064273 439
1741141016340 1082.4659510000001 440
1741141028164 1084.9128970000002 441
1741141040029 1084.9677300000003 442
1741141051853 1084.9781240000002 443
1741141062206 1086.5411379999996 444
1741141077082 1096.485941 445
1741141087194 1100.4709379999995 446
1741141097321 1102.3491359999998 447
1741141107455 1106.9281030000002 448
1741141117558 1109.6840510000002 449
1741141127604 1109.7053260000002 450
1741141137646 1110.4014479999996 451
1741141149095 1110.5979909999996 452
1741141161309 1110.9859159999996 453
1741141173009 1112.7668039999999 454
1741141183517 1118.5565509999997 455
1741141194520 1120.3208560000003 456
1741141204972 1124.471477 457
1741141215179 1128.268508 458
1741141230626 1132.8594309999999 459
1741141243245 1139.7426589999995 460
1741141256350 1143.6133300000001 461
1741141266467 1145.7820300000003 462
1741141277867 1149.0416839999998 463
1741141290486 1151.9009379999998 464
1741141305122 1153.172313 465
1741141320247 1154.3407349999998 466
1741141330787 1155.5042430000003 467
1741141340835 1156.2102029999996 468
1741141350969 1161.224585 469
1741141361013 1167.1047769999996 470
1741141371057 1167.7709969999996 471
1741141381154 1170.3006859999996 472
1741141393642 1171.6940589999995 473
1741141403745 1173.9780300000002 474
1741141413866 1175.6332249999996 475
1741141423946 1177.3126219999995 476
1741141434036 1179.0368259999996 477
1741141444134 1180.850767 478
1741141456762 1183.0272109999996 479
1741141466851 1185.2699700000003 480
1741141478523 1187.2687260000002 481
1741141490751 1188.7868170000002 482
1741141502578 1190.7987999999996 483
1741141514457 1194.0151409999999 484
1741141526366 1195.5906089999999 485
1741141536407 1198.0115429999996 486
1741141546884 1199.0667359999998 487
1741141557160 1202.0261089999995 488
1741141567231 1203.2895579999995 489
1741141577365 1204.98038 490
1741141587444 1206.1497229999995 491
1741141597527 1207.4728699999996 492
1741141607626 1208.1264389999997 493
1741141620187 1208.146482 494
1741141630290 1208.3653960000001 495
1741141640374 1213.770681 496
1741141650457 1222.6777659999998 497
1741141660532 1222.6939069999999 498
1741141670663 1222.7014479999998 499
1741141683270 1222.871134 500
1741141693315 1224.0536000000002 501
1741141705331 1224.0586489999996 502
1741141717418 1225.6385719999998 503
1741141729470 1227.2002729999995 504
1741141741473 1227.3567590000002 505
1741141753778 1227.459194 506
1741141763858 1227.4937920000002 507
1741141773988 1227.5096860000003 508
1741141784038 1227.5222059999996 509
1741141794083 1227.5255749999997 510
1741141804180 1230.7432719999997 511
1741141814232 1232.8289370000002 512
1741141824281 1233.7494349999997 513
1741141834386 1235.362231 514
1741141844438 1237.8268149999994 515
1741141854481 1238.288799 516
1741141864699 1239.2267540000003 517
1741141875046 1239.9051099999997 518
1741141885134 1240.9557640000003 519
1741141895248 1241.5762100000002 520
1741141905604 1242.5210639999996 521
1741141916085 1243.23556 522
1741141926999 1244.2321409999995 523
1741141937053 1245.1039869999995 524
1741141949459 1245.8321539999997 525
1741141962516 1246.4866679999996 526
1741141972597 1247.5306650000002 527
1741141984362 1248.4682590000002 528
1741141999004 1249.1871140000003 529
1741142015060 1250.3107789999995 530
1741142025843 1263.6932639999995 531
1741142036291 1266.147325 532
1741142047111 1267.2447940000002 533
1741142058342 1270.169962 534
1741142070019 1274.6570220000003 535
1741142081577 1278.1926109999995 536
1741142093131 1280.7403720000002 537
1741142103274 1281.8154880000002 538
1741142113330 1288.1566969999994 539
1741142123386 1298.4833330000001 540
1741142133488 1298.7303430000002 541
1741142143541 1298.7847190000002 542
1741142153596 1298.8774759999997 543
1741142168581 1301.2615290000003 544
1741142180775 1302.9750299999996 545
1741142192941 1305.5201559999996 546
1741142205150 1306.9925199999998 547
1741142217797 1308.9337699999996 548
1741142230037 1311.3379640000003 549
1741142240842 1312.978685 550
1741142255784 1315.2500179999997 551
1741142265865 1316.5380809999997 552
1741142275953 1319.0873059999994 553
1741142286080 1320.9478159999999 554
1741142296128 1323.708842 555
1741142306202 1324.7985159999998 556
1741142316255 1327.3653329999997 557
1741142326311 1328.4865119999995 558
1741142336350 1329.2093880000002 559
1741142346400 1329.6623209999998 560
1741142356450 1330.4161249999997 561
1741142366502 1331.189657 562
1741142376556 1331.387866 563
1741142386613 1331.4086019999995 564
1741142400546 1333.8159770000002 565
1741142413298 1336.9881749999995 566
1741142425777 1339.4368299999996 567
1741142437917 1342.0720659999997 568
1741142450024 1342.2681839999996 569
1741142462242 1345.486884 570
1741142473213 1345.8679229999998 571
1741142487244 1357.7261170000002 572
1741142497331 1363.0650059999998 573
1741142507370 1363.4269450000002 574
1741142517474 1363.7850760000001 575
1741142527546 1365.2308709999998 576
1741142537744 1365.444383 577
1741142548373 1365.5149970000002 578
1741142559870 1365.7556249999998 579
1741142571374 1365.9959319999998 580
1741142582631 1366.1812909999999 581
1741142593562 1366.2607609999995 582
1741142604799 1366.272129 583
1741142616569 1366.3206789999995 584
1741142627921 1366.4445530000003 585
1741142638175 1366.47019 586
1741142649380 1366.4837159999997 587
1741142659606 1366.4961899999998 588
1741142671953 1366.5086249999995 589
1741142682090 1366.513258 590
1741142694213 1366.5180869999995 591
1741142704348 1366.5223569999998 592
1741142716402 1366.540059 593
1741142726525 1366.5439829999996 594
1741142738749 1366.5599510000002 595
1741142749515 1366.5794960000003 596
1741142760323 1366.6552659999998 597
1741142771838 1366.9584990000003 598
1741142782516 1367.064198 599
1741142793794 1367.6141909999997 600
1741142805075 1367.641138 601
1741142816005 1367.672635 602
1741142827224 1368.3673579999995 603
1741142838380 1369.877536 604
1741142849232 1371.5099879999998 605
1741142859689 1371.540419 606
1741142870976 1371.54947 607
1741142882247 1377.9065069999997 608
1741142893079 1384.1273149999997 609
1741142904245 1384.177906 610
1741142914316 1384.292015 611
1741142927420 1384.3494149999997 612
1741142937483 1384.3910219999998 613
1741142949594 1384.4213440000003 614
1741142962561 1384.448464 615
1741142975576 1384.4791770000002 616
1741142985665 1384.5363619999998 617
1741142998641 1384.7291459999997 618
1741143008829 1384.8364579999998 619
1741143019154 1384.8582029999998 620
1741143030372 1384.8615119999995 621
1741143041000 1385.2857599999998 622
1741143051547 1385.5516779999998 623
1741143061867 1385.5860869999997 624
1741143072300 1385.5960210000003 625
1741143082719 1385.6096419999994 626
1741143093530 1385.644875 627
1741143104126 1385.8057589999999 628
1741143114452 1386.0049559999998 629
1741143125265 1386.0803310000001 630
1741143136022 1386.1229969999995 631
1741143148075 1386.5638609999996 632
1741143161120 1397.0974740000001 633
1741143173918 1404.558083 634
1741143186794 1405.273107 635
1741143199768 1405.3103599999995 636
1741143212705 1405.3481929999998 637
1741143224927 1405.3744729999999 638
1741143240837 1406.6781419999998 639
1741143251475 1406.7118449999998 640
1741143261781 1406.7530690000003 641
1741143272285 1406.7690299999995 642
1741143282561 1406.879323 643
1741143292958 1406.895136 644
1741143303220 1406.8990450000001 645
1741143313686 1406.9205629999997 646
1741143324052 1406.9981200000002 647
1741143335764 1407.033004 648
1741143346730 1408.6925430000001 649
1741143357252 1408.7200750000002 650
1741143367615 1408.7524169999997 651
1741143378377 1408.7794009999998 652
1741143389267 1408.898384 653
1741143400045 1408.9778209999995 654
1741143412957 1409.3033999999998 655
1741143423053 1409.3790760000002 656
1741143435511 1409.421418 657
1741143448579 1409.4603889999999 658
1741143462015 1409.8579929999996 659
1741143474175 1409.9589889999997 660
1741143490403 1410.8294939999996 661
1741143501230 1414.7790180000002 662
1741143512028 1415.42022 663
1741143522982 1417.115788 664
1741143533774 1419.2765239999999 665
1741143544190 1419.364872 666
1741143555297 1419.395496 667
1741143565965 1419.4185589999997 668
1741143576731 1419.4351459999998 669
1741143587135 1419.4613090000003 670
1741143597629 1419.4805930000002 671
1741143608475 1419.489767 672
1741143619073 1419.6128449999997 673
1741143629983 1420.0133429999996 674
1741143640902 1420.0305499999995 675
1741143651758 1422.938153 676
1741143661852 1422.990299 677
1741143673710 1423.0379599999997 678
1741143686497 1428.3113469999998 679
1741143699313 1430.3385689999996 680
1741143709357 1432.1690419999995 681
1741143721360 1432.562438 682
1741143731470 1432.591249 683
1741143741663 1432.6390549999996 684
1741143751732 1432.6790570000003 685
1741143761803 1432.8455859999995 686
1741143772428 1433.1649769999995 687
1741143782838 1433.2141259999999 688
1741143793623 1433.2351159999998 689
1741143804178 1433.2918639999998 690
1741143815247 1433.3130220000003 691
1741143825663 1433.4267389999995 692
1741143836720 1434.4446120000002 693
1741143847600 1437.992115 694
1741143858942 1439.8759849999997 695
1741143870354 1441.4018409999999 696
1741143881505 1445.236027 697
1741143892313 1447.7998099999995 698
1741143903478 1448.9828580000003 699
1741143913523 1450.0379059999996 700
1741143925845 1450.7321270000002 701
1741143935896 1451.4376350000002 702
1741143948875 1453.846657 703
1741143958964 1457.0197779999999 704
1741143971526 1459.495511 705
1741143981633 1460.7637459999996 706
1741143996398 1461.4236769999998 707
1741144007219 1463.388543 708
1741144018158 1463.8666629999998 709
1741144029240 1464.605082 710
1741144040287 1466.1799949999995 711
1741144052400 1467.249836 712
1741144064066 1474.964274 713
1741144075017 1481.9012739999998 714
1741144085676 1482.586531 715
1741144096880 1483.2380739999999 716
1741144107769 1483.9524819999997 717
1741144119019 1485.7250459999996 718
1741144130084 1487.4663199999995 719
1741144141326 1488.368939 720
1741144152226 1489.8249930000002 721
1741144163780 1491.9147029999995 722
1741144173861 1493.985388 723
1741144183955 1496.159552 724
1741144197281 1499.6013320000002 725
1741144207418 1502.4797559999997 726
1741144219891 1503.424406 727
1741144229957 1505.8511360000002 728
1741144240416 1506.3142520000001 729
1741144256068 1510.6567999999997 730
1741144266814 1513.6101680000002 731
1741144277802 1514.97343 732
1741144288588 1516.8416399999996 733
1741144299286 1518.4572710000002 734
1741144310470 1519.0430429999997 735
1741144321734 1520.16068 736
1741144332957 1520.9318979999998 737
1741144344186 1522.8257169999997 738
1741144356029 1525.0020329999998 739
1741144368177 1530.0094950000002 740
1741144379117 1531.0375830000003 741
1741144389919 1532.006555 742
1741144400598 1532.6538220000002 743
1741144411260 1534.0729929999998 744
1741144422593 1534.8420749999996 745
1741144432690 1535.7137000000002 746
1741144445153 1536.547909 747
1741144455238 1538.2920299999996 748
1741144467736 1538.8790049999998 749
1741144477842 1539.8918759999997 750
1741144490069 1541.22638 751
1741144500147 1542.322784 752
1741144511743 1542.861935 753
1741144522353 1545.755137 754
1741144532938 1557.8020129999995 755
1741144543554 1558.4401559999997 756
1741144553883 1558.4715139999998 757
1741144564323 1558.508054 758
1741144575018 1559.4019749999998 759
1741144585363 1561.867507 760
1741144595868 1564.343374 761
1741144606412 1565.1135159999994 762
1741144616871 1575.5546679999998 763
1741144627395 1575.987298 764
1741144638021 1576.1336970000002 765
1741144648436 1578.4076649999997 766
1741144658764 1579.5804259999995 767
1741144669551 1584.0060050000002 768
1741144679661 1584.4974979999997 769
1741144691756 1586.289181 770
1741144701821 1588.726772 771
1741144713739 1592.0026479999997 772
1741144723833 1592.669191 773
1741144735823 1594.0316789999997 774
1741144745921 1595.2885150000002 775
1741144759131 1596.7921049999995 776
1741144770164 1598.0978409999998 777
1741144780705 1599.4591499999997 778
1741144791373 1599.9553880000003 779
1741144802541 1601.274711 780
1741144813531 1602.1590139999998 781
1741144824728 1603.5266869999996 782
1741144836237 1604.5130019999997 783
1741144847800 1606.2470949999997 784
1741144858740 1607.5826449999995 785
1741144869994 1609.9131719999996 786
1741144881352 1611.3008199999995 787
1741144892646 1615.0533079999996 788
1741144904107 1616.1001390000001 789
1741144914782 1618.230337 790
1741144927366 1619.0265609999997 791
1741144937459 1620.1026970000003 792
1741144950729 1620.9894130000002 793
1741144963987 1622.7226300000002 794
1741144974087 1623.6765379999997 795
1741144986448 1624.3436700000002 796
1741144996543 1627.3196989999997 797
1741145006833 1628.6832400000003 798
1741145020527 1636.6856829999997 799
1741145031526 1638.6736140000003 800
1741145042378 1639.338979 801
1741145053050 1639.996228 802
1741145064081 1640.7685919999994 803
1741145074872 1641.6215979999997 804
1741145085664 1642.8772559999998 805
1741145096621 1644.0405 806
1741145108241 1645.420841 807
1741145119233 1646.7172799999998 808
1741145130085 1651.0561269999998 809
1741145140925 1652.606839 810
1741145151939 1653.5605930000002 811
1741145163296 1654.456389 812
1741145174004 1655.202781 813
1741145185371 1656.1350759999996 814
1741145195448 1657.1610680000003 815
1741145208934 1658.2649949999995 816
1741145219037 1660.9666189999998 817
1741145229153 1662.6395240000002 818
1741145242144 1664.3055990000003 819
1741145252233 1667.763129 820
1741145263366 1669.9315420000003 821
