1741136234610 15356.0 0
1741136246146 15349.1 1
1741136256182 15325.6 2
1741136267521 15321.3 3
1741136277539 15340.3 4
1741136289186 15349.1 5
1741136299211 15337.9 6
1741136310481 15337.0 7
1741136320511 15338.8 8
1741136331580 15331.8 9
1741136341612 15337.5 10
1741136352881 15288.8 11
1741136363634 15294.8 12
1741136374194 15303.3 13
1741136384383 15292.7 14
1741136395035 15310.0 15
1741136405562 15278.4 16
1741136415630 15276.7 17
1741136427322 15288.7 18
1741136437384 15278.9 19
1741136448883 15298.7 20
1741136458924 15296.6 21
1741136469973 15306.8 22
1741136480012 15314.8 23
1741136490971 15270.1 24
1741136501015 15266.5 25
1741136512109 15291.9 26
1741136522177 15269.3 27
1741136533300 15301.5 28
1741136543367 15273.1 29
1741136553601 15269.0 30
1741136563801 15272.5 31
1741136573993 15281.7 32
1741136584129 15295.4 33
1741136594288 15282.5 34
1741136604763 15286.6 35
1741136614840 15280.2 36
1741136626811 15641.2 37
1741136636852 15326.6 38
1741136647947 15337.5 39
1741136658005 15143.3 40
1741136669073 15158.1 41
1741136679142 15175.0 42
1741136690194 15180.1 43
1741136700235 15184.7 44
1741136711471 15202.8 45
1741136721563 15214.9 46
1741136732590 15203.6 47
1741136745474 15202.1 48
1741136755785 15205.8 49
1741136765937 15229.7 50
1741136776259 15214.9 51
1741136786539 15215.5 52
1741136796755 15215.3 53
1741136806794 15215.4 54
1741136818205 15227.7 55
1741136828244 15267.0 56
1741136839437 15288.0 57
1741136849502 15275.6 58
1741136860804 15266.9 59
1741136870876 15271.3 60
1741136881996 15278.0 61
1741136892034 15281.9 62
1741136903713 15279.0 63
1741136913741 15266.3 64
1741136925096 15289.5 65
1741136935124 15285.4 66
1741136945710 15273.0 67
1741136956086 15283.0 68
1741136966748 15291.7 69
1741136977244 15287.0 70
1741136987680 15284.6 71
1741136998119 15286.9 72
1741137008197 15289.9 73
1741137020207 15666.6 74
1741137030244 15336.8 75
1741137041846 15336.2 76
1741137051910 15340.7 77
1741137063349 15342.9 78
1741137073416 15356.0 79
1741137085183 15353.1 80
1741137095250 15350.3 81
1741137106518 15342.6 82
1741137116587 15344.9 83
1741137127972 15356.2 84
1741137140911 15359.9 85
1741137151370 15348.6 86
1741137161753 15364.2 87
1741137172318 15365.1 88
1741137182905 15360.6 89
1741137193272 15333.6 90
1741137203309 15349.1 91
1741137214817 15363.3 92
1741137224867 15386.0 93
1741137236700 15392.6 94
1741137246807 15413.6 95
1741137258224 15415.4 96
1741137268288 15415.4 97
1741137279863 15415.2 98
1741137289935 15424.5 99
1741137301575 15416.9 100
1741137311647 15424.5 101
1741137323294 15418.5 102
1741137333350 15418.8 103
1741137344220 15405.7 104
1741137354677 15417.3 105
1741137364982 15445.9 106
1741137375529 15432.9 107
1741137386045 15426.5 108
1741137396592 15427.4 109
1741137406672 15426.6 110
1741137416721 15782.0 111
1741137427999 15481.7 112
1741137438046 15485.1 113
1741137449945 15480.6 114
1741137460024 15476.9 115
1741137471728 15487.8 116
1741137481759 15491.1 117
1741137493448 15494.8 118
1741137503542 15504.9 119
1741137515165 15502.8 120
1741137525231 15495.8 121
1741137536579 15493.6 122
1741137548616 15513.2 123
1741137559315 15314.2 124
1741137570154 15368.5 125
1741137580906 15372.6 126
1741137591442 15373.1 127
1741137601763 15367.1 128
1741137616802 15364.9 129
1741137626856 15416.6 130
1741137638673 15419.7 131
1741137648721 15427.7 132
1741137660816 15428.0 133
1741137670873 15441.1 134
1741137682927 15442.9 135
1741137692973 15509.4 136
1741137703047 15700.5 137
1741137713111 15735.7 138
1741137723162 15739.5 139
1741137735424 15750.9 140
1741137748825 15621.7 141
1741137759346 15531.3 142
1741137770204 15512.1 143
1741137780882 15519.8 144
1741137792596 15506.2 145
1741137803128 15770.3 146
1741137813209 15610.1 147
1741137825296 15588.3 148
1741137835368 15568.4 149
1741137847471 15589.7 150
1741137857518 15572.6 151
1741137869324 15564.4 152
1741137879421 15533.4 153
1741137891261 15533.7 154
1741137901332 15543.5 155
1741137913435 15551.6 156
1741137923523 15552.8 157
1741137935394 15549.0 158
1741137945472 15543.3 159
1741137957103 15534.7 160
1741137967845 15561.5 161
1741137978624 15556.5 162
1741137989462 15550.3 163
1741138000543 15557.7 164
1741138011400 15569.9 165
1741138021478 15551.7 166
1741138031525 15868.6 167
1741138043362 15550.8 168
1741138053407 15548.4 169
1741138065509 15563.0 170
1741138075589 15610.3 171
1741138087867 15637.9 172
1741138097916 15634.6 173
1741138110121 15617.5 174
1741138120226 15605.9 175
1741138132456 15599.2 176
1741138142533 15604.7 177
1741138154645 15242.8 178
1741138166898 15245.3 179
1741138177662 15265.5 180
1741138188458 15262.2 181
1741138199089 15267.4 182
1741138209836 15272.4 183
1741138220320 15263.6 184
1741138230394 15257.2 185
1741138240452 15832.2 186
1741138250532 15308.7 187
1741138262472 15320.7 188
1741138272524 15334.2 189
1741138284742 15331.3 190
1741138294768 15285.5 191
1741138307092 15284.6 192
1741138317143 15293.7 193
1741138329530 15308.3 194
1741138339586 15301.0 195
1741138349644 15314.9 196
1741138360565 15318.8 197
1741138372793 15290.7 198
1741138383691 15314.5 199
1741138394744 15312.8 200
1741138405520 15308.6 201
1741138416511 15307.5 202
1741138427260 15305.4 203
1741138437344 15302.1 204
1741138447454 15875.2 205
1741138457494 15463.9 206
1741138467545 15167.0 207
1741138477576 15460.0 208
1741138490062 15402.2 209
1741138500709 15384.7 210
1741138510819 15286.4 211
1741138523101 15277.5 212
1741138533204 15263.5 213
1741138543304 15249.8 214
1741138555513 15245.8 215
1741138565609 15259.7 216
1741138578181 15263.7 217
1741138589404 15263.6 218
1741138600245 15289.1 219
1741138611105 15263.0 220
1741138621937 15251.7 221
1741138632769 15263.8 222
1741138642908 15254.3 223
1741138654960 15222.1 224
1741138665056 15484.9 225
1741138677451 15358.1 226
1741138687571 15374.1 227
1741138699932 15382.3 228
1741138710057 15422.4 229
1741138720182 15422.9 230
1741138730224 15433.9 231
1741138740324 15460.8 232
1741138750501 15484.3 233
1741138760673 15483.6 234
1741138770794 15451.5 235
1741138780844 15706.3 236
1741138790885 15986.0 237
1741138800928 15868.0 238
1741138811695 15805.3 239
1741138822533 15755.2 240
1741138833719 15647.4 241
1741138844679 15630.8 242
1741138855737 15622.1 243
1741138865850 15706.2 244
1741138875944 16055.3 245
1741138888228 15651.4 246
1741138898329 15638.7 247
1741138908365 15632.6 248
1741138920251 15660.1 249
1741138930347 15666.6 250
1741138940449 15662.4 251
1741138951972 15650.8 252
1741138962079 15634.7 253
1741138972137 15593.2 254
1741138983861 15636.4 255
1741138993959 15623.6 256
1741139008105 15620.7 257
1741139020249 15534.1 258
1741139032107 15547.3 259
1741139043993 15561.3 260
1741139055402 15253.4 261
1741139067325 15244.1 262
1741139077683 15242.3 263
1741139091272 15246.6 264
1741139101858 15311.9 265
1741139111970 15483.0 266
1741139124500 15427.0 267
1741139134597 15418.1 268
1741139144702 15384.1 269
1741139156529 15386.9 270
1741139166636 15357.8 271
1741139176742 15359.1 272
1741139188757 15353.2 273
1741139198889 15340.7 274
1741139208963 15371.2 275
1741139220801 15365.6 276
1741139233325 15283.1 277
1741139244515 15283.5 278
1741139255642 15283.6 279
1741139266851 15283.0 280
1741139278214 15273.0 281
1741139291345 15273.3 282
1741139304445 15272.3 283
1741139314552 15325.9 284
1741139324664 15312.6 285
1741139336827 15315.2 286
1741139346931 15338.1 287
1741139357048 15277.1 288
1741139368995 15041.4 289
1741139379110 15039.0 290
1741139389156 15033.5 291
1741139400985 15044.1 292
1741139411113 15065.1 293
1741139421223 15046.1 294
1741139432689 15046.3 295
1741139442798 15013.6 296
1741139453081 15032.7 297
1741139464374 15035.9 298
1741139475635 15033.8 299
1741139487037 15038.1 300
1741139498208 15034.8 301
1741139508254 15033.3 302
1741139518380 15400.4 303
1741139530755 15075.7 304
1741139540869 15074.7 305
1741139550980 15085.8 306
1741139563061 15081.2 307
1741139573106 15090.9 308
1741139583207 15091.8 309
1741139596016 15099.7 310
1741139606520 15363.5 311
1741139616659 15364.3 312
1741139626710 15291.6 313
1741139636794 15318.2 314
1741139646937 15321.6 315
1741139657850 15202.3 316
1741139667941 15193.9 317
1741139680837 15198.0 318
1741139691977 15212.6 319
1741139702041 15218.2 320
1741139713680 15237.4 321
1741139726301 15192.1 322
1741139736434 15184.5 323
1741139749200 15211.9 324
1741139759490 15216.3 325
1741139769762 15250.6 326
1741139779883 15261.1 327
1741139790033 15246.0 328
1741139800085 15197.2 329
1741139810147 15195.5 330
1741139820488 15195.1 331
1741139830881 15195.9 332
1741139840984 15196.0 333
1741139851080 15194.3 334
1741139861207 15186.2 335
1741139871269 15198.2 336
1741139881384 15184.4 337
1741139894589 15219.7 338
1741139906013 15202.4 339
1741139918143 15188.6 340
1741139930197 15227.1 341
1741139942059 15243.3 342
1741139953944 15151.4 343
1741139964075 15214.7 344
1741139977294 15203.7 345
1741139987358 15228.2 346
1741139997493 15233.1 347
1741140009928 15232.6 348
1741140020046 15228.7 349
1741140030188 15222.9 350
1741140040306 15208.9 351
1741140052472 15208.4 352
1741140062600 15203.2 353
1741140072711 15216.7 354
1741140082825 15211.9 355
1741140095230 15204.7 356
1741140105358 15211.6 357
1741140115411 15197.3 358
1741140126040 15203.4 359
1741140137939 15227.7 360
1741140149410 15222.3 361
1741140160804 15221.2 362
1741140172207 15220.9 363
1741140182421 15220.0 364
1741140195448 15227.5 365
1741140205587 15274.3 366
1741140215709 15266.5 367
1741140228311 15289.4 368
1741140238438 15286.4 369
1741140248554 15302.5 370
1741140258675 15186.5 371
1741140270625 15006.7 372
1741140280760 15002.2 373
1741140290848 15018.6 374
1741140300962 15027.7 375
1741140313295 15042.3 376
1741140323405 15041.4 377
1741140333514 15015.5 378
1741140344226 15025.1 379
1741140356014 15040.6 380
1741140367594 15042.0 381
1741140379310 15044.3 382
1741140390687 15043.0 383
1741140400820 15036.1 384
1741140413848 15031.7 385
1741140423973 15092.2 386
1741140434099 15108.2 387
1741140444213 15076.9 388
1741140456835 15064.5 389
1741140466919 15069.4 390
1741140477023 15063.6 391
1741140487143 15067.1 392
1741140499330 15078.1 393
1741140509458 15098.6 394
1741140519581 15080.4 395
1741140529637 15161.3 396
1741140542054 15144.0 397
1741140552189 14985.5 398
1741140563756 14803.3 399
1741140575802 14807.9 400
1741140587268 14776.9 401
1741140598984 14767.1 402
1741140610554 14771.3 403
1741140620816 14767.6 404
1741140634219 14760.1 405
1741140644355 14807.4 406
1741140654415 14810.0 407
1741140664546 14825.1 408
1741140676842 14827.5 409
1741140686979 14832.7 410
1741140697101 14823.3 411
1741140707141 14827.8 412
1741140719192 14822.9 413
1741140729294 14830.3 414
1741140739423 14826.9 415
1741140749529 14826.7 416
1741140761893 14820.5 417
1741140771938 14825.6 418
1741140783504 14810.2 419
1741140795540 14835.2 420
1741140807308 14834.7 421
1741140819043 14832.5 422
1741140830927 14832.0 423
1741140841181 14829.8 424
1741140854596 14833.4 425
1741140864722 14587.8 426
1741140874858 14592.1 427
1741140884982 14592.7 428
1741140897315 14593.5 429
1741140907427 14616.2 430
1741140917563 14611.9 431
1741140927681 14613.6 432
1741140939857 14603.1 433
1741140949916 14641.2 434
1741140960033 14641.2 435
1741140970143 14653.3 436
1741140982688 14660.7 437
1741140992793 14665.3 438
1741141004549 14654.7 439
1741141016340 14335.9 440
1741141028164 14343.0 441
1741141040029 14335.2 442
1741141051853 14335.6 443
1741141062206 14332.2 444
1741141077082 14332.1 445
1741141087194 14400.7 446
1741141097321 14397.8 447
1741141107455 14411.8 448
1741141117558 14411.4 449
1741141127604 14416.8 450
1741141137646 14609.8 451
1741141149095 14996.4 452
1741141161309 14992.1 453
1741141173009 14954.3 454
1741141183517 14895.3 455
1741141194520 14853.0 456
1741141204972 14956.2 457
1741141215179 14911.9 458
1741141230626 14910.2 459
1741141243245 14918.5 460
1741141256350 14928.6 461
1741141266467 14935.6 462
1741141277867 14969.2 463
1741141290486 14974.0 464
1741141305122 14974.3 465
1741141320247 14971.6 466
1741141330787 14843.0 467
1741141340835 15035.7 468
1741141350969 14972.3 469
1741141361013 14964.6 470
1741141371057 14964.2 471
1741141381154 14981.5 472
1741141393642 14981.4 473
1741141403745 14971.9 474
1741141413866 14958.2 475
1741141423946 14955.0 476
1741141434036 14961.5 477
1741141444134 14974.0 478
1741141456762 14885.2 479
1741141466851 14867.8 480
1741141478523 14877.1 481
1741141490751 14887.0 482
1741141502578 14905.0 483
1741141514457 14917.9 484
1741141526366 14907.3 485
1741141536407 14816.4 486
1741141546884 14920.5 487
1741141557160 14876.0 488
1741141567231 14898.7 489
1741141577365 14939.4 490
1741141587444 15024.5 491
1741141597527 14657.3 492
1741141607626 14673.1 493
1741141620187 14670.0 494
1741141630290 14691.6 495
1741141640374 14680.7 496
1741141650457 14676.7 497
1741141660532 14677.1 498
1741141670663 14629.1 499
1741141683270 14674.5 500
1741141693315 14682.1 501
1741141705331 14675.9 502
1741141717418 14677.1 503
1741141729470 14681.5 504
1741141741473 14670.8 505
1741141753778 14685.1 506
1741141763858 14650.8 507
1741141773988 14763.1 508
1741141784038 14732.5 509
1741141794083 14704.7 510
1741141804180 14675.3 511
1741141814232 14681.4 512
1741141824281 14684.1 513
1741141834386 14679.8 514
1741141844438 14735.6 515
1741141854481 15052.9 516
1741141864699 15049.8 517
1741141875046 15001.1 518
1741141885134 14939.3 519
1741141895248 14845.0 520
1741141905604 14836.8 521
1741141916085 14843.6 522
1741141926999 14831.2 523
1741141937053 14828.4 524
1741141949459 14833.6 525
1741141962516 14832.6 526
1741141972597 14922.7 527
1741141984362 14906.4 528
1741141999004 14927.8 529
1741142015060 14938.9 530
1741142025843 15676.9 531
1741142036291 15747.4 532
1741142047111 15638.3 533
1741142058342 15287.2 534
1741142070019 16026.9 535
1741142081577 16018.3 536
1741142093131 14627.1 537
1741142103274 14107.5 538
1741142113330 14038.0 539
1741142123386 13860.0 540
1741142133488 13691.9 541
1741142143541 13775.7 542
1741142153596 13758.4 543
1741142168581 13765.0 544
1741142180775 13654.0 545
1741142192941 13644.3 546
1741142205150 13656.1 547
1741142217797 13656.3 548
1741142230037 13734.2 549
1741142240842 13717.2 550
1741142255784 13699.7 551
1741142265865 13682.7 552
1741142275953 13752.4 553
1741142286080 13700.7 554
1741142296128 13700.4 555
1741142306202 13686.0 556
1741142316255 13660.0 557
1741142326311 13655.5 558
1741142336350 13669.8 559
1741142346400 13596.5 560
1741142356450 13542.4 561
1741142366502 13538.8 562
1741142376556 13488.3 563
1741142386613 13435.2 564
1741142400546 13517.6 565
1741142413298 13523.7 566
1741142425777 13519.5 567
1741142437917 13526.7 568
1741142450024 13538.9 569
1741142462242 13537.8 570
1741142473213 13536.8 571
1741142487244 13531.4 572
1741142497331 13277.8 573
1741142507370 13313.4 574
1741142517474 13326.5 575
1741142527546 13335.8 576
1741142537744 13546.2 577
1741142548373 13560.7 578
1741142559870 13734.3 579
1741142571374 14078.1 580
1741142582631 14161.5 581
1741142593562 13947.8 582
1741142604799 13936.2 583
1741142616569 13935.3 584
1741142627921 13962.1 585
1741142638175 13903.8 586
1741142649380 13891.1 587
1741142659606 13846.4 588
1741142671953 13843.1 589
1741142682090 13803.9 590
1741142694213 13806.4 591
1741142704348 13838.1 592
1741142716402 13839.4 593
1741142726525 13799.6 594
1741142738749 13883.0 595
1741142749515 13901.9 596
1741142760323 13883.2 597
1741142771838 13991.4 598
1741142782516 14036.6 599
1741142793794 13953.9 600
1741142805075 14023.2 601
1741142816005 13986.3 602
1741142827224 14223.0 603
1741142838380 14422.1 604
1741142849232 14425.6 605
1741142859689 14396.5 606
1741142870976 14267.6 607
1741142882247 14644.2 608
1741142893079 14791.4 609
1741142904245 14821.1 610
1741142914316 14803.1 611
1741142927420 14784.4 612
1741142937483 14650.3 613
1741142949594 14649.8 614
1741142962561 14729.4 615
1741142975576 14668.8 616
1741142985665 14645.5 617
1741142998641 15161.1 618
1741143008829 14796.8 619
1741143019154 14778.6 620
1741143030372 14789.2 621
1741143041000 14983.3 622
1741143051547 15115.5 623
1741143061867 15114.1 624
1741143072300 15002.1 625
1741143082719 15054.7 626
1741143093530 15041.5 627
1741143104126 15030.7 628
1741143114452 15126.2 629
1741143125265 15142.9 630
1741143136022 15112.5 631
1741143148075 15261.3 632
1741143161120 15384.8 633
1741143173918 15424.0 634
1741143186794 15473.5 635
1741143199768 15461.5 636
1741143212705 15570.2 637
1741143224927 15507.6 638
1741143240837 15776.4 639
1741143251475 15624.7 640
1741143261781 15288.8 641
1741143272285 15379.7 642
1741143282561 15296.7 643
1741143292958 15279.7 644
1741143303220 15305.4 645
1741143313686 15297.6 646
1741143324052 15375.9 647
1741143335764 15317.3 648
1741143346730 15367.1 649
1741143357252 15340.5 650
1741143367615 15317.6 651
1741143378377 15311.3 652
1741143389267 15310.8 653
1741143400045 15327.0 654
1741143412957 15409.9 655
1741143423053 15524.9 656
1741143435511 15652.0 657
1741143448579 15608.2 658
1741143462015 15550.6 659
1741143474175 15628.4 660
1741143490403 15749.2 661
1741143501230 15817.7 662
1741143512028 15781.7 663
1741143522982 15855.4 664
1741143533774 15706.5 665
1741143544190 15715.1 666
1741143555297 15676.2 667
1741143565965 15404.4 668
1741143576731 15348.5 669
1741143587135 15320.3 670
1741143597629 15204.1 671
1741143608475 15236.6 672
1741143619073 15312.4 673
1741143629983 15350.7 674
1741143640902 15336.2 675
1741143651758 15553.1 676
1741143661852 15551.9 677
1741143673710 15657.5 678
1741143686497 15542.6 679
1741143699313 15515.7 680
1741143709357 15469.9 681
1741143721360 15658.3 682
1741143731470 15658.4 683
1741143741663 16082.5 684
1741143751732 15701.1 685
1741143761803 15812.8 686
1741143772428 15753.9 687
1741143782838 15656.4 688
1741143793623 15618.9 689
1741143804178 15607.2 690
1741143815247 15558.5 691
1741143825663 15574.1 692
1741143836720 15532.3 693
1741143847600 15941.2 694
1741143858942 15829.2 695
1741143870354 15381.2 696
1741143881505 15652.3 697
1741143892313 15651.1 698
1741143903478 15566.4 699
1741143913523 15583.1 700
1741143925845 15581.6 701
1741143935896 15581.2 702
1741143948875 15781.5 703
1741143958964 15802.3 704
1741143971526 15694.0 705
1741143981633 15625.8 706
1741143996398 15884.5 707
1741144007219 15057.5 708
1741144018158 15028.3 709
1741144029240 15043.3 710
1741144040287 15189.4 711
1741144052400 15226.0 712
1741144064066 15447.4 713
1741144075017 15755.5 714
1741144085676 15600.5 715
1741144096880 15188.3 716
1741144107769 15332.2 717
1741144119019 15312.5 718
1741144130084 15243.1 719
1741144141326 15247.7 720
1741144152226 15120.3 721
1741144163780 14909.5 722
1741144173861 14807.6 723
1741144183955 14753.5 724
1741144197281 15225.9 725
1741144207418 15170.7 726
1741144219891 15094.0 727
1741144229957 15023.6 728
1741144240416 14939.7 729
1741144256068 14958.5 730
1741144266814 15070.9 731
1741144277802 15088.9 732
1741144288588 15076.8 733
1741144299286 15057.0 734
1741144310470 15011.8 735
1741144321734 15040.6 736
1741144332957 14881.8 737
1741144344186 15297.5 738
1741144356029 15238.2 739
1741144368177 15532.0 740
1741144379117 15541.3 741
1741144389919 15358.6 742
1741144400598 15302.6 743
1741144411260 15266.2 744
1741144422593 15186.9 745
1741144432690 15205.2 746
1741144445153 15223.8 747
1741144455238 15231.7 748
1741144467736 14869.2 749
1741144477842 14867.8 750
1741144490069 14819.7 751
1741144500147 14847.7 752
1741144511743 14944.5 753
1741144522353 14887.9 754
1741144532938 14896.4 755
1741144543554 14892.6 756
1741144553883 14869.3 757
1741144564323 14887.9 758
1741144575018 14814.7 759
1741144585363 14819.5 760
1741144595868 14808.6 761
1741144606412 14793.1 762
1741144616871 14612.2 763
1741144627395 14635.4 764
1741144638021 14628.8 765
1741144648436 14649.4 766
1741144658764 14640.8 767
1741144669551 14626.8 768
1741144679661 14657.5 769
1741144691756 14688.5 770
1741144701821 14658.9 771
1741144713739 14653.4 772
1741144723833 14647.1 773
1741144735823 14633.5 774
1741144745921 14668.5 775
1741144759131 14704.1 776
1741144770164 14511.3 777
1741144780705 14504.5 778
1741144791373 14146.2 779
1741144802541 14233.0 780
1741144813531 14311.3 781
1741144824728 14318.8 782
1741144836237 14434.8 783
1741144847800 14558.4 784
1741144858740 14595.0 785
1741144869994 14594.8 786
1741144881352 14580.8 787
1741144892646 14745.3 788
1741144904107 14724.5 789
1741144914782 14727.1 790
1741144927366 14768.1 791
1741144937459 14798.6 792
1741144950729 14743.3 793
1741144963987 14716.5 794
1741144974087 14727.4 795
1741144986448 14743.0 796
1741144996543 14762.9 797
1741145006833 14699.4 798
1741145020527 15115.0 799
1741145031526 15000.3 800
1741145042378 14943.7 801
1741145053050 14708.7 802
1741145064081 14531.9 803
1741145074872 14598.7 804
1741145085664 14597.2 805
1741145096621 14643.1 806
1741145108241 14614.5 807
1741145119233 14695.8 808
1741145130085 14646.8 809
1741145140925 14654.2 810
1741145151939 14574.7 811
1741145163296 14601.4 812
1741145174004 14658.1 813
1741145185371 14623.0 814
1741145195448 14744.6 815
1741145208934 14693.2 816
1741145219037 15009.3 817
1741145229153 15019.9 818
1741145242144 15333.1 819
1741145252233 15193.8 820
1741145263366 15089.9 821
