1741136234610 91.0 0
1741136246146 91.0 1
1741136256182 90.9 2
1741136267521 90.8 3
1741136277539 90.9 4
1741136289186 91.0 5
1741136299211 90.9 6
1741136310481 90.9 7
1741136320511 90.9 8
1741136331580 90.9 9
1741136341612 90.9 10
1741136352881 90.6 11
1741136363634 90.7 12
1741136374194 90.7 13
1741136384383 90.7 14
1741136395035 90.8 15
1741136405562 90.6 16
1741136415630 90.6 17
1741136427322 90.6 18
1741136437384 90.6 19
1741136448883 90.7 20
1741136458924 90.7 21
1741136469973 90.8 22
1741136480012 90.8 23
1741136490971 90.5 24
1741136501015 90.5 25
1741136512109 90.7 26
1741136522177 90.5 27
1741136533300 90.7 28
1741136543367 90.6 29
1741136553601 90.5 30
1741136563801 90.5 31
1741136573993 90.6 32
1741136584129 90.7 33
1741136594288 90.6 34
1741136604763 90.6 35
1741136614840 90.6 36
1741136626811 92.7 37
1741136636852 90.9 38
1741136647947 90.9 39
1741136658005 89.8 40
1741136669073 89.9 41
1741136679142 90.0 42
1741136690194 90.0 43
1741136700235 90.0 44
1741136711471 90.1 45
1741136721563 90.2 46
1741136732590 90.1 47
1741136745474 90.1 48
1741136755785 90.2 49
1741136765937 90.3 50
1741136776259 90.2 51
1741136786539 90.2 52
1741136796755 90.2 53
1741136806794 90.2 54
1741136818205 90.3 55
1741136828244 90.5 56
1741136839437 90.6 57
1741136849502 90.6 58
1741136860804 90.5 59
1741136870876 90.5 60
1741136881996 90.6 61
1741136892034 90.6 62
1741136903713 90.6 63
1741136913741 90.5 64
1741136925096 90.6 65
1741136935124 90.6 66
1741136945710 90.6 67
1741136956086 90.6 68
1741136966748 90.7 69
1741136977244 90.6 70
1741136987680 90.6 71
1741136998119 90.6 72
1741137008197 90.7 73
1741137020207 92.9 74
1741137030244 90.9 75
1741137041846 90.9 76
1741137051910 91.0 77
1741137063349 91.0 78
1741137073416 91.0 79
1741137085183 91.0 80
1741137095250 91.0 81
1741137106518 91.0 82
1741137116587 91.0 83
1741137127972 91.0 84
1741137140911 91.1 85
1741137151370 91.0 86
1741137161753 91.1 87
1741137172318 91.1 88
1741137182905 91.1 89
1741137193272 90.9 90
1741137203309 91.0 91
1741137214817 91.1 92
1741137224867 91.2 93
1741137236700 91.3 94
1741137246807 91.4 95
1741137258224 91.4 96
1741137268288 91.4 97
1741137279863 91.4 98
1741137289935 91.4 99
1741137301575 91.4 100
1741137311647 91.4 101
1741137323294 91.4 102
1741137333350 91.4 103
1741137344220 91.3 104
1741137354677 91.4 105
1741137364982 91.6 106
1741137375529 91.5 107
1741137386045 91.5 108
1741137396592 91.5 109
1741137406672 91.5 110
1741137416721 93.6 111
1741137427999 91.8 112
1741137438046 91.8 113
1741137449945 91.8 114
1741137460024 91.8 115
1741137471728 91.8 116
1741137481759 91.8 117
1741137493448 91.9 118
1741137503542 91.9 119
1741137515165 91.9 120
1741137525231 91.9 121
1741137536579 91.9 122
1741137548616 92.0 123
1741137559315 90.8 124
1741137570154 91.1 125
1741137580906 91.1 126
1741137591442 91.1 127
1741137601763 91.1 128
1741137616802 91.1 129
1741137626856 91.4 130
1741137638673 91.4 131
1741137648721 91.5 132
1741137660816 91.5 133
1741137670873 91.5 134
1741137682927 91.6 135
1741137692973 92.0 136
1741137703047 93.1 137
1741137713111 93.3 138
1741137723162 93.3 139
1741137735424 93.4 140
1741137748825 92.6 141
1741137759346 92.1 142
1741137770204 92.0 143
1741137780882 92.0 144
1741137792596 91.9 145
1741137803128 93.5 146
1741137813209 92.5 147
1741137825296 92.4 148
1741137835368 92.3 149
1741137847471 92.4 150
1741137857518 92.3 151
1741137869324 92.3 152
1741137879421 92.1 153
1741137891261 92.1 154
1741137901332 92.2 155
1741137913435 92.2 156
1741137923523 92.2 157
1741137935394 92.2 158
1741137945472 92.2 159
1741137957103 92.1 160
1741137967845 92.3 161
1741137978624 92.2 162
1741137989462 92.2 163
1741138000543 92.2 164
1741138011400 92.3 165
1741138021478 92.2 166
1741138031525 94.1 167
1741138043362 92.2 168
1741138053407 92.2 169
1741138065509 92.3 170
1741138075589 92.5 171
1741138087867 92.7 172
1741138097916 92.7 173
1741138110121 92.6 174
1741138120226 92.5 175
1741138132456 92.5 176
1741138142533 92.5 177
1741138154645 90.4 178
1741138166898 90.4 179
1741138177662 90.5 180
1741138188458 90.5 181
1741138199089 90.5 182
1741138209836 90.5 183
1741138220320 90.5 184
1741138230394 90.5 185
1741138240452 93.9 186
1741138250532 90.8 187
1741138262472 90.8 188
1741138272524 90.9 189
1741138284742 90.9 190
1741138294768 90.6 191
1741138307092 90.6 192
1741138317143 90.7 193
1741138329530 90.8 194
1741138339586 90.7 195
1741138349644 90.8 196
1741138360565 90.8 197
1741138372793 90.7 198
1741138383691 90.8 199
1741138394744 90.8 200
1741138405520 90.8 201
1741138416511 90.8 202
1741138427260 90.7 203
1741138437344 90.7 204
1741138447454 94.1 205
1741138457494 91.7 206
1741138467545 89.9 207
1741138477576 91.7 208
1741138490062 91.3 209
1741138500709 91.2 210
1741138510819 90.6 211
1741138523101 90.6 212
1741138533204 90.5 213
1741138543304 90.4 214
1741138555513 90.4 215
1741138565609 90.5 216
1741138578181 90.5 217
1741138589404 90.5 218
1741138600245 90.6 219
1741138611105 90.5 220
1741138621937 90.4 221
1741138632769 90.5 222
1741138642908 90.4 223
1741138654960 90.2 224
1741138665056 91.8 225
1741138677451 91.1 226
1741138687571 91.1 227
1741138699932 91.2 228
1741138710057 91.4 229
1741138720182 91.4 230
1741138730224 91.5 231
1741138740324 91.7 232
1741138750501 91.8 233
1741138760673 91.8 234
1741138770794 91.6 235
1741138780844 93.1 236
1741138790885 94.8 237
1741138800928 94.1 238
1741138811695 93.7 239
1741138822533 93.4 240
1741138833719 92.8 241
1741138844679 92.7 242
1741138855737 92.6 243
1741138865850 93.1 244
1741138875944 95.2 245
1741138888228 92.8 246
1741138898329 92.7 247
1741138908365 92.7 248
1741138920251 92.8 249
1741138930347 92.9 250
1741138940449 92.9 251
1741138951972 92.8 252
1741138962079 92.7 253
1741138972137 92.4 254
1741138983861 92.7 255
1741138993959 92.6 256
1741139008105 92.6 257
1741139020249 92.1 258
1741139032107 92.2 259
1741139043993 92.3 260
1741139055402 90.4 261
1741139067325 90.4 262
1741139077683 90.4 263
1741139091272 90.4 264
1741139101858 90.8 265
1741139111970 91.8 266
1741139124500 91.5 267
1741139134597 91.4 268
1741139144702 91.2 269
1741139156529 91.2 270
1741139166636 91.1 271
1741139176742 91.1 272
1741139188757 91.0 273
1741139198889 91.0 274
1741139208963 91.1 275
1741139220801 91.1 276
1741139233325 90.6 277
1741139244515 90.6 278
1741139255642 90.6 279
1741139266851 90.6 280
1741139278214 90.6 281
1741139291345 90.6 282
1741139304445 90.5 283
1741139314552 90.9 284
1741139324664 90.8 285
1741139336827 90.8 286
1741139346931 90.9 287
1741139357048 90.6 288
1741139368995 89.2 289
1741139379110 89.2 290
1741139389156 89.1 291
1741139400985 89.2 292
1741139411113 89.3 293
1741139421223 89.2 294
1741139432689 89.2 295
1741139442798 89.0 296
1741139453081 89.1 297
1741139464374 89.1 298
1741139475635 89.1 299
1741139487037 89.2 300
1741139498208 89.1 301
1741139508254 89.1 302
1741139518380 91.3 303
1741139530755 89.4 304
1741139540869 89.4 305
1741139550980 89.4 306
1741139563061 89.4 307
1741139573106 89.5 308
1741139583207 89.5 309
1741139596016 89.5 310
1741139606520 91.1 311
1741139616659 91.1 312
1741139626710 90.7 313
1741139636794 90.8 314
1741139646937 90.8 315
1741139657850 90.1 316
1741139667941 90.1 317
1741139680837 90.1 318
1741139691977 90.2 319
1741139702041 90.2 320
1741139713680 90.3 321
1741139726301 90.1 322
1741139736434 90.0 323
1741139749200 90.2 324
1741139759490 90.2 325
1741139769762 90.4 326
1741139779883 90.5 327
1741139790033 90.4 328
1741139800085 90.1 329
1741139810147 90.1 330
1741139820488 90.1 331
1741139830881 90.1 332
1741139840984 90.1 333
1741139851080 90.1 334
1741139861207 90.0 335
1741139871269 90.1 336
1741139881384 90.0 337
1741139894589 90.2 338
1741139906013 90.1 339
1741139918143 90.1 340
1741139930197 90.3 341
1741139942059 90.4 342
1741139953944 89.8 343
1741139964075 90.2 344
1741139977294 90.1 345
1741139987358 90.3 346
1741139997493 90.3 347
1741140009928 90.3 348
1741140020046 90.3 349
1741140030188 90.3 350
1741140040306 90.2 351
1741140052472 90.2 352
1741140062600 90.1 353
1741140072711 90.2 354
1741140082825 90.2 355
1741140095230 90.1 356
1741140105358 90.2 357
1741140115411 90.1 358
1741140126040 90.1 359
1741140137939 90.3 360
1741140149410 90.2 361
1741140160804 90.2 362
1741140172207 90.2 363
1741140182421 90.2 364
1741140195448 90.3 365
1741140205587 90.6 366
1741140215709 90.5 367
1741140228311 90.6 368
1741140238438 90.6 369
1741140248554 90.7 370
1741140258675 90.0 371
1741140270625 89.0 372
1741140280760 88.9 373
1741140290848 89.0 374
1741140300962 89.1 375
1741140313295 89.2 376
1741140323405 89.2 377
1741140333514 89.0 378
1741140344226 89.1 379
1741140356014 89.2 380
1741140367594 89.2 381
1741140379310 89.2 382
1741140390687 89.2 383
1741140400820 89.1 384
1741140413848 89.1 385
1741140423973 89.5 386
1741140434099 89.6 387
1741140444213 89.4 388
1741140456835 89.3 389
1741140466919 89.3 390
1741140477023 89.3 391
1741140487143 89.3 392
1741140499330 89.4 393
1741140509458 89.5 394
1741140519581 89.4 395
1741140529637 89.9 396
1741140542054 89.8 397
1741140552189 88.8 398
1741140563756 87.8 399
1741140575802 87.8 400
1741140587268 87.6 401
1741140598984 87.6 402
1741140610554 87.6 403
1741140620816 87.6 404
1741140634219 87.5 405
1741140644355 87.8 406
1741140654415 87.8 407
1741140664546 87.9 408
1741140676842 87.9 409
1741140686979 87.9 410
1741140697101 87.9 411
1741140707141 87.9 412
1741140719192 87.9 413
1741140729294 87.9 414
1741140739423 87.9 415
1741140749529 87.9 416
1741140761893 87.9 417
1741140771938 87.9 418
1741140783504 87.8 419
1741140795540 88.0 420
1741140807308 88.0 421
1741140819043 87.9 422
1741140830927 87.9 423
1741140841181 87.9 424
1741140854596 87.9 425
1741140864722 86.5 426
1741140874858 86.5 427
1741140884982 86.5 428
1741140897315 86.5 429
1741140907427 86.7 430
1741140917563 86.6 431
1741140927681 86.6 432
1741140939857 86.6 433
1741140949916 86.8 434
1741140960033 86.8 435
1741140970143 86.9 436
1741140982688 86.9 437
1741140992793 86.9 438
1741141004549 86.9 439
1741141016340 85.0 440
1741141028164 85.0 441
1741141040029 85.0 442
1741141051853 85.0 443
1741141062206 85.0 444
1741141077082 85.0 445
1741141087194 85.4 446
1741141097321 85.4 447
1741141107455 85.4 448
1741141117558 85.4 449
1741141127604 85.5 450
1741141137646 86.6 451
1741141149095 88.9 452
1741141161309 88.9 453
1741141173009 88.7 454
1741141183517 88.3 455
1741141194520 88.1 456
1741141204972 88.7 457
1741141215179 88.4 458
1741141230626 88.4 459
1741141243245 88.4 460
1741141256350 88.5 461
1741141266467 88.5 462
1741141277867 88.7 463
1741141290486 88.8 464
1741141305122 88.8 465
1741141320247 88.8 466
1741141330787 88.0 467
1741141340835 89.1 468
1741141350969 88.8 469
1741141361013 88.7 470
1741141371057 88.7 471
1741141381154 88.8 472
1741141393642 88.8 473
1741141403745 88.8 474
1741141413866 88.7 475
1741141423946 88.7 476
1741141434036 88.7 477
1741141444134 88.8 478
1741141456762 88.3 479
1741141466851 88.1 480
1741141478523 88.2 481
1741141490751 88.3 482
1741141502578 88.4 483
1741141514457 88.4 484
1741141526366 88.4 485
1741141536407 87.8 486
1741141546884 88.5 487
1741141557160 88.2 488
1741141567231 88.3 489
1741141577365 88.6 490
1741141587444 89.1 491
1741141597527 86.9 492
1741141607626 87.0 493
1741141620187 87.0 494
1741141630290 87.1 495
1741141640374 87.0 496
1741141650457 87.0 497
1741141660532 87.0 498
1741141670663 86.7 499
1741141683270 87.0 500
1741141693315 87.0 501
1741141705331 87.0 502
1741141717418 87.0 503
1741141729470 87.0 504
1741141741473 87.0 505
1741141753778 87.1 506
1741141763858 86.9 507
1741141773988 87.5 508
1741141784038 87.3 509
1741141794083 87.2 510
1741141804180 87.0 511
1741141814232 87.0 512
1741141824281 87.1 513
1741141834386 87.0 514
1741141844438 87.4 515
1741141854481 89.2 516
1741141864699 89.2 517
1741141875046 88.9 518
1741141885134 88.6 519
1741141895248 88.0 520
1741141905604 88.0 521
1741141916085 88.0 522
1741141926999 87.9 523
1741141937053 87.9 524
1741141949459 87.9 525
1741141962516 87.9 526
1741141972597 88.5 527
1741141984362 88.4 528
1741141999004 88.5 529
1741142015060 88.6 530
1741142025843 92.9 531
1741142036291 93.4 532
1741142047111 92.7 533
1741142058342 90.6 534
1741142070019 95.0 535
1741142081577 95.0 536
1741142093131 86.7 537
1741142103274 83.6 538
1741142113330 83.2 539
1741142123386 82.2 540
1741142133488 81.2 541
1741142143541 81.7 542
1741142153596 81.6 543
1741142168581 81.6 544
1741142180775 81.0 545
1741142192941 80.9 546
1741142205150 81.0 547
1741142217797 81.0 548
1741142230037 81.4 549
1741142240842 81.3 550
1741142255784 81.2 551
1741142265865 81.1 552
1741142275953 81.5 553
1741142286080 81.2 554
1741142296128 81.2 555
1741142306202 81.1 556
1741142316255 81.0 557
1741142326311 81.0 558
1741142336350 81.0 559
1741142346400 80.6 560
1741142356450 80.3 561
1741142366502 80.3 562
1741142376556 80.0 563
1741142386613 79.7 564
1741142400546 80.1 565
1741142413298 80.2 566
1741142425777 80.2 567
1741142437917 80.2 568
1741142450024 80.3 569
1741142462242 80.3 570
1741142473213 80.3 571
1741142487244 80.2 572
1741142497331 78.7 573
1741142507370 78.9 574
1741142517474 79.0 575
1741142527546 79.1 576
1741142537744 80.3 577
1741142548373 80.4 578
1741142559870 81.4 579
1741142571374 83.5 580
1741142582631 84.0 581
1741142593562 82.7 582
1741142604799 82.6 583
1741142616569 82.6 584
1741142627921 82.8 585
1741142638175 82.4 586
1741142649380 82.4 587
1741142659606 82.1 588
1741142671953 82.1 589
1741142682090 81.8 590
1741142694213 81.9 591
1741142704348 82.0 592
1741142716402 82.1 593
1741142726525 81.8 594
1741142738749 82.3 595
1741142749515 82.4 596
1741142760323 82.3 597
1741142771838 83.0 598
1741142782516 83.2 599
1741142793794 82.7 600
1741142805075 83.1 601
1741142816005 82.9 602
1741142827224 84.3 603
1741142838380 85.5 604
1741142849232 85.5 605
1741142859689 85.4 606
1741142870976 84.6 607
1741142882247 86.8 608
1741142893079 87.7 609
1741142904245 87.9 610
1741142914316 87.8 611
1741142927420 87.7 612
1741142937483 86.9 613
1741142949594 86.9 614
1741142962561 87.3 615
1741142975576 87.0 616
1741142985665 86.8 617
1741142998641 89.9 618
1741143008829 87.7 619
1741143019154 87.6 620
1741143030372 87.7 621
1741143041000 88.8 622
1741143051547 89.6 623
1741143061867 89.6 624
1741143072300 88.9 625
1741143082719 89.3 626
1741143093530 89.2 627
1741143104126 89.1 628
1741143114452 89.7 629
1741143125265 89.8 630
1741143136022 89.6 631
1741143148075 90.5 632
1741143161120 91.2 633
1741143173918 91.4 634
1741143186794 91.7 635
1741143199768 91.7 636
1741143212705 92.3 637
1741143224927 91.9 638
1741143240837 93.5 639
1741143251475 92.6 640
1741143261781 90.6 641
1741143272285 91.2 642
1741143282561 90.7 643
1741143292958 90.6 644
1741143303220 90.7 645
1741143313686 90.7 646
1741143324052 91.2 647
1741143335764 90.8 648
1741143346730 91.1 649
1741143357252 91.0 650
1741143367615 90.8 651
1741143378377 90.8 652
1741143389267 90.8 653
1741143400045 90.9 654
1741143412957 91.4 655
1741143423053 92.0 656
1741143435511 92.8 657
1741143448579 92.5 658
1741143462015 92.2 659
1741143474175 92.7 660
1741143490403 93.4 661
1741143501230 93.8 662
1741143512028 93.6 663
1741143522982 94.0 664
1741143533774 93.1 665
1741143544190 93.2 666
1741143555297 92.9 667
1741143565965 91.3 668
1741143576731 91.0 669
1741143587135 90.8 670
1741143597629 90.1 671
1741143608475 90.3 672
1741143619073 90.8 673
1741143629983 91.0 674
1741143640902 90.9 675
1741143651758 92.2 676
1741143661852 92.2 677
1741143673710 92.8 678
1741143686497 92.1 679
1741143699313 92.0 680
1741143709357 91.7 681
1741143721360 92.8 682
1741143731470 92.8 683
1741143741663 95.3 684
1741143751732 93.1 685
1741143761803 93.8 686
1741143772428 93.4 687
1741143782838 92.8 688
1741143793623 92.6 689
1741143804178 92.5 690
1741143815247 92.2 691
1741143825663 92.3 692
1741143836720 92.1 693
1741143847600 94.5 694
1741143858942 93.8 695
1741143870354 91.2 696
1741143881505 92.8 697
1741143892313 92.8 698
1741143903478 92.3 699
1741143913523 92.4 700
1741143925845 92.4 701
1741143935896 92.4 702
1741143948875 93.6 703
1741143958964 93.7 704
1741143971526 93.0 705
1741143981633 92.6 706
1741143996398 94.2 707
1741144007219 89.3 708
1741144018158 89.1 709
1741144029240 89.2 710
1741144040287 90.1 711
1741144052400 90.3 712
1741144064066 91.6 713
1741144075017 93.4 714
1741144085676 92.5 715
1741144096880 90.0 716
1741144107769 90.9 717
1741144119019 90.8 718
1741144130084 90.4 719
1741144141326 90.4 720
1741144152226 89.6 721
1741144163780 88.4 722
1741144173861 87.8 723
1741144183955 87.5 724
1741144197281 90.3 725
1741144207418 89.9 726
1741144219891 89.5 727
1741144229957 89.1 728
1741144240416 88.6 729
1741144256068 88.7 730
1741144266814 89.4 731
1741144277802 89.5 732
1741144288588 89.4 733
1741144299286 89.3 734
1741144310470 89.0 735
1741144321734 89.2 736
1741144332957 88.2 737
1741144344186 90.7 738
1741144356029 90.3 739
1741144368177 92.1 740
1741144379117 92.1 741
1741144389919 91.1 742
1741144400598 90.7 743
1741144411260 90.5 744
1741144422593 90.0 745
1741144432690 90.1 746
1741144445153 90.3 747
1741144455238 90.3 748
1741144467736 88.2 749
1741144477842 88.1 750
1741144490069 87.9 751
1741144500147 88.0 752
1741144511743 88.6 753
1741144522353 88.3 754
1741144532938 88.3 755
1741144543554 88.3 756
1741144553883 88.2 757
1741144564323 88.3 758
1741144575018 87.8 759
1741144585363 87.9 760
1741144595868 87.8 761
1741144606412 87.7 762
1741144616871 86.6 763
1741144627395 86.8 764
1741144638021 86.7 765
1741144648436 86.9 766
1741144658764 86.8 767
1741144669551 86.7 768
1741144679661 86.9 769
1741144691756 87.1 770
1741144701821 86.9 771
1741144713739 86.9 772
1741144723833 86.8 773
1741144735823 86.8 774
1741144745921 87.0 775
1741144759131 87.2 776
1741144770164 86.0 777
1741144780705 86.0 778
1741144791373 83.9 779
1741144802541 84.4 780
1741144813531 84.8 781
1741144824728 84.9 782
1741144836237 85.6 783
1741144847800 86.3 784
1741144858740 86.5 785
1741144869994 86.5 786
1741144881352 86.4 787
1741144892646 87.4 788
1741144904107 87.3 789
1741144914782 87.3 790
1741144927366 87.6 791
1741144937459 87.7 792
1741144950729 87.4 793
1741144963987 87.3 794
1741144974087 87.3 795
1741144986448 87.4 796
1741144996543 87.5 797
1741145006833 87.1 798
1741145020527 89.6 799
1741145031526 88.9 800
1741145042378 88.6 801
1741145053050 87.2 802
1741145064081 86.2 803
1741145074872 86.6 804
1741145085664 86.5 805
1741145096621 86.8 806
1741145108241 86.6 807
1741145119233 87.1 808
1741145130085 86.8 809
1741145140925 86.9 810
1741145151939 86.4 811
1741145163296 86.6 812
1741145174004 86.9 813
1741145185371 86.7 814
1741145195448 87.4 815
1741145208934 87.1 816
1741145219037 89.0 817
1741145229153 89.0 818
1741145242144 90.9 819
1741145252233 90.1 820
1741145263366 89.5 821
