1741093639923 0.0 0
1741093650312 34.8 1
1741093660360 22.9 2
1741093670688 33.4 3
1741093680789 33.4 4
1741093690972 32.6 5
1741093701252 33.0 6
1741093711301 39.0 7
1741093721340 31.6 8
1741093731372 33.5 9
1741093741409 33.2 10
1741093751525 29.0 11
1741093761574 26.1 12
1741093771643 22.5 13
1741093781803 27.9 14
1741093791844 25.2 15
1741093802122 26.4 16
1741093812522 26.3 17
1741093822564 24.6 18
1741093832610 30.1 19
1741093842696 25.8 20
1741093852820 28.8 21
1741093862955 31.2 22
1741093873054 30.1 23
1741093883099 18.6 24
1741093893133 29.8 25
1741093903263 26.0 26
1741093913628 22.4 27
1741093923669 26.0 28
1741093933751 26.0 29
1741093943796 23.1 30
1741093953831 26.2 31
1741093963932 24.9 32
1741093973976 25.7 33
1741093984025 28.7 34
1741093994128 28.3 35
1741094004293 15.9 36
1741094014769 26.0 37
1741094024977 26.0 38
1741094035493 23.5 39
1741094045534 24.6 40
1741094055635 26.1 41
1741094066085 24.1 42
1741094076124 23.6 43
1741094086343 30.6 44
1741094096383 26.3 45
1741094106425 30.0 46
1741094116697 23.2 47
1741094126784 20.6 48
1741094136816 29.0 49
1741094146858 27.6 50
1741094156890 23.2 51
1741094167393 27.3 52
1741094177452 24.4 53
1741094187585 27.9 54
1741094197625 26.1 55
1741094207657 30.4 56
1741094217780 35.7 57
1741094227829 28.3 58
1741094237890 25.6 59
1741094248407 27.2 60
1741094258446 23.0 61
1741094268928 28.8 62
1741094278974 27.3 63
1741094289028 23.6 64
1741094299237 29.7 65
1741094309280 24.8 66
1741094319315 27.1 67
1741094329405 25.1 68
1741094339675 24.5 69
1741094349709 27.0 70
1741094359796 27.9 71
1741094369844 14.9 72
1741094379881 26.1 73
1741094389964 24.8 74
1741094400020 21.1 75
1741094410073 24.5 76
1741094420174 24.4 77
1741094430220 21.9 78
1741094440675 25.6 79
1741094451165 22.8 80
1741094461756 25.1 81
1741094471810 27.9 82
1741094481929 25.6 83
1741094492570 16.4 84
1741094502621 27.0 85
1741094512717 23.9 86
1741094522751 21.9 87
1741094533255 24.9 88
1741094543867 23.2 89
1741094554008 21.7 90
1741094564282 24.0 91
1741094574346 25.2 92
1741094584710 29.1 93
1741094594765 27.4 94
1741094604810 27.4 95
1741094615247 24.3 96
1741094625291 22.2 97
1741094635324 26.2 98
1741094645424 25.5 99
1741094655466 21.4 100
1741094665499 25.0 101
1741094676658 25.5 102
1741094686719 19.8 103
1741094696958 27.5 104
1741094707079 27.0 105
1741094717148 24.9 106
1741094727218 22.7 107
1741094737315 20.3 108
1741094747368 22.7 109
1741094757408 25.5 110
1741094768119 25.2 111
1741094778160 21.8 112
1741094788201 25.8 113
1741094798374 26.9 114
1741094808421 20.7 115
1741094818827 26.7 116
1741094828927 26.1 117
1741094838987 25.1 118
