1741093639923 46.2 0
1741093650312 46.2 1
1741093660360 46.2 2
1741093670688 46.2 3
1741093680789 46.2 4
1741093690972 46.2 5
1741093701252 46.2 6
1741093711301 46.2 7
1741093721340 46.2 8
1741093731372 46.2 9
1741093741409 46.2 10
1741093751525 46.2 11
1741093761574 46.2 12
1741093771643 46.2 13
1741093781803 46.2 14
1741093791844 46.2 15
1741093802122 46.2 16
1741093812522 46.2 17
1741093822564 46.2 18
1741093832610 46.2 19
1741093842696 46.2 20
1741093852820 46.2 21
1741093862955 46.2 22
1741093873054 46.2 23
1741093883099 46.2 24
1741093893133 46.2 25
1741093903263 46.2 26
1741093913628 46.2 27
1741093923669 46.2 28
1741093933751 46.2 29
1741093943796 46.2 30
1741093953831 46.2 31
1741093963932 46.2 32
1741093973976 46.2 33
1741093984025 46.2 34
1741093994128 46.2 35
1741094004293 46.2 36
1741094014769 46.2 37
1741094024977 46.2 38
1741094035493 46.2 39
1741094045534 46.2 40
1741094055635 46.2 41
1741094066085 46.2 42
1741094076124 46.2 43
1741094086343 46.2 44
1741094096383 46.2 45
1741094106425 46.2 46
1741094116697 46.2 47
1741094126784 46.2 48
1741094136816 46.2 49
1741094146858 46.2 50
1741094156890 46.2 51
1741094167393 46.2 52
1741094177452 46.2 53
1741094187585 46.2 54
1741094197625 46.2 55
1741094207657 46.2 56
1741094217780 46.2 57
1741094227829 46.2 58
1741094237890 46.2 59
1741094248407 46.2 60
1741094258446 46.2 61
1741094268928 46.2 62
1741094278974 46.2 63
1741094289028 46.2 64
1741094299237 46.2 65
1741094309280 46.2 66
1741094319315 46.2 67
1741094329405 46.2 68
1741094339675 46.2 69
1741094349709 46.2 70
1741094359796 46.2 71
1741094369844 46.2 72
1741094379881 46.2 73
1741094389964 46.2 74
1741094400020 46.2 75
1741094410073 46.2 76
1741094420174 46.2 77
1741094430220 46.2 78
1741094440675 46.2 79
1741094451165 46.2 80
1741094461756 46.2 81
1741094471810 46.2 82
1741094481929 46.2 83
1741094492570 46.2 84
1741094502621 46.2 85
1741094512717 46.2 86
1741094522751 46.2 87
1741094533255 46.2 88
1741094543867 46.2 89
1741094554008 46.2 90
1741094564282 46.2 91
1741094574346 46.2 92
1741094584710 46.2 93
1741094594765 46.2 94
1741094604810 46.2 95
1741094615247 46.2 96
1741094625291 46.2 97
1741094635324 46.2 98
1741094645424 46.2 99
1741094655466 46.2 100
1741094665499 46.2 101
1741094676658 46.2 102
1741094686719 46.2 103
1741094696958 46.2 104
1741094707079 46.2 105
1741094717148 46.2 106
1741094727218 46.2 107
1741094737315 46.2 108
1741094747368 46.2 109
1741094757408 46.2 110
1741094768119 46.2 111
1741094778160 46.2 112
1741094788201 46.2 113
1741094798374 46.2 114
1741094808421 46.2 115
1741094818827 46.2 116
1741094828927 46.2 117
1741094838987 46.2 118
