1741093639923 295267.3 0
1741093650312 295267.3 1
1741093660360 295267.3 2
1741093670688 295267.3 3
1741093680789 295267.3 4
1741093690972 295267.3 5
1741093701252 295267.3 6
1741093711301 295267.3 7
1741093721340 295267.3 8
1741093731372 295267.3 9
1741093741409 295267.3 10
1741093751525 295267.3 11
1741093761574 295266.6 12
1741093771643 295255.4 13
1741093781803 295255.4 14
1741093791844 295255.4 15
1741093802122 295255.4 16
1741093812522 295255.4 17
1741093822564 295255.4 18
1741093832610 295255.4 19
1741093842696 295255.4 20
1741093852820 295255.4 21
1741093862955 295255.4 22
1741093873054 295255.4 23
1741093883099 295254.9 24
1741093893133 295254.9 25
1741093903263 295254.8 26
1741093913628 295254.8 27
1741093923669 295254.8 28
1741093933751 295254.8 29
1741093943796 295254.8 30
1741093953831 295254.8 31
1741093963932 295254.8 32
1741093973976 295254.8 33
1741093984025 295254.8 34
1741093994128 295254.3 35
1741094004293 295254.3 36
1741094014769 295254.3 37
1741094024977 295254.3 38
1741094035493 295254.3 39
1741094045534 295254.3 40
1741094055635 295254.3 41
1741094066085 295254.3 42
1741094076124 295254.3 43
1741094086343 295254.3 44
1741094096383 295254.3 45
1741094106425 295254.3 46
1741094116697 295253.7 47
1741094126784 295253.7 48
1741094136816 295253.7 49
1741094146858 295253.7 50
1741094156890 295253.7 51
1741094167393 295253.7 52
1741094177452 295253.7 53
1741094187585 295253.7 54
1741094197625 295253.7 55
1741094207657 295253.7 56
1741094217780 295253.7 57
1741094227829 295253.7 58
1741094237890 295253.2 59
1741094248407 295253.2 60
1741094258446 295253.2 61
1741094268928 295253.2 62
1741094278974 295253.2 63
1741094289028 295253.2 64
1741094299237 295253.2 65
1741094309280 295253.2 66
1741094319315 295253.2 67
1741094329405 295253.2 68
1741094339675 295253.2 69
1741094349709 295253.2 70
1741094359796 295252.7 71
1741094369844 295252.7 72
1741094379881 295252.7 73
1741094389964 295252.7 74
1741094400020 295252.7 75
1741094410073 295252.7 76
1741094420174 295252.7 77
1741094430220 295252.7 78
1741094440675 295252.7 79
1741094451165 295252.7 80
1741094461756 295252.7 81
1741094471810 295252.7 82
1741094481929 295252.1 83
1741094492570 295252.1 84
1741094502621 295252.1 85
1741094512717 295252.1 86
1741094522751 295252.1 87
1741094533255 295252.1 88
1741094543867 295252.1 89
1741094554008 295252.1 90
1741094564282 295252.1 91
1741094574346 295252.1 92
1741094584710 295252.1 93
1741094594765 295252.1 94
1741094604810 295251.6 95
1741094615247 295251.6 96
1741094625291 295251.6 97
1741094635324 295251.6 98
1741094645424 295251.6 99
1741094655466 295251.6 100
1741094665499 295251.6 101
1741094676658 295251.6 102
1741094686719 295251.6 103
1741094696958 295251.6 104
1741094707079 295251.6 105
1741094717148 295251.6 106
1741094727218 295251.1 107
1741094737315 295251.1 108
1741094747368 295251.1 109
1741094757408 295251.1 110
1741094768119 295251.1 111
1741094778160 295251.1 112
1741094788201 295250.6 113
1741094798374 295250.6 114
1741094808421 295250.6 115
1741094818827 295250.6 116
1741094828927 295250.6 117
1741094838987 295250.6 118
