1741093639923 253091.8 0
1741093650312 253091.9 1
1741093660360 253091.9 2
1741093670688 253091.9 3
1741093680789 253091.9 4
1741093690972 253091.9 5
1741093701252 253091.9 6
1741093711301 253091.9 7
1741093721340 253091.9 8
1741093731372 253091.9 9
1741093741409 253091.9 10
1741093751525 253091.9 11
1741093761574 253092.5 12
1741093771643 253103.7 13
1741093781803 253103.7 14
1741093791844 253103.7 15
1741093802122 253103.7 16
1741093812522 253103.7 17
1741093822564 253103.7 18
1741093832610 253103.7 19
1741093842696 253103.7 20
1741093852820 253103.7 21
1741093862955 253103.7 22
1741093873054 253103.7 23
1741093883099 253104.2 24
1741093893133 253104.3 25
1741093903263 253104.3 26
1741093913628 253104.3 27
1741093923669 253104.3 28
1741093933751 253104.3 29
1741093943796 253104.3 30
1741093953831 253104.3 31
1741093963932 253104.3 32
1741093973976 253104.3 33
1741093984025 253104.3 34
1741093994128 253104.8 35
1741094004293 253104.8 36
1741094014769 253104.8 37
1741094024977 253104.8 38
1741094035493 253104.8 39
1741094045534 253104.8 40
1741094055635 253104.8 41
1741094066085 253104.8 42
1741094076124 253104.8 43
1741094086343 253104.8 44
1741094096383 253104.8 45
1741094106425 253104.8 46
1741094116697 253105.4 47
1741094126784 253105.4 48
1741094136816 253105.4 49
1741094146858 253105.4 50
1741094156890 253105.4 51
1741094167393 253105.4 52
1741094177452 253105.4 53
1741094187585 253105.4 54
1741094197625 253105.4 55
1741094207657 253105.4 56
1741094217780 253105.4 57
1741094227829 253105.4 58
1741094237890 253105.9 59
1741094248407 253105.9 60
1741094258446 253105.9 61
1741094268928 253105.9 62
1741094278974 253105.9 63
1741094289028 253105.9 64
1741094299237 253105.9 65
1741094309280 253105.9 66
1741094319315 253105.9 67
1741094329405 253105.9 68
1741094339675 253105.9 69
1741094349709 253105.9 70
1741094359796 253106.4 71
1741094369844 253106.5 72
1741094379881 253106.5 73
1741094389964 253106.5 74
1741094400020 253106.5 75
1741094410073 253106.5 76
1741094420174 253106.5 77
1741094430220 253106.5 78
1741094440675 253106.5 79
1741094451165 253106.5 80
1741094461756 253106.5 81
1741094471810 253106.5 82
1741094481929 253107.0 83
1741094492570 253107.0 84
1741094502621 253107.0 85
1741094512717 253107.0 86
1741094522751 253107.0 87
1741094533255 253107.0 88
1741094543867 253107.0 89
1741094554008 253107.0 90
1741094564282 253107.0 91
1741094574346 253107.0 92
1741094584710 253107.0 93
1741094594765 253107.0 94
1741094604810 253107.5 95
1741094615247 253107.5 96
1741094625291 253107.5 97
1741094635324 253107.5 98
1741094645424 253107.5 99
1741094655466 253107.5 100
1741094665499 253107.5 101
1741094676658 253107.5 102
1741094686719 253107.5 103
1741094696958 253107.5 104
1741094707079 253107.5 105
1741094717148 253107.5 106
1741094727218 253108.0 107
1741094737315 253108.0 108
1741094747368 253108.0 109
1741094757408 253108.0 110
1741094768119 253108.0 111
1741094778160 253108.0 112
1741094788201 253108.5 113
1741094798374 253108.5 114
1741094808421 253108.5 115
1741094818827 253108.6 116
1741094828927 253108.6 117
1741094838987 253108.6 118
