1741093639923 0.0005739999999150314 0
1741093650312 15.231633999999985 1
1741093660360 33.66822899999988 2
1741093670688 61.3755450000001 3
1741093680789 75.75326900000005 4
1741093690972 93.34246099999996 5
1741093701252 99.09067299999992 6
1741093711301 108.33961199999999 7
1741093721340 111.22668199999998 8
1741093731372 112.19191599999999 9
1741093741409 115.27797800000008 10
1741093751525 115.96642799999995 11
1741093761574 116.79161199999999 12
1741093771643 117.31769400000007 13
1741093781803 118.26505500000007 14
1741093791844 118.86843199999998 15
1741093802122 119.7724619999999 16
1741093812522 120.20141599999988 17
1741093822564 121.06324900000004 18
1741093832610 128.21562399999993 19
1741093842696 132.16253299999994 20
1741093852820 140.26955199999998 21
1741093862955 144.17140100000006 22
1741093873054 150.54189599999995 23
1741093883099 156.94937400000003 24
1741093893133 162.14040099999988 25
1741093903263 167.51534199999992 26
1741093913628 174.005496 27
1741093923669 177.58971199999996 28
1741093933751 182.72507399999995 29
1741093943796 188.4266869999999 30
1741093953831 189.27707299999997 31
1741093963932 196.05851499999994 32
1741093973976 197.01139899999998 33
1741093984025 197.33724099999995 34
1741093994128 204.01173199999994 35
1741094004293 204.390402 36
1741094014769 211.29859800000008 37
1741094024977 211.67485499999998 38
1741094035493 218.55105400000002 39
1741094045534 219.058317 40
1741094055635 219.79832499999998 41
1741094066085 226.41307099999995 42
1741094076124 227.35456599999998 43
1741094086343 233.9381350000001 44
1741094096383 234.59557999999993 45
1741094106425 241.160977 46
1741094116697 242.248022 47
1741094126784 242.8446429999999 48
1741094136816 249.31089799999995 49
1741094146858 249.89037699999994 50
1741094156890 255.58365200000003 51
1741094167393 256.19063600000004 52
1741094177452 263.5278410000001 53
1741094187585 264.2374319999999 54
1741094197625 264.58206799999994 55
1741094207657 270.7619480000001 56
1741094217780 271.2932350000001 57
1741094227829 277.6584459999999 58
1741094237890 278.202321 59
1741094248407 284.34071900000004 60
1741094258446 284.9137410000001 61
1741094268928 290.842807 62
1741094278974 292.34030400000006 63
1741094289028 292.727852 64
1741094299237 298.3204659999999 65
1741094309280 298.349653 66
1741094319315 304.5112489999999 67
1741094329405 304.58644000000004 68
1741094339675 310.3413579999999 69
1741094349709 310.41690700000004 70
1741094359796 317.3096619999999 71
1741094369844 317.38740099999995 72
1741094379881 317.72930199999996 73
1741094389964 323.79641100000003 74
1741094400020 324.0883449999999 75
1741094410073 329.98336100000006 76
1741094420174 330.307368 77
1741094430220 336.645626 78
1741094440675 337.09443699999997 79
1741094451165 341.27875300000005 80
1741094461756 347.99299900000005 81
1741094471810 349.82403999999997 82
1741094481929 355.554036 83
1741094492570 362.0525359999999 84
1741094502621 362.09246800000005 85
1741094512717 362.1783599999999 86
1741094522751 367.8574819999999 87
1741094533255 367.98984900000005 88
1741094543867 373.40499 89
1741094554008 377.29135599999995 90
1741094564282 386.59552400000007 91
1741094574346 386.7030890000001 92
1741094584710 393.632568 93
1741094594765 394.71008200000006 94
1741094604810 395.082169 95
1741094615247 400.9652490000001 96
1741094625291 401.06446600000004 97
1741094635324 406.32945300000006 98
1741094645424 406.38956299999995 99
1741094655466 412.1068250000001 100
1741094665499 412.15554199999997 101
1741094676658 418.459785 102
1741094686719 418.68667000000005 103
1741094696958 419.865135 104
1741094707079 426.122846 105
1741094717148 426.71449899999993 106
1741094727218 434.22800299999994 107
1741094737315 434.89145400000007 108
1741094747368 441.909897 109
1741094757408 442.3861689999999 110
1741094768119 442.757059 111
1741094778160 449.66928499999995 112
1741094788201 450.2760269999999 113
1741094798374 456.75159899999994 114
1741094808421 457.73471799999993 115
1741094818827 464.498331 116
1741094828927 464.73656299999993 117
1741094838987 465.33484999999996 118
