1741093639923 0.0002220000001216249 0
1741093650312 3.757241000000022 1
1741093660360 16.507595000000038 2
1741093670688 37.899490000000014 3
1741093680789 47.24131300000022 4
1741093690972 62.45146 5
1741093701252 64.25650900000005 6
1741093711301 67.66226300000017 7
1741093721340 67.87346600000001 8
1741093731372 68.30261100000007 9
1741093741409 69.00043600000004 10
1741093751525 69.09010900000021 11
1741093761574 69.4317910000002 12
1741093771643 69.56190200000015 13
1741093781803 69.9793860000002 14
1741093791844 70.0550340000002 15
1741093802122 70.40235300000018 16
1741093812522 70.49878700000022 17
1741093822564 70.92992800000002 18
1741093832610 71.39703000000009 19
1741093842696 71.94809700000019 20
1741093852820 72.48327300000005 21
1741093862955 73.03414600000019 22
1741093873054 73.47244100000012 23
1741093883099 74.10054400000013 24
1741093893133 74.815785 25
1741093903263 75.22763900000018 26
1741093913628 75.98186900000019 27
1741093923669 76.2632930000002 28
1741093933751 76.9262940000001 29
1741093943796 77.27867100000003 30
1741093953831 77.64979000000017 31
1741093963932 78.02694600000018 32
1741093973976 78.39683200000013 33
1741093984025 78.4793410000002 34
1741093994128 79.1645890000002 35
1741094004293 79.23259400000006 36
1741094014769 79.95819300000016 37
1741094024977 80.02068500000019 38
1741094035493 80.7368550000001 39
1741094045534 80.86669700000016 40
1741094055635 81.19639200000006 41
1741094066085 81.7168250000002 42
1741094076124 82.01709200000005 43
1741094086343 82.5389560000001 44
1741094096383 82.81770400000005 45
1741094106425 83.32815800000003 46
1741094116697 83.66330200000016 47
1741094126784 83.83434500000021 48
1741094136816 84.41089100000022 49
1741094146858 84.72772400000008 50
1741094156890 85.15785100000016 51
1741094167393 85.49439100000018 52
1741094177452 85.99497400000018 53
1741094187585 86.22960900000021 54
1741094197625 86.31716200000005 55
1741094207657 86.8338020000001 56
1741094217780 86.94596000000001 57
1741094227829 87.37240500000007 58
1741094237890 87.49419700000021 59
1741094248407 87.8646990000002 60
1741094258446 87.92978800000014 61
1741094268928 88.2960250000001 62
1741094278974 88.4392600000001 63
1741094289028 88.52866700000004 64
1741094299237 89.37042600000018 65
1741094309280 89.41266700000006 66
1741094319315 89.76979600000004 67
1741094329405 89.84826300000009 68
1741094339675 90.48877300000004 69
1741094349709 90.56018900000004 70
1741094359796 91.28367000000003 71
1741094369844 91.36560300000019 72
1741094379881 91.70570600000019 73
1741094389964 92.10461700000019 74
1741094400020 92.40012000000002 75
1741094410073 92.82296200000019 76
1741094420174 93.15293900000006 77
1741094430220 93.61246800000004 78
1741094440675 94.06221800000003 79
1741094451165 96.59027800000013 80
1741094461756 99.67955900000015 81
1741094471810 101.51551800000016 82
1741094481929 102.41383200000018 83
1741094492570 102.921153 84
1741094502621 102.95292700000005 85
1741094512717 103.03423600000019 86
1741094522751 103.39172400000007 87
1741094533255 103.548045 88
1741094543867 103.96180500000014 89
1741094554008 107.84424000000013 90
1741094564282 111.44855600000005 91
1741094574346 111.50871800000004 92
1741094584710 112.47715800000014 93
1741094594765 113.4789310000001 94
1741094604810 113.84904200000005 95
1741094615247 114.24745800000005 96
1741094625291 114.35973100000001 97
1741094635324 114.74694400000021 98
1741094645424 114.82991800000013 99
1741094655466 115.17905400000018 100
1741094665499 115.24194000000011 101
1741094676658 115.70637600000009 102
1741094686719 115.91648600000008 103
1741094696958 116.61954800000012 104
1741094707079 117.7722960000001 105
1741094717148 118.3642470000002 106
1741094727218 119.95605800000021 107
1741094737315 120.62378700000022 108
1741094747368 121.55639900000006 109
1741094757408 122.03747000000021 110
1741094768119 122.41528700000003 111
1741094778160 124.20219300000008 112
1741094788201 124.8181320000001 113
1741094798374 125.21580700000004 114
1741094808421 126.19657500000017 115
1741094818827 126.6533260000001 116
1741094828927 126.76383100000021 117
1741094838987 127.3630270000001 118
