1741093639923 15039.6 0
1741093650312 15139.9 1
1741093660360 15081.1 2
1741093670688 15200.4 3
1741093680789 15207.5 4
1741093690972 15302.4 5
1741093701252 15380.4 6
1741093711301 15557.6 7
1741093721340 15612.4 8
1741093731372 15038.6 9
1741093741409 14968.8 10
1741093751525 14924.3 11
1741093761574 15072.4 12
1741093771643 14969.0 13
1741093781803 14929.1 14
1741093791844 14850.7 15
1741093802122 14915.0 16
1741093812522 14991.2 17
1741093822564 15217.8 18
1741093832610 15364.0 19
1741093842696 15394.1 20
1741093852820 15278.0 21
1741093862955 15299.7 22
1741093873054 15365.5 23
1741093883099 15741.1 24
1741093893133 15015.0 25
1741093903263 15048.1 26
1741093913628 15057.0 27
1741093923669 15045.7 28
1741093933751 15103.5 29
1741093943796 15067.1 30
1741093953831 15099.4 31
1741093963932 14788.1 32
1741093973976 14797.8 33
1741093984025 14911.9 34
1741093994128 14921.9 35
1741094004293 14914.9 36
1741094014769 14934.4 37
1741094024977 14864.0 38
1741094035493 14899.0 39
1741094045534 14899.5 40
1741094055635 14933.3 41
1741094066085 15144.6 42
1741094076124 15035.7 43
1741094086343 15050.8 44
1741094096383 14974.9 45
1741094106425 14987.2 46
1741094116697 15370.2 47
1741094126784 15191.7 48
1741094136816 15126.2 49
1741094146858 15130.3 50
1741094156890 15141.1 51
1741094167393 15148.6 52
1741094177452 15157.3 53
1741094187585 15430.6 54
1741094197625 15315.4 55
1741094207657 15332.6 56
1741094217780 15843.4 57
1741094227829 15434.8 58
1741094237890 15956.3 59
1741094248407 15570.8 60
1741094258446 15560.2 61
1741094268928 15540.6 62
1741094278974 15541.7 63
1741094289028 15569.3 64
1741094299237 15567.8 65
1741094309280 15351.1 66
1741094319315 15409.1 67
1741094329405 15165.8 68
1741094339675 15114.5 69
1741094349709 15081.3 70
1741094359796 15083.9 71
1741094369844 15095.1 72
1741094379881 15088.6 73
1741094389964 15103.4 74
1741094400020 15092.3 75
1741094410073 15100.9 76
1741094420174 15080.9 77
1741094430220 15077.5 78
1741094440675 15067.2 79
1741094451165 15021.6 80
1741094461756 15074.4 81
1741094471810 15034.6 82
1741094481929 15293.9 83
1741094492570 15089.2 84
1741094502621 15116.0 85
1741094512717 15108.6 86
1741094522751 15106.3 87
1741094533255 14993.7 88
1741094543867 15022.1 89
1741094554008 15037.5 90
1741094564282 14960.2 91
1741094574346 14969.0 92
1741094584710 14992.9 93
1741094594765 15421.9 94
1741094604810 15612.3 95
1741094615247 15276.1 96
1741094625291 14996.4 97
1741094635324 15098.7 98
1741094645424 15060.3 99
1741094655466 15022.9 100
1741094665499 15025.1 101
1741094676658 15057.3 102
1741094686719 15057.2 103
1741094696958 15075.0 104
1741094707079 15071.9 105
1741094717148 15052.4 106
1741094727218 15330.0 107
1741094737315 15098.8 108
1741094747368 15101.5 109
1741094757408 15108.8 110
1741094768119 15107.1 111
1741094778160 15106.4 112
1741094788201 15108.7 113
1741094798374 15119.7 114
1741094808421 15029.8 115
1741094818827 15028.8 116
1741094828927 15044.9 117
1741094838987 15048.1 118
