1741093639923 89.2 0
1741093650312 89.8 1
1741093660360 89.4 2
1741093670688 90.1 3
1741093680789 90.2 4
1741093690972 90.7 5
1741093701252 91.2 6
1741093711301 92.2 7
1741093721340 92.6 8
1741093731372 89.2 9
1741093741409 88.7 10
1741093751525 88.5 11
1741093761574 89.4 12
1741093771643 88.7 13
1741093781803 88.5 14
1741093791844 88.0 15
1741093802122 88.4 16
1741093812522 88.9 17
1741093822564 90.2 18
1741093832610 91.1 19
1741093842696 91.3 20
1741093852820 90.6 21
1741093862955 90.7 22
1741093873054 91.1 23
1741093883099 93.3 24
1741093893133 89.0 25
1741093903263 89.2 26
1741093913628 89.3 27
1741093923669 89.2 28
1741093933751 89.5 29
1741093943796 89.3 30
1741093953831 89.5 31
1741093963932 87.7 32
1741093973976 87.7 33
1741093984025 88.4 34
1741093994128 88.5 35
1741094004293 88.4 36
1741094014769 88.5 37
1741094024977 88.1 38
1741094035493 88.3 39
1741094045534 88.3 40
1741094055635 88.5 41
1741094066085 89.8 42
1741094076124 89.1 43
1741094086343 89.2 44
1741094096383 88.8 45
1741094106425 88.9 46
1741094116697 91.1 47
1741094126784 90.1 48
1741094136816 89.7 49
1741094146858 89.7 50
1741094156890 89.8 51
1741094167393 89.8 52
1741094177452 89.9 53
1741094187585 91.5 54
1741094197625 90.8 55
1741094207657 90.9 56
1741094217780 93.9 57
1741094227829 91.5 58
1741094237890 94.6 59
1741094248407 92.3 60
1741094258446 92.3 61
1741094268928 92.1 62
1741094278974 92.1 63
1741094289028 92.3 64
1741094299237 92.3 65
1741094309280 91.0 66
1741094319315 91.4 67
1741094329405 89.9 68
1741094339675 89.6 69
1741094349709 89.4 70
1741094359796 89.4 71
1741094369844 89.5 72
1741094379881 89.5 73
1741094389964 89.5 74
1741094400020 89.5 75
1741094410073 89.5 76
1741094420174 89.4 77
1741094430220 89.4 78
1741094440675 89.3 79
1741094451165 89.1 80
1741094461756 89.4 81
1741094471810 89.1 82
1741094481929 90.7 83
1741094492570 89.5 84
1741094502621 89.6 85
1741094512717 89.6 86
1741094522751 89.6 87
1741094533255 88.9 88
1741094543867 89.1 89
1741094554008 89.2 90
1741094564282 88.7 91
1741094574346 88.7 92
1741094584710 88.9 93
1741094594765 91.4 94
1741094604810 92.6 95
1741094615247 90.6 96
1741094625291 88.9 97
1741094635324 89.5 98
1741094645424 89.3 99
1741094655466 89.1 100
1741094665499 89.1 101
1741094676658 89.3 102
1741094686719 89.3 103
1741094696958 89.4 104
1741094707079 89.4 105
1741094717148 89.2 106
1741094727218 90.9 107
1741094737315 89.5 108
1741094747368 89.5 109
1741094757408 89.6 110
1741094768119 89.6 111
1741094778160 89.6 112
1741094788201 89.6 113
1741094798374 89.6 114
1741094808421 89.1 115
1741094818827 89.1 116
1741094828927 89.2 117
1741094838987 89.2 118
