1741073580330 0.0 0
1741073590370 26.3 1
1741073600406 23.9 2
1741073610447 33.2 3
1741073620485 24.8 4
1741073630526 26.5 5
1741073640564 26.2 6
1741073650615 23.7 7
1741073660653 23.9 8
1741073670757 24.5 9
1741073680792 20.7 10
1741073690844 24.8 11
1741073700902 26.3 12
1741073710962 27.3 13
1741073721012 28.9 14
1741073731102 18.9 15
1741073741147 21.0 16
1741073751192 26.3 17
1741073761237 24.7 18
1741073771276 24.7 19
1741073781334 27.4 20
1741073791477 24.4 21
1741073801536 21.0 22
1741073811612 24.4 23
1741073821660 24.8 24
1741073831722 22.7 25
1741073841779 24.9 26
1741073851880 23.3 27
1741073862035 21.2 28
1741073872088 27.3 29
1741073882598 28.0 30
1741073892648 16.7 31
1741073902688 25.7 32
1741073912823 24.1 33
1741073922875 21.4 34
1741073932939 20.9 35
1741073942984 22.7 36
1741073953118 21.7 37
1741073963196 23.0 38
1741073973300 23.7 39
1741073983363 22.7 40
1741073993441 22.7 41
1741074003519 21.0 42
1741074013852 18.1 43
1741074023909 17.2 44
1741074034014 31.0 45
1741074044080 28.1 46
1741074054138 23.9 47
1741074064197 19.9 48
1741074074436 19.6 49
1741074084510 29.6 50
1741074094614 23.7 51
1741074104667 24.3 52
1741074115005 21.7 53
1741074125094 19.8 54
1741074135150 20.6 55
1741074145205 23.1 56
1741074155265 22.4 57
1741074165399 21.9 58
1741074175447 21.7 59
1741074185493 22.4 60
1741074195797 19.8 61
1741074205851 17.2 62
1741074215912 18.3 63
1741074226028 20.4 64
1741074236089 19.0 65
1741074246179 21.6 66
1741074256371 20.4 67
1741074266449 11.7 68
1741074276520 19.9 69
1741074286643 17.7 70
1741074296705 17.0 71
1741074306778 19.9 72
1741074316897 20.4 73
1741074326942 15.8 74
1741074336991 19.9 75
1741074347081 18.4 76
1741074357143 16.3 77
1741074367194 19.1 78
1741074377318 19.9 79
1741074387382 15.5 80
1741074397573 18.5 81
1741074407706 17.5 82
1741074418051 20.0 83
1741074428109 19.7 84
1741074438260 19.1 85
1741074448312 17.8 86
1741074458364 21.3 87
1741074469033 20.5 88
1741074479093 14.0 89
1741074489161 22.3 90
1741074499276 17.7 91
1741074509580 15.8 92
1741074519659 17.7 93
1741074529795 18.8 94
1741074539864 15.7 95
1741074549920 19.9 96
1741074560035 17.9 97
1741074570102 16.3 98
1741074580170 19.3 99
1741074590274 16.7 100
1741074600324 18.2 101
1741074610377 20.4 102
1741074620480 17.8 103
1741074630534 16.3 104
1741074640591 18.8 105
1741074650693 17.0 106
1741074660768 18.6 107
1741074670832 22.4 108
1741074680932 20.4 109
1741074691284 13.4 110
1741074701332 17.7 111
1741074711418 20.0 112
1741074721501 18.0 113
1741074731577 17.2 114
1741074741679 19.1 115
1741074751784 18.0 116
1741074761838 16.1 117
1741074772154 18.2 118
1741074782214 17.4 119
1741074792278 18.5 120
1741074802335 18.1 121
1741074812480 17.0 122
1741074822528 16.2 123
1741074832595 19.4 124
1741074842734 18.3 125
1741074852818 16.9 126
1741074862898 16.9 127
1741074872997 19.6 128
1741074883069 17.1 129
1741074893575 20.4 130
1741074903657 19.3 131
1741074913732 14.0 132
1741074923806 18.9 133
1741074933916 18.6 134
1741074943979 16.1 135
1741074954054 18.4 136
1741074964583 17.5 137
1741074974843 16.7 138
1741074984907 18.4 139
1741074995007 19.1 140
1741075005066 16.5 141
1741075015138 18.5 142
1741075025203 19.1 143
1741075035292 18.2 144
1741075045354 18.7 145
1741075055512 19.8 146
1741075065567 15.6 147
1741075076003 18.1 148
1741075086467 17.7 149
1741075096527 15.1 150
1741075106584 21.7 151
1741075116718 19.4 152
1741075126858 18.1 153
1741075136939 19.7 154
1741075147002 14.0 155
1741075157643 17.5 156
1741075167705 17.9 157
1741075177761 18.8 158
1741075187883 17.3 159
1741075197942 17.7 160
1741075208038 20.1 161
1741075218144 20.7 162
1741075228199 17.6 163
1741075238716 24.8 164
1741075248818 20.7 165
1741075258888 17.0 166
1741075268952 18.8 167
1741075279112 17.3 168
1741075289208 16.8 169
1741075299262 18.3 170
1741075309855 17.2 171
1741075319936 14.4 172
1741075329982 22.0 173
1741075340082 20.2 174
1741075350136 26.1 175
1741075360245 26.6 176
1741075370301 16.9 177
1741075380364 22.1 178
1741075390656 18.9 179
1741075400710 15.9 180
1741075410778 19.5 181
1741075420884 17.4 182
1741075430957 15.4 183
1741075441007 18.6 184
1741075451505 18.2 185
1741075461565 15.2 186
1741075471630 18.4 187
1741075481763 18.7 188
1741075491809 16.6 189
1741075502263 18.4 190
1741075512341 17.5 191
1741075522465 19.0 192
1741075532518 17.0 193
1741075542574 17.4 194
1741075552707 19.1 195
1741075562793 18.8 196
1741075572849 20.3 197
1741075583208 20.5 198
1741075593266 11.9 199
1741075603329 20.5 200
1741075613436 17.9 201
1741075623498 17.9 202
1741075633574 17.8 203
1741075643632 22.5 204
1741075653677 22.3 205
1741075663728 22.3 206
1741075673772 23.0 207
1741075683848 23.3 208
1741075693908 21.7 209
1741075704037 31.4 210
1741075714130 22.2 211
1741075724236 20.3 212
1741075734293 24.1 213
1741075744360 26.3 214
1741075754416 23.6 215
1741075764546 24.5 216
1741075774625 16.1 217
1741075784684 18.0 218
1741075794822 18.3 219
1741075804884 16.5 220
1741075814935 17.6 221
1741075825064 17.3 222
1741075835676 15.4 223
1741075845775 17.5 224
1741075855906 18.7 225
1741075865968 16.5 226
1741075876024 17.4 227
1741075886133 17.8 228
1741075896198 15.7 229
1741075906264 17.1 230
1741075916801 17.5 231
1741075926874 16.6 232
1741075936950 19.0 233
1741075947471 18.2 234
1741075958034 13.7 235
1741075968528 18.5 236
1741075978890 19.8 237
1741075989108 19.3 238
1741075999204 18.2 239
1741076009280 14.3 240
1741076019389 19.3 241
1741076029439 14.9 242
1741076039506 20.5 243
1741076049610 18.9 244
1741076060272 15.5 245
1741076070328 18.4 246
1741076080454 17.9 247
1741076090518 15.4 248
1741076100582 19.3 249
1741076110737 17.7 250
1741076120800 15.2 251
1741076130882 17.1 252
1741076141020 17.8 253
1741076151079 15.5 254
1741076161149 17.7 255
1741076171264 17.3 256
1741076181325 14.9 257
1741076191380 17.0 258
1741076201731 17.8 259
1741076212224 16.8 260
1741076222309 20.7 261
1741076232486 19.6 262
1741076242559 11.1 263
1741076252630 19.6 264
1741076262738 17.5 265
1741076272807 16.0 266
1741076282872 18.3 267
1741076293023 17.0 268
1741076303109 15.7 269
1741076313198 17.2 270
1741076323316 18.2 271
1741076333416 15.1 272
1741076343487 18.1 273
1741076353532 18.4 274
1741076363598 15.7 275
1741076373663 17.0 276
1741076383720 17.9 277
1741076393769 15.8 278
1741076403853 18.6 279
1741076413913 16.7 280
1741076424117 14.0 281
1741076434178 18.6 282
1741076444237 19.6 283
1741076454670 18.1 284
1741076464810 17.4 285
1741076474866 17.7 286
1741076485017 11.8 287
1741076495129 9.0 288
1741076505187 19.8 289
1741076515310 17.5 290
1741076525390 17.1 291
1741076535481 17.8 292
1741076545628 17.1 293
1741076555904 15.5 294
1741076565985 16.6 295
1741076576146 18.4 296
1741076586540 17.0 297
1741076597058 18.7 298
1741076607178 17.4 299
1741076617338 15.8 300
1741076627469 17.7 301
1741076637772 18.4 302
1741076648157 15.9 303
1741076658245 17.2 304
1741076668372 19.6 305
1741076678432 14.0 306
1741076688751 18.2 307
1741076698845 18.4 308
1741076708916 17.7 309
1741076719041 18.9 310
1741076729790 19.9 311
1741076740263 12.3 312
1741076750347 15.9 313
1741076760419 19.3 314
1741076770529 18.0 315
1741076780590 15.4 316
1741076790657 18.5 317
1741076800813 18.7 318
1741076810862 15.7 319
1741076821167 19.4 320
1741076831483 16.9 321
1741076841938 15.8 322
1741076852348 16.6 323
1741076862564 18.3 324
1741076873079 15.9 325
1741076883171 17.3 326
1741076893454 18.4 327
1741076903559 15.1 328
1741076913614 18.2 329
1741076923740 16.5 330
1741076933792 16.4 331
1741076943851 21.1 332
1741076954567 20.7 333
1741076964622 17.1 334
1741076974681 16.5 335
1741076984739 16.8 336
1741076994800 15.5 337
1741077004852 17.6 338
1741077015133 16.6 339
1741077025331 16.9 340
1741077035606 16.7 341
1741077045983 17.4 342
1741077056428 17.5 343
1741077066863 15.8 344
1741077077481 17.7 345
1741077088218 16.8 346
1741077098739 15.4 347
1741077109369 17.3 348
1741077119781 17.9 349
1741077130456 16.5 350
1741077141081 17.2 351
1741077151630 17.5 352
1741077161770 17.2 353
1741077171984 14.1 354
1741077182082 18.6 355
1741077192217 19.2 356
1741077202291 16.8 357
1741077212349 19.5 358
1741077222469 16.0 359
1741077232544 13.7 360
1741077242609 19.2 361
1741077252733 17.7 362
1741077262830 15.4 363
1741077272927 17.2 364
1741077283083 17.8 365
1741077293154 15.4 366
1741077303487 17.6 367
1741077314182 18.9 368
1741077324948 15.1 369
1741077335354 16.7 370
1741077345953 18.0 371
1741077356310 16.9 372
1741077366609 16.3 373
1741077377064 17.6 374
1741077387359 18.2 375
1741077397465 16.6 376
1741077407575 18.2 377
1741077417719 17.0 378
1741077428480 19.1 379
1741077438626 18.2 380
1741077449012 18.9 381
1741077459375 16.3 382
1741077469425 14.3 383
1741077479536 18.8 384
1741077489602 15.9 385
1741077499673 18.1 386
1741077509805 17.4 387
1741077519869 16.5 388
1741077529927 17.5 389
1741077540325 18.0 390
1741077550850 14.1 391
1741077561223 17.1 392
1741077571926 17.1 393
1741077582709 17.2 394
1741077592978 15.5 395
1741077603683 17.5 396
1741077614527 17.1 397
1741077624608 15.7 398
1741077634684 17.5 399
1741077644806 18.0 400
1741077654904 14.3 401
1741077665683 18.1 402
1741077675816 17.3 403
1741077686273 17.2 404
1741077696871 17.7 405
1741077707645 16.4 406
1741077718357 14.6 407
1741077728970 16.7 408
1741077739450 18.4 409
1741077750111 18.3 410
1741077760488 15.6 411
1741077771071 16.5 412
1741077781692 18.1 413
1741077792654 17.3 414
1741077803498 15.6 415
1741077814402 16.9 416
1741077824885 17.4 417
1741077835407 15.8 418
1741077845846 18.1 419
1741077855959 19.0 420
1741077866041 15.0 421
1741077876124 17.6 422
1741077886256 16.6 423
1741077896500 15.9 424
1741077907445 16.4 425
1741077917531 16.5 426
1741077928358 19.4 427
1741077938461 15.7 428
1741077949120 18.6 429
1741077959284 18.9 430
1741077971843 11.1 431
1741077982403 18.2 432
1741077993292 17.9 433
1741078004096 17.7 434
1741078014845 15.5 435
1741078025435 17.6 436
1741078036174 17.5 437
1741078046744 15.0 438
1741078056833 17.4 439
1741078066914 17.8 440
1741078077082 16.2 441
1741078087139 17.2 442
1741078098069 17.8 443
1741078108198 16.7 444
1741078118248 17.8 445
1741078128726 17.9 446
1741078139601 16.9 447
1741078149673 15.1 448
1741078159763 17.2 449
1741078169912 16.2 450
1741078179990 16.6 451
1741078190093 17.9 452
1741078200971 19.3 453
1741078211040 15.7 454
1741078221129 16.9 455
1741078231962 15.3 456
1741078242022 15.6 457
1741078252099 17.3 458
1741078262186 18.4 459
1741078272262 15.5 460
1741078283154 17.6 461
1741078294099 17.2 462
1741078304889 17.1 463
1741078314956 15.7 464
1741078325033 18.1 465
1741078335148 17.6 466
1741078345352 15.0 467
1741078355439 15.3 468
1741078365572 18.4 469
1741078375625 15.0 470
1741078385695 18.7 471
1741078395851 16.7 472
1741078405919 14.4 473
1741078415983 17.3 474
1741078426117 15.7 475
1741078436206 16.2 476
1741078446276 18.6 477
1741078456376 18.8 478
1741078467410 16.1 479
1741078478534 16.2 480
1741078488596 14.7 481
1741078498903 16.6 482
1741078509645 14.9 483
1741078520717 16.6 484
1741078530825 16.7 485
1741078540884 15.5 486
1741078551008 16.4 487
1741078561146 17.1 488
1741078571202 15.7 489
1741078581264 23.6 490
1741078591854 20.8 491
1741078601968 17.2 492
1741078612158 18.6 493
1741078622265 16.9 494
1741078632363 18.3 495
1741078642476 17.8 496
1741078652721 17.5 497
1741078662850 15.8 498
1741078672977 20.0 499
1741078684269 19.2 500
1741078694380 18.0 501
1741078704478 13.4 502
1741078714597 17.2 503
1741078724694 17.9 504
1741078734810 18.1 505
1741078744855 19.2 506
1741078754978 24.2 507
1741078765117 26.8 508
1741078775181 19.3 509
1741078785991 20.5 510
1741078796301 16.3 511
1741078806425 17.9 512
1741078816638 17.9 513
1741078826767 17.5 514
1741078836886 18.5 515
1741078846993 15.4 516
1741078857108 19.5 517
1741078867223 19.0 518
1741078877334 19.2 519
1741078887438 15.0 520
1741078897558 15.3 521
1741078907665 22.3 522
1741078917777 25.6 523
1741078927908 21.0 524
1741078938034 17.0 525
1741078948140 17.4 526
1741078958262 18.3 527
1741078968389 17.1 528
1741078978532 18.0 529
1741078988654 18.3 530
1741078998776 16.9 531
1741079008904 18.0 532
1741079019025 17.8 533
1741079029155 15.1 534
1741079039255 19.2 535
1741079049369 19.3 536
1741079059488 18.5 537
1741079069898 16.2 538
1741079080018 14.1 539
1741079090853 18.2 540
1741079101014 16.6 541
1741079111154 17.7 542
1741079121455 19.2 543
1741079131585 17.3 544
1741079141718 17.9 545
1741079152084 15.9 546
1741079162240 18.9 547
1741079172371 18.2 548
1741079182510 17.7 549
1741079192640 17.0 550
1741079202770 17.3 551
1741079212982 15.2 552
1741079223255 19.8 553
1741079233384 19.9 554
1741079243491 19.2 555
1741079253609 15.5 556
1741079263766 13.6 557
1741079273898 17.4 558
1741079284023 18.2 559
1741079294269 17.3 560
1741079304505 18.0 561
1741079314840 18.3 562
1741079325242 17.6 563
1741079335543 17.3 564
1741079345933 18.2 565
1741079356247 18.2 566
1741079366678 16.9 567
1741079377067 17.7 568
1741079387194 18.0 569
1741079397554 15.9 570
1741079407928 19.0 571
1741079418409 18.9 572
1741079428530 18.7 573
1741079438637 16.2 574
1741079448824 13.4 575
1741079459049 18.3 576
1741079469179 17.9 577
1741079479359 17.4 578
1741079489512 17.2 579
1741079499805 17.6 580
1741079510327 17.5 581
1741079520745 18.1 582
1741079531326 17.6 583
1741079542096 17.1 584
1741079552714 17.2 585
1741079562960 17.2 586
1741079573378 17.4 587
1741079584121 15.8 588
1741079594583 18.3 589
1741079604994 18.3 590
1741079615099 18.7 591
1741079625457 15.7 592
1741079635801 13.1 593
1741079646024 18.7 594
1741079656518 17.2 595
1741079666771 17.5 596
1741079677094 17.2 597
1741079687531 17.2 598
1741079698074 17.6 599
1741079708509 17.2 600
1741079718989 17.1 601
1741079729685 17.1 602
1741079740470 17.1 603
1741079750982 16.3 604
1741079761365 18.0 605
1741079772196 15.1 606
1741079782925 18.5 607
1741079793554 18.2 608
1741079803667 18.3 609
1741079814392 15.7 610
1741079824958 14.7 611
1741079835263 17.7 612
1741079845621 17.4 613
1741079856013 17.4 614
1741079866571 17.9 615
1741079877115 17.7 616
1741079887616 17.4 617
1741079898101 17.0 618
1741079908698 17.2 619
1741079919469 16.9 620
1741079930100 17.3 621
1741079940697 17.5 622
1741079951082 17.5 623
1741079961214 15.2 624
1741079971461 18.1 625
1741079981597 17.0 626
1741079991908 18.6 627
1741080002151 17.6 628
1741080012251 11.0 629
1741080022365 18.9 630
1741080032484 17.4 631
1741080042908 17.6 632
1741080053438 17.0 633
1741080064170 19.0 634
1741080074828 17.3 635
1741080085368 17.0 636
1741080095478 16.9 637
1741080105613 17.0 638
1741080115739 17.0 639
1741080126505 17.5 640
1741080137149 16.1 641
1741080147292 17.3 642
1741080158114 15.8 643
1741080168229 16.7 644
1741080178472 19.2 645
1741080188585 20.2 646
1741080198688 15.9 647
1741080208904 12.4 648
1741080219471 16.5 649
1741080230173 17.1 650
1741080241114 18.0 651
1741080251811 17.5 652
1741080262439 17.7 653
1741080273284 17.5 654
1741080284268 17.2 655
1741080295119 17.2 656
1741080305991 18.2 657
1741080316838 17.5 658
1741080326970 16.4 659
1741080337092 16.8 660
1741080347220 16.7 661
1741080358241 15.9 662
1741080368360 16.9 663
1741080378710 18.8 664
1741080388810 16.8 665
1741080399271 12.4 666
1741080409372 15.4 667
1741080419506 18.1 668
1741080429640 17.3 669
1741080440235 17.1 670
1741080450898 16.3 671
1741080461577 17.9 672
1741080472594 17.3 673
1741080483423 17.1 674
1741080494375 16.7 675
1741080505301 16.6 676
1741080516083 17.2 677
1741080526918 16.9 678
1741080537739 17.4 679
1741080547871 14.7 680
1741080557996 18.9 681
1741080568428 17.0 682
1741080578695 16.7 683
1741080588811 16.8 684
1741080599214 12.8 685
1741080610089 15.9 686
1741080620191 17.4 687
1741080630564 28.7 688
1741080640978 19.9 689
1741080651081 22.2 690
1741080661187 23.2 691
1741080672715 19.5 692
1741080682863 17.4 693
1741080693467 15.8 694
1741080703571 17.3 695
1741080713942 19.3 696
1741080724046 14.3 697
1741080734887 18.5 698
1741080745032 17.9 699
1741080755612 15.9 700
1741080765688 16.6 701
1741080775820 19.8 702
1741080788268 15.8 703
1741080798391 15.0 704
1741080808629 20.0 705
1741080818765 17.4 706
1741080829353 15.7 707
1741080840622 18.2 708
1741080850766 17.7 709
1741080862697 15.0 710
1741080872758 15.0 711
1741080883093 20.6 712
1741080893265 16.2 713
1741080903357 16.4 714
1741080913453 21.1 715
1741080923595 20.2 716
1741080933673 14.6 717
1741080943757 18.4 718
1741080953876 17.8 719
1741080965481 13.8 720
1741080975541 19.5 721
1741080985668 17.3 722
1741080996419 14.5 723
1741081006472 16.5 724
1741081016906 18.6 725
1741081026993 14.0 726
1741081037627 20.9 727
1741081047761 16.8 728
1741081058892 15.8 729
1741081068999 17.8 730
1741081079657 18.4 731
1741081089828 17.6 732
1741081099926 13.0 733
1741081110345 18.9 734
1741081120515 18.3 735
1741081130758 16.1 736
1741081140869 18.7 737
1741081150996 19.3 738
1741081161079 12.9 739
1741081171472 16.4 740
1741081181626 17.7 741
1741081191719 15.3 742
1741081201829 17.9 743
1741081212248 19.4 744
1741081222333 13.4 745
1741081232746 18.6 746
1741081242893 17.7 747
1741081252985 15.1 748
1741081263053 18.7 749
1741081273949 18.2 750
1741081284070 16.3 751
1741081294838 15.9 752
1741081304947 17.4 753
1741081316284 17.5 754
1741081326379 14.4 755
1741081337969 20.3 756
1741081348119 15.7 757
1741081359545 15.6 758
1741081369632 16.6 759
1741081380669 19.0 760
1741081391390 16.6 761
1741081401488 13.2 762
1741081411690 18.6 763
1741081422858 17.0 764
1741081434353 15.8 765
1741081444447 17.9 766
1741081454522 19.0 767
1741081464885 16.8 768
1741081474989 12.4 769
1741081485986 19.3 770
1741081496132 16.6 771
1741081506846 15.6 772
1741081516962 17.1 773
1741081528307 17.9 774
1741081538434 13.4 775
1741081548696 18.9 776
1741081558774 17.1 777
1741081569266 15.4 778
1741081579375 17.2 779
1741081590379 18.5 780
1741081600516 16.6 781
1741081611638 14.5 782
1741081621759 16.2 783
1741081632970 19.3 784
1741081643068 14.0 785
1741081653927 18.0 786
1741081664023 16.9 787
1741081675173 14.8 788
1741081688147 16.8 789
1741081698271 15.3 790
1741081708954 18.1 791
1741081719047 13.6 792
1741081729683 19.0 793
1741081740917 17.1 794
1741081751110 18.4 795
1741081763069 14.5 796
1741081773173 14.0 797
1741081783722 19.0 798
1741081793805 13.9 799
1741081803996 19.3 800
1741081814142 16.8 801
1741081824516 16.7 802
1741081834610 17.5 803
1741081845682 17.8 804
1741081855825 17.1 805
1741081866358 16.8 806
1741081876484 17.7 807
1741081886651 18.4 808
1741081897141 14.5 809
1741081907266 17.1 810
1741081918641 18.8 811
1741081928746 14.2 812
1741081939557 18.3 813
1741081949651 16.5 814
1741081961061 15.2 815
1741081971192 15.8 816
1741081982581 20.0 817
1741081992726 16.9 818
1741082003949 12.0 819
1741082014064 15.8 820
1741082024593 19.4 821
1741082034728 14.6 822
1741082045660 18.6 823
1741082056074 17.2 824
1741082068826 17.7 825
1741082078918 11.1 826
1741082089677 20.5 827
1741082099761 16.6 828
1741082110591 14.8 829
1741082120732 17.2 830
1741082132026 19.1 831
1741082142206 16.7 832
1741082153528 14.9 833
1741082163629 15.9 834
1741082174770 19.7 835
1741082184855 14.1 836
1741082195924 17.7 837
1741082206047 16.7 838
1741082217537 18.5 839
1741082227638 14.0 840
1741082238324 19.0 841
1741082248469 15.6 842
1741082259570 14.8 843
1741082269684 16.9 844
1741082280479 18.3 845
1741082290686 15.2 846
1741082301119 16.3 847
1741082311245 13.6 848
1741082321370 17.9 849
1741082332258 14.8 850
1741082342376 16.7 851
1741082353755 18.5 852
1741082364032 14.0 853
1741082376906 16.8 854
1741082386994 14.5 855
1741082398599 19.4 856
1741082408729 14.2 857
1741082420120 17.3 858
1741082430261 16.3 859
1741082441272 15.3 860
1741082451386 15.9 861
1741082461487 17.8 862
1741082471774 16.7 863
1741082481848 13.9 864
1741082492491 18.2 865
1741082502652 17.2 866
1741082513988 15.3 867
1741082524092 16.4 868
1741082534268 18.8 869
1741082544997 13.8 870
1741082555068 16.8 871
1741082566808 18.2 872
1741082576970 15.6 873
1741082587085 14.7 874
1741082597870 17.1 875
1741082608039 16.0 876
1741082618150 13.6 877
1741082628285 16.8 878
1741082639918 18.4 879
1741082650011 14.0 880
1741082661232 18.9 881
1741082671393 16.0 882
1741082681631 17.5 883
1741082691713 13.9 884
1741082701808 15.3 885
1741082712601 19.1 886
1741082722706 14.2 887
1741082733048 21.3 888
1741082743213 16.2 889
1741082754120 16.0 890
1741082764217 17.2 891
1741082775320 17.7 892
1741082785424 13.8 893
1741082796037 18.9 894
1741082806140 16.1 895
1741082817221 15.2 896
1741082827329 16.7 897
1741082837421 18.3 898
1741082848581 17.5 899
1741082858705 13.2 900
1741082870237 17.2 901
1741082880379 16.4 902
1741082891874 14.5 903
1741082902006 16.1 904
1741082912122 18.7 905
1741082923141 16.4 906
1741082933259 11.1 907
1741082943360 18.6 908
1741082953910 17.8 909
1741082964043 13.9 910
1741082974144 18.8 911
1741082985225 17.2 912
1741082995328 13.5 913
1741083005442 19.3 914
1741083015720 20.1 915
1741083025836 18.0 916
1741083036526 17.9 917
1741083046919 19.8 918
1741083057010 22.2 919
1741083067095 25.2 920
1741083077211 26.4 921
1741083088553 19.8 922
1741083098640 21.9 923
1741083108760 28.5 924
1741083118856 23.7 925
1741083129765 21.2 926
1741083139906 20.1 927
1741083149968 19.8 928
1741083161249 22.7 929
1741083171406 20.5 930
1741083182016 29.8 931
1741083192434 33.7 932
1741083203115 20.3 933
1741083214001 17.1 934
1741083225267 16.7 935
1741083235394 18.8 936
1741083245884 21.1 937
1741083256084 20.5 938
1741083266221 31.3 939
1741083277329 23.8 940
1741083287410 16.0 941
1741083297568 28.6 942
1741083308657 18.0 943
1741083318868 20.1 944
1741083328949 30.9 945
1741083340625 22.1 946
1741083350795 17.2 947
1741083362312 15.3 948
1741083372407 14.9 949
1741083382598 18.7 950
1741083394172 14.4 951
1741083404318 16.5 952
1741083414438 18.1 953
1741083425471 17.9 954
1741083435567 15.3 955
1741083446753 19.2 956
1741083458062 15.7 957
1741083468173 12.1 958
1741083478296 19.9 959
1741083488469 16.4 960
1741083499058 13.7 961
1741083509169 28.0 962
1741083519265 25.3 963
1741083530121 24.0 964
1741083540291 25.6 965
1741083551328 24.8 966
1741083561797 20.9 967
1741083571859 18.8 968
1741083581996 20.4 969
