1741073580330 293963.4 0
1741073590370 293963.4 1
1741073600406 293963.4 2
1741073610447 293963.4 3
1741073620485 293963.4 4
1741073630526 293963.4 5
1741073640564 293963.4 6
1741073650615 293963.4 7
1741073660653 293963.4 8
1741073670757 293963.4 9
1741073680792 293963.4 10
1741073690844 293963.4 11
1741073700902 293963.4 12
1741073710962 293963.4 13
1741073721012 293963.4 14
1741073731102 293962.3 15
1741073741147 293951.2 16
1741073751192 293951.2 17
1741073761237 293951.2 18
1741073771276 293951.2 19
1741073781334 293951.2 20
1741073791477 293951.2 21
1741073801536 293951.2 22
1741073811612 293951.1 23
1741073821660 293951.1 24
1741073831722 293951.1 25
1741073841779 293951.1 26
1741073851880 293951.1 27
1741073862035 293951.1 28
1741073872088 293951.1 29
1741073882598 293951.1 30
1741073892648 293950.7 31
1741073902688 293950.7 32
1741073912823 293950.7 33
1741073922875 293950.7 34
1741073932939 293950.7 35
1741073942984 293950.7 36
1741073953118 293950.7 37
1741073963196 293950.7 38
1741073973300 293950.7 39
1741073983363 293950.7 40
1741073993441 293950.7 41
1741074003519 293950.7 42
1741074013852 293950.7 43
1741074023909 293950.7 44
1741074034014 293950.7 45
1741074044080 293950.7 46
1741074054138 293950.7 47
1741074064197 293950.2 48
1741074074436 293950.2 49
1741074084510 293950.2 50
1741074094614 293950.2 51
1741074104667 293950.2 52
1741074115005 293950.2 53
1741074125094 293950.2 54
1741074135150 293950.2 55
1741074145205 293950.2 56
1741074155265 293950.2 57
1741074165399 293950.2 58
1741074175447 293950.2 59
1741074185493 293950.2 60
1741074195797 293950.2 61
1741074205851 293950.2 62
1741074215912 293950.2 63
1741074226028 293950.2 64
1741074236089 293950.2 65
1741074246179 293950.2 66
1741074256371 293949.9 67
1741074266449 293949.8 68
1741074276520 293949.8 69
1741074286643 293949.8 70
1741074296705 293949.8 71
1741074306778 293949.8 72
1741074316897 293949.8 73
1741074326942 293949.8 74
1741074336991 293949.8 75
1741074347081 293949.8 76
1741074357143 293949.8 77
1741074367194 293949.8 78
1741074377318 293949.8 79
1741074387382 293949.8 80
1741074397573 293949.8 81
1741074407706 293949.8 82
1741074418051 293949.8 83
1741074428109 293949.8 84
1741074438260 293949.8 85
1741074448312 293949.8 86
1741074458364 293949.8 87
1741074469033 293949.8 88
1741074479093 293949.4 89
1741074489161 293949.4 90
1741074499276 293949.4 91
1741074509580 293949.4 92
1741074519659 293949.4 93
1741074529795 293949.4 94
1741074539864 293949.4 95
1741074549920 293949.4 96
1741074560035 293949.4 97
1741074570102 293949.4 98
1741074580170 293949.4 99
1741074590274 293949.4 100
1741074600324 293949.4 101
1741074610377 293949.4 102
1741074620480 293949.4 103
1741074630534 293949.4 104
1741074640591 293949.4 105
1741074650693 293949.4 106
1741074660768 293949.4 107
1741074670832 293949.4 108
1741074680932 293949.4 109
1741074691284 293949.0 110
1741074701332 293949.0 111
1741074711418 293949.0 112
1741074721501 293949.0 113
1741074731577 293949.0 114
1741074741679 293949.0 115
1741074751784 293949.0 116
1741074761838 293949.0 117
1741074772154 293949.0 118
1741074782214 293949.0 119
1741074792278 293949.0 120
1741074802335 293949.0 121
1741074812480 293949.0 122
1741074822528 293949.0 123
1741074832595 293949.0 124
1741074842734 293949.0 125
1741074852818 293949.0 126
1741074862898 293949.0 127
1741074872997 293949.0 128
1741074883069 293949.0 129
1741074893575 293949.0 130
1741074903657 293949.0 131
1741074913732 293948.6 132
1741074923806 293948.6 133
1741074933916 293948.6 134
1741074943979 293948.6 135
1741074954054 293948.6 136
1741074964583 293948.6 137
1741074974843 293948.6 138
1741074984907 293948.6 139
1741074995007 293948.6 140
1741075005066 293948.6 141
1741075015138 293948.6 142
1741075025203 293948.6 143
1741075035292 293948.6 144
1741075045354 293948.6 145
1741075055512 293948.6 146
1741075065567 293948.6 147
1741075076003 293948.1 148
1741075086467 293948.1 149
1741075096527 293948.1 150
1741075106584 293948.0 151
1741075116718 293948.0 152
1741075126858 293948.0 153
1741075136939 293947.7 154
1741075147002 293947.6 155
1741075157643 293947.6 156
1741075167705 293947.6 157
1741075177761 293947.6 158
1741075187883 293947.6 159
1741075197942 293947.6 160
1741075208038 293947.6 161
1741075218144 293947.6 162
1741075228199 293947.6 163
1741075238716 293947.6 164
1741075248818 293947.6 165
1741075258888 293947.6 166
1741075268952 293947.6 167
1741075279112 293947.6 168
1741075289208 293947.6 169
1741075299262 293947.6 170
1741075309855 293947.6 171
1741075319936 293947.6 172
1741075329982 293947.6 173
1741075340082 293947.6 174
1741075350136 293947.6 175
1741075360245 293947.2 176
1741075370301 293947.2 177
1741075380364 293947.2 178
1741075390656 293947.2 179
1741075400710 293947.2 180
1741075410778 293947.2 181
1741075420884 293947.2 182
1741075430957 293947.2 183
1741075441007 293947.2 184
1741075451505 293947.2 185
1741075461565 293947.2 186
1741075471630 293947.2 187
1741075481763 293947.2 188
1741075491809 293947.2 189
1741075502263 293947.2 190
1741075512341 293947.2 191
1741075522465 293947.2 192
1741075532518 293947.2 193
1741075542574 293947.2 194
1741075552707 293947.2 195
1741075562793 293947.2 196
1741075572849 293947.2 197
1741075583208 293946.8 198
1741075593266 293946.8 199
1741075603329 293946.8 200
1741075613436 293946.8 201
1741075623498 293946.8 202
1741075633574 293946.8 203
1741075643632 293946.8 204
1741075653677 293946.8 205
1741075663728 293946.8 206
1741075673772 293946.8 207
1741075683848 293946.8 208
1741075693908 293946.8 209
1741075704037 293953.6 210
1741075714130 293953.6 211
1741075724236 293953.6 212
1741075734293 295346.1 213
1741075744360 295346.1 214
1741075754416 295346.1 215
1741075764546 295346.1 216
1741075774625 295345.8 217
1741075784684 295345.8 218
1741075794822 295345.8 219
1741075804884 295345.8 220
1741075814935 295345.8 221
1741075825064 295345.8 222
1741075835676 295345.7 223
1741075845775 295345.7 224
1741075855906 295345.7 225
1741075865968 295345.7 226
1741075876024 295345.7 227
1741075886133 295345.7 228
1741075896198 295345.7 229
1741075906264 295345.7 230
1741075916801 295345.7 231
1741075926874 295345.7 232
1741075936950 295345.7 233
1741075947471 295345.7 234
1741075958034 295345.7 235
1741075968528 295345.7 236
1741075978890 295345.7 237
1741075989108 295345.7 238
1741075999204 295345.4 239
1741076009280 295345.4 240
1741076019389 295345.4 241
1741076029439 295345.4 242
1741076039506 295345.4 243
1741076049610 295345.4 244
1741076060272 295345.4 245
1741076070328 295345.4 246
1741076080454 295345.4 247
1741076090518 295345.4 248
1741076100582 295345.4 249
1741076110737 295345.4 250
1741076120800 295345.4 251
1741076130882 295345.4 252
1741076141020 295345.4 253
1741076151079 295345.4 254
1741076161149 295345.4 255
1741076171264 295345.4 256
1741076181325 295345.4 257
1741076191380 295345.4 258
1741076201731 295345.4 259
1741076212224 295345.4 260
1741076222309 295345.4 261
1741076232486 295345.0 262
1741076242559 295345.0 263
1741076252630 295345.0 264
1741076262738 295345.0 265
1741076272807 295345.0 266
1741076282872 295345.0 267
1741076293023 295345.0 268
1741076303109 295345.0 269
1741076313198 295345.0 270
1741076323316 295345.0 271
1741076333416 295345.0 272
1741076343487 295345.0 273
1741076353532 295345.0 274
1741076363598 295345.0 275
1741076373663 295345.0 276
1741076383720 295345.0 277
1741076393769 295345.0 278
1741076403853 295345.0 279
1741076413913 295345.0 280
1741076424117 295345.0 281
1741076434178 295345.0 282
1741076444237 295345.0 283
1741076454670 295345.0 284
1741076464810 295345.0 285
1741076474866 295344.6 286
1741076485017 295344.6 287
1741076495129 295344.6 288
1741076505187 295344.6 289
1741076515310 295344.6 290
1741076525390 295344.6 291
1741076535481 295344.6 292
1741076545628 295344.6 293
1741076555904 295344.6 294
1741076565985 295344.6 295
1741076576146 295344.6 296
1741076586540 295344.6 297
1741076597058 295344.6 298
1741076607178 295344.6 299
1741076617338 295344.6 300
1741076627469 295344.6 301
1741076637772 295344.6 302
1741076648157 295344.6 303
1741076658245 295344.6 304
1741076668372 295344.6 305
1741076678432 295344.6 306
1741076688751 295344.6 307
1741076698845 295344.6 308
1741076708916 295344.6 309
1741076719041 295344.6 310
1741076729790 295344.6 311
1741076740263 295344.2 312
1741076750347 295344.2 313
1741076760419 295344.2 314
1741076770529 295344.2 315
1741076780590 295344.2 316
1741076790657 295344.2 317
1741076800813 295344.2 318
1741076810862 295344.2 319
1741076821167 295344.2 320
1741076831483 295344.2 321
1741076841938 295344.2 322
1741076852348 295344.2 323
1741076862564 295344.2 324
1741076873079 295343.7 325
1741076883171 295343.7 326
1741076893454 295343.7 327
1741076903559 295343.7 328
1741076913614 295343.7 329
1741076923740 295343.7 330
1741076933792 295343.7 331
1741076943851 295343.7 332
1741076954567 295343.7 333
1741076964622 295343.7 334
1741076974681 295343.3 335
1741076984739 295343.3 336
1741076994800 295343.3 337
1741077004852 295343.3 338
1741077015133 295343.3 339
1741077025331 295343.3 340
1741077035606 295343.3 341
1741077045983 295343.3 342
1741077056428 295343.3 343
1741077066863 295343.3 344
1741077077481 295343.3 345
1741077088218 295343.3 346
1741077098739 295343.3 347
1741077109369 295343.3 348
1741077119781 295343.3 349
1741077130456 295343.3 350
1741077141081 295343.3 351
1741077151630 295343.3 352
1741077161770 295343.3 353
1741077171984 295343.3 354
1741077182082 295343.3 355
1741077192217 295343.3 356
1741077202291 295343.3 357
1741077212349 295343.3 358
1741077222469 295342.9 359
1741077232544 295342.9 360
1741077242609 295342.9 361
1741077252733 295342.9 362
1741077262830 295342.9 363
1741077272927 295342.9 364
1741077283083 295342.9 365
1741077293154 295342.9 366
1741077303487 295342.9 367
1741077314182 295342.9 368
1741077324948 295342.9 369
1741077335354 295342.9 370
1741077345953 295342.9 371
1741077356310 295342.9 372
1741077366609 295342.9 373
1741077377064 295342.9 374
1741077387359 295342.9 375
1741077397465 295342.9 376
1741077407575 295342.9 377
1741077417719 295342.9 378
1741077428480 295342.9 379
1741077438626 295342.9 380
1741077449012 295342.9 381
1741077459375 295342.6 382
1741077469425 295342.5 383
1741077479536 295342.5 384
1741077489602 295342.5 385
1741077499673 295342.5 386
1741077509805 295342.5 387
1741077519869 295342.5 388
1741077529927 295342.5 389
1741077540325 295342.5 390
1741077550850 295342.5 391
1741077561223 295342.5 392
1741077571926 295342.5 393
1741077582709 295342.5 394
1741077592978 295342.5 395
1741077603683 295342.5 396
1741077614527 295342.5 397
1741077624608 295342.5 398
1741077634684 295342.5 399
1741077644806 295342.5 400
1741077654904 295342.5 401
1741077665683 295342.5 402
1741077675816 295342.5 403
1741077686273 295342.5 404
1741077696871 295342.5 405
1741077707645 295342.5 406
1741077718357 295342.1 407
1741077728970 295342.1 408
1741077739450 295342.1 409
1741077750111 295342.1 410
1741077760488 295342.1 411
1741077771071 295342.1 412
1741077781692 295342.1 413
1741077792654 295342.1 414
1741077803498 295342.1 415
1741077814402 295342.1 416
1741077824885 295342.1 417
1741077835407 295342.1 418
1741077845846 295342.1 419
1741077855959 295342.1 420
1741077866041 295342.1 421
1741077876124 295342.1 422
1741077886256 295342.1 423
1741077896500 295342.1 424
1741077907445 295342.1 425
1741077917531 295342.1 426
1741077928358 295342.1 427
1741077938461 295342.1 428
1741077949120 295342.1 429
1741077959284 295342.1 430
1741077971843 295341.8 431
1741077982403 295341.8 432
1741077993292 295341.8 433
1741078004096 295341.8 434
1741078014845 295341.8 435
1741078025435 295341.8 436
1741078036174 295341.8 437
1741078046744 295341.8 438
1741078056833 295341.8 439
1741078066914 295341.8 440
1741078077082 295341.8 441
1741078087139 295341.8 442
1741078098069 295341.8 443
1741078108198 295341.8 444
1741078118248 295341.8 445
1741078128726 295341.8 446
1741078139601 295341.8 447
1741078149673 295341.8 448
1741078159763 295341.7 449
1741078169912 295341.7 450
1741078179990 295341.7 451
1741078190093 295341.7 452
1741078200971 295341.7 453
1741078211040 295341.7 454
1741078221129 295341.4 455
1741078231962 295341.4 456
1741078242022 295341.4 457
1741078252099 295341.4 458
1741078262186 295340.8 459
1741078272262 295340.8 460
1741078283154 295340.8 461
1741078294099 295340.8 462
1741078304889 295340.8 463
1741078314956 295340.8 464
1741078325033 295340.8 465
1741078335148 295340.8 466
1741078345352 295340.8 467
1741078355439 295340.8 468
1741078365572 295340.8 469
1741078375625 295340.8 470
1741078385695 295340.8 471
1741078395851 295340.8 472
1741078405919 295340.8 473
1741078415983 295340.8 474
1741078426117 295340.8 475
1741078436206 295340.8 476
1741078446276 295340.8 477
1741078456376 295340.8 478
1741078467410 295340.8 479
1741078478534 295340.8 480
1741078488596 295344.3 481
1741078498903 295340.5 482
1741078509645 295340.5 483
1741078520717 295340.5 484
1741078530825 295340.5 485
1741078540884 295340.5 486
1741078551008 295340.5 487
1741078561146 295340.5 488
1741078571202 295340.5 489
1741078581264 295340.5 490
1741078591854 295340.5 491
1741078601968 295340.5 492
1741078612158 295340.5 493
1741078622265 295340.5 494
1741078632363 295340.5 495
1741078642476 295340.5 496
1741078652721 295340.5 497
1741078662850 295340.5 498
1741078672977 295340.5 499
1741078684269 295340.5 500
1741078694380 295340.5 501
1741078704478 295340.1 502
1741078714597 295340.1 503
1741078724694 295340.1 504
1741078734810 295340.1 505
1741078744855 295340.1 506
1741078754978 295340.1 507
1741078765117 295340.1 508
1741078775181 295340.1 509
1741078785991 295340.1 510
1741078796301 295340.1 511
1741078806425 295340.1 512
1741078816638 295340.1 513
1741078826767 295340.1 514
1741078836886 295340.1 515
1741078846993 295340.1 516
1741078857108 295340.1 517
1741078867223 295340.1 518
1741078877334 295340.1 519
1741078887438 295339.7 520
1741078897558 295339.7 521
1741078907665 295339.7 522
1741078917777 295339.7 523
1741078927908 295339.7 524
1741078938034 295339.7 525
1741078948140 295339.7 526
1741078958262 295339.7 527
1741078968389 295339.7 528
1741078978532 295339.7 529
1741078988654 295339.7 530
1741078998776 295339.7 531
1741079008904 295339.7 532
1741079019025 295339.7 533
1741079029155 295339.7 534
1741079039255 295339.7 535
1741079049369 295339.7 536
1741079059488 295339.7 537
1741079069898 295339.4 538
1741079080018 295339.4 539
1741079090853 295339.4 540
1741079101014 295339.4 541
1741079111154 295339.4 542
1741079121455 295339.4 543
1741079131585 295339.4 544
1741079141718 295339.4 545
1741079152084 295339.4 546
1741079162240 295339.4 547
1741079172371 295339.4 548
1741079182510 295339.4 549
1741079192640 295339.4 550
1741079202770 295339.4 551
1741079212982 295339.4 552
1741079223255 295339.4 553
1741079233384 295339.4 554
1741079243491 295339.4 555
1741079253609 295339.0 556
1741079263766 295339.0 557
1741079273898 295339.0 558
1741079284023 295339.0 559
1741079294269 295339.0 560
1741079304505 295339.0 561
1741079314840 295339.0 562
1741079325242 295339.0 563
1741079335543 295339.0 564
1741079345933 295339.0 565
1741079356247 295339.0 566
1741079366678 295339.0 567
1741079377067 295339.0 568
1741079387194 295339.0 569
1741079397554 295339.0 570
1741079407928 295339.0 571
1741079418409 295339.0 572
1741079428530 295339.0 573
1741079438637 295338.6 574
1741079448824 295338.6 575
1741079459049 295338.6 576
1741079469179 295338.6 577
1741079479359 295338.6 578
1741079489512 295338.6 579
1741079499805 295338.6 580
1741079510327 295338.6 581
1741079520745 295338.6 582
1741079531326 295338.6 583
1741079542096 295338.6 584
1741079552714 295338.6 585
1741079562960 295338.6 586
1741079573378 295338.6 587
1741079584121 295338.6 588
1741079594583 295338.6 589
1741079604994 295338.6 590
1741079615099 295338.6 591
1741079625457 295338.2 592
1741079635801 295337.7 593
1741079646024 295337.7 594
1741079656518 295337.7 595
1741079666771 295337.7 596
1741079677094 295337.7 597
1741079687531 295337.7 598
1741079698074 295337.7 599
1741079708509 295337.7 600
1741079718989 295337.7 601
1741079729685 295337.7 602
1741079740470 295337.7 603
1741079750982 295337.7 604
1741079761365 295337.7 605
1741079772196 295337.7 606
1741079782925 295337.7 607
1741079793554 295337.7 608
1741079803667 295337.7 609
1741079814392 295337.3 610
1741079824958 295337.3 611
1741079835263 295337.3 612
1741079845621 295337.3 613
1741079856013 295337.3 614
1741079866571 295337.3 615
1741079877115 295337.3 616
1741079887616 295337.3 617
1741079898101 295337.3 618
1741079908698 295337.3 619
1741079919469 295337.3 620
1741079930100 295337.3 621
1741079940697 295337.3 622
1741079951082 295337.3 623
1741079961214 295337.3 624
1741079971461 295337.3 625
1741079981597 295337.3 626
1741079991908 295337.3 627
1741080002151 295337.0 628
1741080012251 295337.0 629
1741080022365 295337.0 630
1741080032484 295337.0 631
1741080042908 295337.0 632
1741080053438 295337.0 633
1741080064170 295337.0 634
1741080074828 295337.0 635
1741080085368 295337.0 636
1741080095478 295337.0 637
1741080105613 295337.0 638
1741080115739 295337.0 639
1741080126505 295337.0 640
1741080137149 295337.0 641
1741080147292 295337.0 642
1741080158114 295337.0 643
1741080168229 295337.0 644
1741080178472 295337.0 645
1741080188585 295337.0 646
1741080198688 295336.6 647
1741080208904 295336.6 648
1741080219471 295336.6 649
1741080230173 295336.6 650
1741080241114 295336.6 651
1741080251811 295336.6 652
1741080262439 295336.6 653
1741080273284 295336.6 654
1741080284268 295336.6 655
1741080295119 295336.6 656
1741080305991 295336.6 657
1741080316838 295336.6 658
1741080326970 295336.6 659
1741080337092 295336.6 660
1741080347220 295336.6 661
1741080358241 295336.6 662
1741080368360 295336.6 663
1741080378710 295336.6 664
1741080388810 295336.6 665
1741080399271 295336.2 666
1741080409372 295336.2 667
1741080419506 295336.2 668
1741080429640 295336.2 669
1741080440235 295336.2 670
1741080450898 295336.2 671
1741080461577 295336.2 672
1741080472594 295336.2 673
1741080483423 295336.2 674
1741080494375 295336.2 675
1741080505301 295336.2 676
1741080516083 295336.2 677
1741080526918 295336.2 678
1741080537739 295336.2 679
1741080547871 295336.2 680
1741080557996 295336.2 681
1741080568428 295336.2 682
1741080578695 295336.2 683
1741080588811 295336.2 684
1741080599214 295335.9 685
1741080610089 295335.9 686
1741080620191 295335.9 687
1741080630564 295335.8 688
1741080640978 295335.8 689
1741080651081 295335.8 690
1741080661187 295335.8 691
1741080672715 295335.8 692
1741080682863 295335.8 693
1741080693467 295335.8 694
1741080703571 295335.8 695
1741080713942 295335.8 696
1741080724046 295335.8 697
1741080734887 295335.8 698
1741080745032 295335.8 699
1741080755612 295335.8 700
1741080765688 295335.8 701
1741080775820 295335.8 702
1741080788268 295335.8 703
1741080798391 295335.8 704
1741080808629 295335.8 705
1741080818765 295335.8 706
1741080829353 295335.8 707
1741080840622 295335.8 708
1741080850766 295335.8 709
1741080862697 295335.8 710
1741080872758 295335.5 711
1741080883093 295335.5 712
1741080893265 295335.5 713
1741080903357 295335.5 714
1741080913453 295335.5 715
1741080923595 295335.5 716
1741080933673 295335.5 717
1741080943757 295335.5 718
1741080953876 295335.5 719
1741080965481 295335.5 720
1741080975541 295335.5 721
1741080985668 295335.5 722
1741080996419 295335.5 723
1741081006472 295335.5 724
1741081016906 295335.5 725
1741081026993 295335.5 726
1741081037627 295334.9 727
1741081047761 295334.9 728
1741081058892 295334.9 729
1741081068999 295334.9 730
1741081079657 295334.9 731
1741081089828 295334.9 732
1741081099926 295334.9 733
1741081110345 295334.9 734
1741081120515 295334.9 735
1741081130758 295334.9 736
1741081140869 295334.9 737
1741081150996 295334.9 738
1741081161079 295334.6 739
1741081171472 295334.6 740
1741081181626 295334.6 741
1741081191719 295334.6 742
1741081201829 295334.6 743
1741081212248 295334.6 744
1741081222333 295334.6 745
1741081232746 295334.6 746
1741081242893 295334.6 747
1741081252985 295334.6 748
1741081263053 295334.6 749
1741081273949 295334.6 750
1741081284070 295334.6 751
1741081294838 295334.6 752
1741081304947 295334.6 753
1741081316284 295334.6 754
1741081326379 295334.6 755
1741081337969 295334.6 756
1741081348119 295334.6 757
1741081359545 295334.6 758
1741081369632 295334.6 759
1741081380669 295334.6 760
1741081391390 295334.6 761
1741081401488 295334.6 762
1741081411690 295334.5 763
1741081422858 295334.5 764
1741081434353 295334.5 765
1741081444447 295334.5 766
1741081454522 295334.5 767
1741081464885 295334.2 768
1741081474989 295334.2 769
1741081485986 295334.2 770
1741081496132 295334.2 771
1741081506846 295334.2 772
1741081516962 295334.2 773
1741081528307 295334.2 774
1741081538434 295334.2 775
1741081548696 295334.2 776
1741081558774 295334.2 777
1741081569266 295334.2 778
1741081579375 295334.2 779
1741081590379 295334.2 780
1741081600516 295334.2 781
1741081611638 295334.2 782
1741081621759 295334.2 783
1741081632970 295334.2 784
1741081643068 295334.2 785
1741081653927 295334.2 786
1741081664023 295334.2 787
1741081675173 295334.2 788
1741081688147 295334.2 789
1741081698271 295334.2 790
1741081708954 295334.2 791
1741081719047 295334.2 792
1741081729683 295334.2 793
1741081740917 295334.2 794
1741081751110 295334.2 795
1741081763069 295334.2 796
1741081773173 295342.2 797
1741081783722 295342.2 798
1741081793805 295342.2 799
1741081803996 295342.2 800
1741081814142 295342.2 801
1741081824516 295342.2 802
1741081834610 295342.2 803
1741081845682 295342.2 804
1741081855825 295342.2 805
1741081866358 295342.2 806
1741081876484 295342.2 807
1741081886651 295342.2 808
1741081897141 295342.2 809
1741081907266 295342.2 810
1741081918641 295342.2 811
1741081928746 295342.2 812
1741081939557 295342.2 813
1741081949651 295342.2 814
1741081961061 295342.2 815
1741081971192 295342.2 816
1741081982581 295342.2 817
1741081992726 295342.2 818
1741082003949 295342.2 819
1741082014064 295342.2 820
1741082024593 295342.2 821
1741082034728 295342.2 822
1741082045660 295342.2 823
1741082056074 295342.2 824
1741082068826 295342.2 825
1741082078918 295341.8 826
1741082089677 295341.8 827
1741082099761 295341.8 828
1741082110591 295341.8 829
1741082120732 295341.8 830
1741082132026 295341.8 831
1741082142206 295341.8 832
1741082153528 295341.8 833
1741082163629 295341.8 834
1741082174770 295341.8 835
1741082184855 295341.8 836
1741082195924 295341.8 837
1741082206047 295341.8 838
1741082217537 295341.8 839
1741082227638 295341.8 840
1741082238324 295341.8 841
1741082248469 295341.8 842
1741082259570 295341.8 843
1741082269684 295341.8 844
1741082280479 295341.8 845
1741082290686 295341.8 846
1741082301119 295341.8 847
1741082311245 295341.8 848
1741082321370 295341.8 849
1741082332258 295341.8 850
1741082342376 295341.8 851
1741082353755 295341.8 852
1741082364032 295341.8 853
1741082376906 295341.8 854
1741082386994 295341.4 855
1741082398599 295341.4 856
1741082408729 295341.4 857
1741082420120 295341.4 858
1741082430261 295341.4 859
1741082441272 295341.4 860
1741082451386 295341.4 861
1741082461487 295341.4 862
1741082471774 295341.4 863
1741082481848 295340.9 864
1741082492491 295340.9 865
1741082502652 295340.9 866
1741082513988 295340.9 867
1741082524092 295340.9 868
1741082534268 295340.9 869
1741082544997 295340.9 870
1741082555068 295340.9 871
1741082566808 295340.9 872
1741082576970 295340.9 873
1741082587085 295340.9 874
1741082597870 295340.9 875
1741082608039 295340.9 876
1741082618150 295340.9 877
1741082628285 295340.9 878
1741082639918 295340.9 879
1741082650011 295340.9 880
1741082661232 295340.9 881
1741082671393 295340.9 882
1741082681631 295340.9 883
1741082691713 295340.6 884
1741082701808 295340.5 885
1741082712601 295340.5 886
1741082722706 295340.5 887
1741082733048 295340.5 888
1741082743213 295340.5 889
1741082754120 295340.5 890
1741082764217 295340.5 891
1741082775320 295340.5 892
1741082785424 295340.5 893
1741082796037 295340.5 894
1741082806140 295340.5 895
1741082817221 295340.5 896
1741082827329 295340.5 897
1741082837421 295340.5 898
1741082848581 295340.5 899
1741082858705 295340.5 900
1741082870237 295340.5 901
1741082880379 295340.5 902
1741082891874 295340.5 903
1741082902006 295340.5 904
1741082912122 295340.5 905
1741082923141 295340.5 906
1741082933259 295340.5 907
1741082943360 295340.5 908
1741082953910 295340.5 909
1741082964043 295340.5 910
1741082974144 295340.5 911
1741082985225 295340.5 912
1741082995328 295340.5 913
1741083005442 295340.1 914
1741083015720 295340.1 915
1741083025836 295340.1 916
1741083036526 295340.1 917
1741083046919 295340.1 918
1741083057010 295340.1 919
1741083067095 295340.1 920
1741083077211 295340.1 921
1741083088553 295340.1 922
1741083098640 295340.1 923
1741083108760 295340.1 924
1741083118856 295340.1 925
1741083129765 295340.1 926
1741083139906 295340.1 927
1741083149968 295340.1 928
1741083161249 295340.1 929
1741083171406 295340.1 930
1741083182016 295340.1 931
1741083192434 295340.1 932
1741083203115 295340.1 933
1741083214001 295340.1 934
1741083225267 295340.1 935
1741083235394 295340.1 936
1741083245884 295339.7 937
1741083256084 295339.7 938
1741083266221 295339.7 939
1741083277329 295339.7 940
1741083287410 295339.7 941
1741083297568 295339.7 942
1741083308657 295339.7 943
1741083318868 295339.7 944
1741083328949 295339.7 945
1741083340625 295339.7 946
1741083350795 295339.7 947
1741083362312 295339.7 948
1741083372407 295339.7 949
1741083382598 295339.7 950
1741083394172 295339.7 951
1741083404318 295339.7 952
1741083414438 295339.7 953
1741083425471 295339.7 954
1741083435567 295339.7 955
1741083446753 295339.7 956
1741083458062 295339.7 957
1741083468173 295339.7 958
1741083478296 295339.7 959
1741083488469 295339.7 960
1741083499058 295339.7 961
1741083509169 295339.7 962
1741083519265 295339.7 963
1741083530121 295339.4 964
1741083540291 295339.4 965
1741083551328 295339.4 966
1741083561797 295339.4 967
1741083571859 295339.4 968
1741083581996 295339.4 969
