1741073580330 46.4 0
1741073590370 46.4 1
1741073600406 46.4 2
1741073610447 46.4 3
1741073620485 46.4 4
1741073630526 46.4 5
1741073640564 46.4 6
1741073650615 46.4 7
1741073660653 46.4 8
1741073670757 46.4 9
1741073680792 46.4 10
1741073690844 46.4 11
1741073700902 46.4 12
1741073710962 46.4 13
1741073721012 46.4 14
1741073731102 46.4 15
1741073741147 46.4 16
1741073751192 46.4 17
1741073761237 46.4 18
1741073771276 46.4 19
1741073781334 46.4 20
1741073791477 46.4 21
1741073801536 46.4 22
1741073811612 46.4 23
1741073821660 46.4 24
1741073831722 46.4 25
1741073841779 46.4 26
1741073851880 46.4 27
1741073862035 46.4 28
1741073872088 46.4 29
1741073882598 46.4 30
1741073892648 46.4 31
1741073902688 46.4 32
1741073912823 46.4 33
1741073922875 46.4 34
1741073932939 46.4 35
1741073942984 46.4 36
1741073953118 46.4 37
1741073963196 46.4 38
1741073973300 46.4 39
1741073983363 46.4 40
1741073993441 46.4 41
1741074003519 46.4 42
1741074013852 46.4 43
1741074023909 46.4 44
1741074034014 46.4 45
1741074044080 46.4 46
1741074054138 46.4 47
1741074064197 46.4 48
1741074074436 46.4 49
1741074084510 46.4 50
1741074094614 46.4 51
1741074104667 46.4 52
1741074115005 46.4 53
1741074125094 46.4 54
1741074135150 46.4 55
1741074145205 46.4 56
1741074155265 46.4 57
1741074165399 46.4 58
1741074175447 46.4 59
1741074185493 46.4 60
1741074195797 46.4 61
1741074205851 46.4 62
1741074215912 46.4 63
1741074226028 46.4 64
1741074236089 46.4 65
1741074246179 46.4 66
1741074256371 46.4 67
1741074266449 46.4 68
1741074276520 46.4 69
1741074286643 46.4 70
1741074296705 46.4 71
1741074306778 46.4 72
1741074316897 46.4 73
1741074326942 46.4 74
1741074336991 46.4 75
1741074347081 46.4 76
1741074357143 46.4 77
1741074367194 46.4 78
1741074377318 46.4 79
1741074387382 46.4 80
1741074397573 46.4 81
1741074407706 46.4 82
1741074418051 46.4 83
1741074428109 46.4 84
1741074438260 46.4 85
1741074448312 46.4 86
1741074458364 46.4 87
1741074469033 46.4 88
1741074479093 46.4 89
1741074489161 46.4 90
1741074499276 46.4 91
1741074509580 46.4 92
1741074519659 46.4 93
1741074529795 46.4 94
1741074539864 46.4 95
1741074549920 46.4 96
1741074560035 46.4 97
1741074570102 46.4 98
1741074580170 46.4 99
1741074590274 46.4 100
1741074600324 46.4 101
1741074610377 46.4 102
1741074620480 46.4 103
1741074630534 46.4 104
1741074640591 46.4 105
1741074650693 46.4 106
1741074660768 46.4 107
1741074670832 46.4 108
1741074680932 46.4 109
1741074691284 46.4 110
1741074701332 46.4 111
1741074711418 46.4 112
1741074721501 46.4 113
1741074731577 46.4 114
1741074741679 46.4 115
1741074751784 46.4 116
1741074761838 46.4 117
1741074772154 46.4 118
1741074782214 46.4 119
1741074792278 46.4 120
1741074802335 46.4 121
1741074812480 46.4 122
1741074822528 46.4 123
1741074832595 46.4 124
1741074842734 46.4 125
1741074852818 46.4 126
1741074862898 46.4 127
1741074872997 46.4 128
1741074883069 46.4 129
1741074893575 46.4 130
1741074903657 46.4 131
1741074913732 46.4 132
1741074923806 46.4 133
1741074933916 46.4 134
1741074943979 46.4 135
1741074954054 46.4 136
1741074964583 46.4 137
1741074974843 46.4 138
1741074984907 46.4 139
1741074995007 46.4 140
1741075005066 46.4 141
1741075015138 46.4 142
1741075025203 46.4 143
1741075035292 46.4 144
1741075045354 46.4 145
1741075055512 46.4 146
1741075065567 46.4 147
1741075076003 46.4 148
1741075086467 46.4 149
1741075096527 46.4 150
1741075106584 46.4 151
1741075116718 46.4 152
1741075126858 46.4 153
1741075136939 46.4 154
1741075147002 46.4 155
1741075157643 46.4 156
1741075167705 46.4 157
1741075177761 46.4 158
1741075187883 46.4 159
1741075197942 46.4 160
1741075208038 46.4 161
1741075218144 46.4 162
1741075228199 46.4 163
1741075238716 46.4 164
1741075248818 46.4 165
1741075258888 46.4 166
1741075268952 46.4 167
1741075279112 46.4 168
1741075289208 46.4 169
1741075299262 46.4 170
1741075309855 46.4 171
1741075319936 46.4 172
1741075329982 46.4 173
1741075340082 46.4 174
1741075350136 46.4 175
1741075360245 46.4 176
1741075370301 46.4 177
1741075380364 46.4 178
1741075390656 46.4 179
1741075400710 46.4 180
1741075410778 46.4 181
1741075420884 46.4 182
1741075430957 46.4 183
1741075441007 46.4 184
1741075451505 46.4 185
1741075461565 46.4 186
1741075471630 46.4 187
1741075481763 46.4 188
1741075491809 46.4 189
1741075502263 46.4 190
1741075512341 46.4 191
1741075522465 46.4 192
1741075532518 46.4 193
1741075542574 46.4 194
1741075552707 46.4 195
1741075562793 46.4 196
1741075572849 46.4 197
1741075583208 46.4 198
1741075593266 46.4 199
1741075603329 46.4 200
1741075613436 46.4 201
1741075623498 46.4 202
1741075633574 46.4 203
1741075643632 46.4 204
1741075653677 46.4 205
1741075663728 46.4 206
1741075673772 46.4 207
1741075683848 46.4 208
1741075693908 46.4 209
1741075704037 46.4 210
1741075714130 46.4 211
1741075724236 46.4 212
1741075734293 46.1 213
1741075744360 46.1 214
1741075754416 46.1 215
1741075764546 46.1 216
1741075774625 46.1 217
1741075784684 46.1 218
1741075794822 46.1 219
1741075804884 46.1 220
1741075814935 46.1 221
1741075825064 46.1 222
1741075835676 46.1 223
1741075845775 46.1 224
1741075855906 46.1 225
1741075865968 46.1 226
1741075876024 46.1 227
1741075886133 46.1 228
1741075896198 46.1 229
1741075906264 46.1 230
1741075916801 46.1 231
1741075926874 46.1 232
1741075936950 46.1 233
1741075947471 46.1 234
1741075958034 46.1 235
1741075968528 46.1 236
1741075978890 46.1 237
1741075989108 46.1 238
1741075999204 46.1 239
1741076009280 46.1 240
1741076019389 46.1 241
1741076029439 46.1 242
1741076039506 46.1 243
1741076049610 46.1 244
1741076060272 46.1 245
1741076070328 46.1 246
1741076080454 46.1 247
1741076090518 46.1 248
1741076100582 46.1 249
1741076110737 46.1 250
1741076120800 46.1 251
1741076130882 46.1 252
1741076141020 46.1 253
1741076151079 46.1 254
1741076161149 46.1 255
1741076171264 46.1 256
1741076181325 46.1 257
1741076191380 46.1 258
1741076201731 46.1 259
1741076212224 46.1 260
1741076222309 46.1 261
1741076232486 46.1 262
1741076242559 46.1 263
1741076252630 46.1 264
1741076262738 46.1 265
1741076272807 46.1 266
1741076282872 46.1 267
1741076293023 46.1 268
1741076303109 46.1 269
1741076313198 46.1 270
1741076323316 46.1 271
1741076333416 46.1 272
1741076343487 46.1 273
1741076353532 46.1 274
1741076363598 46.1 275
1741076373663 46.1 276
1741076383720 46.1 277
1741076393769 46.1 278
1741076403853 46.1 279
1741076413913 46.1 280
1741076424117 46.1 281
1741076434178 46.1 282
1741076444237 46.1 283
1741076454670 46.1 284
1741076464810 46.1 285
1741076474866 46.1 286
1741076485017 46.1 287
1741076495129 46.1 288
1741076505187 46.1 289
1741076515310 46.1 290
1741076525390 46.1 291
1741076535481 46.1 292
1741076545628 46.1 293
1741076555904 46.1 294
1741076565985 46.1 295
1741076576146 46.1 296
1741076586540 46.1 297
1741076597058 46.1 298
1741076607178 46.1 299
1741076617338 46.1 300
1741076627469 46.1 301
1741076637772 46.1 302
1741076648157 46.1 303
1741076658245 46.1 304
1741076668372 46.1 305
1741076678432 46.1 306
1741076688751 46.1 307
1741076698845 46.1 308
1741076708916 46.1 309
1741076719041 46.1 310
1741076729790 46.1 311
1741076740263 46.1 312
1741076750347 46.1 313
1741076760419 46.1 314
1741076770529 46.1 315
1741076780590 46.1 316
1741076790657 46.1 317
1741076800813 46.1 318
1741076810862 46.1 319
1741076821167 46.1 320
1741076831483 46.1 321
1741076841938 46.1 322
1741076852348 46.1 323
1741076862564 46.1 324
1741076873079 46.1 325
1741076883171 46.1 326
1741076893454 46.1 327
1741076903559 46.1 328
1741076913614 46.1 329
1741076923740 46.1 330
1741076933792 46.1 331
1741076943851 46.1 332
1741076954567 46.1 333
1741076964622 46.1 334
1741076974681 46.1 335
1741076984739 46.1 336
1741076994800 46.1 337
1741077004852 46.1 338
1741077015133 46.1 339
1741077025331 46.1 340
1741077035606 46.1 341
1741077045983 46.1 342
1741077056428 46.1 343
1741077066863 46.1 344
1741077077481 46.1 345
1741077088218 46.1 346
1741077098739 46.1 347
1741077109369 46.1 348
1741077119781 46.1 349
1741077130456 46.1 350
1741077141081 46.1 351
1741077151630 46.1 352
1741077161770 46.1 353
1741077171984 46.1 354
1741077182082 46.1 355
1741077192217 46.1 356
1741077202291 46.1 357
1741077212349 46.1 358
1741077222469 46.1 359
1741077232544 46.1 360
1741077242609 46.1 361
1741077252733 46.1 362
1741077262830 46.1 363
1741077272927 46.1 364
1741077283083 46.1 365
1741077293154 46.1 366
1741077303487 46.1 367
1741077314182 46.1 368
1741077324948 46.1 369
1741077335354 46.1 370
1741077345953 46.1 371
1741077356310 46.1 372
1741077366609 46.1 373
1741077377064 46.1 374
1741077387359 46.1 375
1741077397465 46.1 376
1741077407575 46.1 377
1741077417719 46.1 378
1741077428480 46.1 379
1741077438626 46.1 380
1741077449012 46.1 381
1741077459375 46.1 382
1741077469425 46.1 383
1741077479536 46.1 384
1741077489602 46.1 385
1741077499673 46.1 386
1741077509805 46.1 387
1741077519869 46.1 388
1741077529927 46.1 389
1741077540325 46.1 390
1741077550850 46.1 391
1741077561223 46.1 392
1741077571926 46.1 393
1741077582709 46.1 394
1741077592978 46.1 395
1741077603683 46.1 396
1741077614527 46.1 397
1741077624608 46.1 398
1741077634684 46.1 399
1741077644806 46.1 400
1741077654904 46.1 401
1741077665683 46.1 402
1741077675816 46.1 403
1741077686273 46.1 404
1741077696871 46.1 405
1741077707645 46.1 406
1741077718357 46.1 407
1741077728970 46.1 408
1741077739450 46.1 409
1741077750111 46.1 410
1741077760488 46.1 411
1741077771071 46.1 412
1741077781692 46.1 413
1741077792654 46.1 414
1741077803498 46.1 415
1741077814402 46.1 416
1741077824885 46.1 417
1741077835407 46.1 418
1741077845846 46.1 419
1741077855959 46.1 420
1741077866041 46.1 421
1741077876124 46.1 422
1741077886256 46.1 423
1741077896500 46.1 424
1741077907445 46.1 425
1741077917531 46.1 426
1741077928358 46.1 427
1741077938461 46.1 428
1741077949120 46.1 429
1741077959284 46.1 430
1741077971843 46.1 431
1741077982403 46.1 432
1741077993292 46.1 433
1741078004096 46.1 434
1741078014845 46.1 435
1741078025435 46.1 436
1741078036174 46.1 437
1741078046744 46.1 438
1741078056833 46.1 439
1741078066914 46.1 440
1741078077082 46.1 441
1741078087139 46.1 442
1741078098069 46.1 443
1741078108198 46.1 444
1741078118248 46.1 445
1741078128726 46.1 446
1741078139601 46.1 447
1741078149673 46.1 448
1741078159763 46.1 449
1741078169912 46.1 450
1741078179990 46.1 451
1741078190093 46.1 452
1741078200971 46.1 453
1741078211040 46.1 454
1741078221129 46.1 455
1741078231962 46.1 456
1741078242022 46.1 457
1741078252099 46.1 458
1741078262186 46.1 459
1741078272262 46.1 460
1741078283154 46.1 461
1741078294099 46.1 462
1741078304889 46.1 463
1741078314956 46.1 464
1741078325033 46.1 465
1741078335148 46.1 466
1741078345352 46.1 467
1741078355439 46.1 468
1741078365572 46.1 469
1741078375625 46.1 470
1741078385695 46.1 471
1741078395851 46.1 472
1741078405919 46.1 473
1741078415983 46.1 474
1741078426117 46.1 475
1741078436206 46.1 476
1741078446276 46.1 477
1741078456376 46.1 478
1741078467410 46.1 479
1741078478534 46.1 480
1741078488596 46.1 481
1741078498903 46.1 482
1741078509645 46.1 483
1741078520717 46.1 484
1741078530825 46.1 485
1741078540884 46.1 486
1741078551008 46.1 487
1741078561146 46.1 488
1741078571202 46.1 489
1741078581264 46.1 490
1741078591854 46.1 491
1741078601968 46.1 492
1741078612158 46.1 493
1741078622265 46.1 494
1741078632363 46.1 495
1741078642476 46.1 496
1741078652721 46.1 497
1741078662850 46.1 498
1741078672977 46.1 499
1741078684269 46.1 500
1741078694380 46.1 501
1741078704478 46.1 502
1741078714597 46.1 503
1741078724694 46.1 504
1741078734810 46.1 505
1741078744855 46.1 506
1741078754978 46.1 507
1741078765117 46.1 508
1741078775181 46.1 509
1741078785991 46.1 510
1741078796301 46.1 511
1741078806425 46.1 512
1741078816638 46.1 513
1741078826767 46.1 514
1741078836886 46.1 515
1741078846993 46.1 516
1741078857108 46.1 517
1741078867223 46.1 518
1741078877334 46.1 519
1741078887438 46.1 520
1741078897558 46.1 521
1741078907665 46.1 522
1741078917777 46.1 523
1741078927908 46.1 524
1741078938034 46.1 525
1741078948140 46.1 526
1741078958262 46.1 527
1741078968389 46.1 528
1741078978532 46.1 529
1741078988654 46.1 530
1741078998776 46.1 531
1741079008904 46.1 532
1741079019025 46.1 533
1741079029155 46.1 534
1741079039255 46.1 535
1741079049369 46.1 536
1741079059488 46.1 537
1741079069898 46.1 538
1741079080018 46.1 539
1741079090853 46.1 540
1741079101014 46.1 541
1741079111154 46.1 542
1741079121455 46.1 543
1741079131585 46.1 544
1741079141718 46.1 545
1741079152084 46.1 546
1741079162240 46.1 547
1741079172371 46.1 548
1741079182510 46.1 549
1741079192640 46.1 550
1741079202770 46.1 551
1741079212982 46.1 552
1741079223255 46.1 553
1741079233384 46.1 554
1741079243491 46.1 555
1741079253609 46.1 556
1741079263766 46.1 557
1741079273898 46.1 558
1741079284023 46.1 559
1741079294269 46.1 560
1741079304505 46.1 561
1741079314840 46.1 562
1741079325242 46.1 563
1741079335543 46.1 564
1741079345933 46.1 565
1741079356247 46.1 566
1741079366678 46.1 567
1741079377067 46.1 568
1741079387194 46.1 569
1741079397554 46.1 570
1741079407928 46.1 571
1741079418409 46.1 572
1741079428530 46.1 573
1741079438637 46.1 574
1741079448824 46.1 575
1741079459049 46.1 576
1741079469179 46.1 577
1741079479359 46.1 578
1741079489512 46.1 579
1741079499805 46.1 580
1741079510327 46.1 581
1741079520745 46.1 582
1741079531326 46.1 583
1741079542096 46.1 584
1741079552714 46.1 585
1741079562960 46.1 586
1741079573378 46.1 587
1741079584121 46.1 588
1741079594583 46.1 589
1741079604994 46.1 590
1741079615099 46.1 591
1741079625457 46.1 592
1741079635801 46.1 593
1741079646024 46.1 594
1741079656518 46.1 595
1741079666771 46.1 596
1741079677094 46.1 597
1741079687531 46.1 598
1741079698074 46.1 599
1741079708509 46.1 600
1741079718989 46.1 601
1741079729685 46.1 602
1741079740470 46.1 603
1741079750982 46.1 604
1741079761365 46.1 605
1741079772196 46.1 606
1741079782925 46.1 607
1741079793554 46.1 608
1741079803667 46.1 609
1741079814392 46.1 610
1741079824958 46.1 611
1741079835263 46.1 612
1741079845621 46.1 613
1741079856013 46.1 614
1741079866571 46.1 615
1741079877115 46.1 616
1741079887616 46.1 617
1741079898101 46.1 618
1741079908698 46.1 619
1741079919469 46.1 620
1741079930100 46.1 621
1741079940697 46.1 622
1741079951082 46.1 623
1741079961214 46.1 624
1741079971461 46.1 625
1741079981597 46.1 626
1741079991908 46.1 627
1741080002151 46.1 628
1741080012251 46.1 629
1741080022365 46.1 630
1741080032484 46.1 631
1741080042908 46.1 632
1741080053438 46.1 633
1741080064170 46.1 634
1741080074828 46.1 635
1741080085368 46.1 636
1741080095478 46.1 637
1741080105613 46.1 638
1741080115739 46.1 639
1741080126505 46.1 640
1741080137149 46.1 641
1741080147292 46.1 642
1741080158114 46.1 643
1741080168229 46.1 644
1741080178472 46.1 645
1741080188585 46.1 646
1741080198688 46.1 647
1741080208904 46.1 648
1741080219471 46.1 649
1741080230173 46.1 650
1741080241114 46.1 651
1741080251811 46.1 652
1741080262439 46.1 653
1741080273284 46.1 654
1741080284268 46.1 655
1741080295119 46.1 656
1741080305991 46.1 657
1741080316838 46.1 658
1741080326970 46.1 659
1741080337092 46.1 660
1741080347220 46.1 661
1741080358241 46.1 662
1741080368360 46.1 663
1741080378710 46.1 664
1741080388810 46.1 665
1741080399271 46.1 666
1741080409372 46.1 667
1741080419506 46.1 668
1741080429640 46.1 669
1741080440235 46.1 670
1741080450898 46.1 671
1741080461577 46.1 672
1741080472594 46.1 673
1741080483423 46.1 674
1741080494375 46.1 675
1741080505301 46.1 676
1741080516083 46.1 677
1741080526918 46.1 678
1741080537739 46.1 679
1741080547871 46.1 680
1741080557996 46.1 681
1741080568428 46.1 682
1741080578695 46.1 683
1741080588811 46.1 684
1741080599214 46.1 685
1741080610089 46.1 686
1741080620191 46.1 687
1741080630564 46.1 688
1741080640978 46.1 689
1741080651081 46.1 690
1741080661187 46.1 691
1741080672715 46.1 692
1741080682863 46.1 693
1741080693467 46.1 694
1741080703571 46.1 695
1741080713942 46.1 696
1741080724046 46.1 697
1741080734887 46.1 698
1741080745032 46.1 699
1741080755612 46.1 700
1741080765688 46.1 701
1741080775820 46.1 702
1741080788268 46.1 703
1741080798391 46.1 704
1741080808629 46.1 705
1741080818765 46.1 706
1741080829353 46.1 707
1741080840622 46.1 708
1741080850766 46.1 709
1741080862697 46.1 710
1741080872758 46.1 711
1741080883093 46.1 712
1741080893265 46.1 713
1741080903357 46.1 714
1741080913453 46.1 715
1741080923595 46.1 716
1741080933673 46.1 717
1741080943757 46.1 718
1741080953876 46.1 719
1741080965481 46.1 720
1741080975541 46.1 721
1741080985668 46.1 722
1741080996419 46.1 723
1741081006472 46.1 724
1741081016906 46.1 725
1741081026993 46.1 726
1741081037627 46.1 727
1741081047761 46.1 728
1741081058892 46.1 729
1741081068999 46.1 730
1741081079657 46.1 731
1741081089828 46.1 732
1741081099926 46.1 733
1741081110345 46.1 734
1741081120515 46.1 735
1741081130758 46.1 736
1741081140869 46.1 737
1741081150996 46.1 738
1741081161079 46.1 739
1741081171472 46.1 740
1741081181626 46.1 741
1741081191719 46.1 742
1741081201829 46.1 743
1741081212248 46.1 744
1741081222333 46.1 745
1741081232746 46.1 746
1741081242893 46.1 747
1741081252985 46.1 748
1741081263053 46.1 749
1741081273949 46.1 750
1741081284070 46.1 751
1741081294838 46.1 752
1741081304947 46.1 753
1741081316284 46.1 754
1741081326379 46.1 755
1741081337969 46.1 756
1741081348119 46.1 757
1741081359545 46.1 758
1741081369632 46.1 759
1741081380669 46.1 760
1741081391390 46.1 761
1741081401488 46.1 762
1741081411690 46.1 763
1741081422858 46.1 764
1741081434353 46.1 765
1741081444447 46.1 766
1741081454522 46.1 767
1741081464885 46.1 768
1741081474989 46.1 769
1741081485986 46.1 770
1741081496132 46.1 771
1741081506846 46.1 772
1741081516962 46.1 773
1741081528307 46.1 774
1741081538434 46.1 775
1741081548696 46.1 776
1741081558774 46.1 777
1741081569266 46.1 778
1741081579375 46.1 779
1741081590379 46.1 780
1741081600516 46.1 781
1741081611638 46.1 782
1741081621759 46.1 783
1741081632970 46.1 784
1741081643068 46.1 785
1741081653927 46.1 786
1741081664023 46.1 787
1741081675173 46.1 788
1741081688147 46.1 789
1741081698271 46.1 790
1741081708954 46.1 791
1741081719047 46.1 792
1741081729683 46.1 793
1741081740917 46.1 794
1741081751110 46.1 795
1741081763069 46.1 796
1741081773173 46.1 797
1741081783722 46.1 798
1741081793805 46.1 799
1741081803996 46.1 800
1741081814142 46.1 801
1741081824516 46.1 802
1741081834610 46.1 803
1741081845682 46.1 804
1741081855825 46.1 805
1741081866358 46.1 806
1741081876484 46.1 807
1741081886651 46.1 808
1741081897141 46.1 809
1741081907266 46.1 810
1741081918641 46.1 811
1741081928746 46.1 812
1741081939557 46.1 813
1741081949651 46.1 814
1741081961061 46.1 815
1741081971192 46.1 816
1741081982581 46.1 817
1741081992726 46.1 818
1741082003949 46.1 819
1741082014064 46.1 820
1741082024593 46.1 821
1741082034728 46.1 822
1741082045660 46.1 823
1741082056074 46.1 824
1741082068826 46.1 825
1741082078918 46.1 826
1741082089677 46.1 827
1741082099761 46.1 828
1741082110591 46.1 829
1741082120732 46.1 830
1741082132026 46.1 831
1741082142206 46.1 832
1741082153528 46.1 833
1741082163629 46.1 834
1741082174770 46.1 835
1741082184855 46.1 836
1741082195924 46.1 837
1741082206047 46.1 838
1741082217537 46.1 839
1741082227638 46.1 840
1741082238324 46.1 841
1741082248469 46.1 842
1741082259570 46.1 843
1741082269684 46.1 844
1741082280479 46.1 845
1741082290686 46.1 846
1741082301119 46.1 847
1741082311245 46.1 848
1741082321370 46.1 849
1741082332258 46.1 850
1741082342376 46.1 851
1741082353755 46.1 852
1741082364032 46.1 853
1741082376906 46.1 854
1741082386994 46.1 855
1741082398599 46.1 856
1741082408729 46.1 857
1741082420120 46.1 858
1741082430261 46.1 859
1741082441272 46.1 860
1741082451386 46.1 861
1741082461487 46.1 862
1741082471774 46.1 863
1741082481848 46.1 864
1741082492491 46.1 865
1741082502652 46.1 866
1741082513988 46.1 867
1741082524092 46.1 868
1741082534268 46.1 869
1741082544997 46.1 870
1741082555068 46.1 871
1741082566808 46.1 872
1741082576970 46.1 873
1741082587085 46.1 874
1741082597870 46.1 875
1741082608039 46.1 876
1741082618150 46.1 877
1741082628285 46.1 878
1741082639918 46.1 879
1741082650011 46.1 880
1741082661232 46.1 881
1741082671393 46.1 882
1741082681631 46.1 883
1741082691713 46.1 884
1741082701808 46.1 885
1741082712601 46.1 886
1741082722706 46.1 887
1741082733048 46.1 888
1741082743213 46.1 889
1741082754120 46.1 890
1741082764217 46.1 891
1741082775320 46.1 892
1741082785424 46.1 893
1741082796037 46.1 894
1741082806140 46.1 895
1741082817221 46.1 896
1741082827329 46.1 897
1741082837421 46.1 898
1741082848581 46.1 899
1741082858705 46.1 900
1741082870237 46.1 901
1741082880379 46.1 902
1741082891874 46.1 903
1741082902006 46.1 904
1741082912122 46.1 905
1741082923141 46.1 906
1741082933259 46.1 907
1741082943360 46.1 908
1741082953910 46.1 909
1741082964043 46.1 910
1741082974144 46.1 911
1741082985225 46.1 912
1741082995328 46.1 913
1741083005442 46.1 914
1741083015720 46.1 915
1741083025836 46.1 916
1741083036526 46.1 917
1741083046919 46.1 918
1741083057010 46.1 919
1741083067095 46.1 920
1741083077211 46.1 921
1741083088553 46.1 922
1741083098640 46.1 923
1741083108760 46.1 924
1741083118856 46.1 925
1741083129765 46.1 926
1741083139906 46.1 927
1741083149968 46.1 928
1741083161249 46.1 929
1741083171406 46.1 930
1741083182016 46.1 931
1741083192434 46.1 932
1741083203115 46.1 933
1741083214001 46.1 934
1741083225267 46.1 935
1741083235394 46.1 936
1741083245884 46.1 937
1741083256084 46.1 938
1741083266221 46.1 939
1741083277329 46.1 940
1741083287410 46.1 941
1741083297568 46.1 942
1741083308657 46.1 943
1741083318868 46.1 944
1741083328949 46.1 945
1741083340625 46.1 946
1741083350795 46.1 947
1741083362312 46.1 948
1741083372407 46.1 949
1741083382598 46.1 950
1741083394172 46.1 951
1741083404318 46.1 952
1741083414438 46.1 953
1741083425471 46.1 954
1741083435567 46.1 955
1741083446753 46.1 956
1741083458062 46.1 957
1741083468173 46.1 958
1741083478296 46.1 959
1741083488469 46.1 960
1741083499058 46.1 961
1741083509169 46.1 962
1741083519265 46.1 963
1741083530121 46.1 964
1741083540291 46.1 965
1741083551328 46.1 966
1741083561797 46.1 967
1741083571859 46.1 968
1741083581996 46.1 969
