1741073580330 254395.7 0
1741073590370 254395.7 1
1741073600406 254395.7 2
1741073610447 254395.7 3
1741073620485 254395.7 4
1741073630526 254395.7 5
1741073640564 254395.7 6
1741073650615 254395.7 7
1741073660653 254395.7 8
1741073670757 254395.7 9
1741073680792 254395.7 10
1741073690844 254395.7 11
1741073700902 254395.7 12
1741073710962 254395.7 13
1741073721012 254395.7 14
1741073731102 254396.8 15
1741073741147 254407.9 16
1741073751192 254407.9 17
1741073761237 254407.9 18
1741073771276 254407.9 19
1741073781334 254407.9 20
1741073791477 254407.9 21
1741073801536 254407.9 22
1741073811612 254408.0 23
1741073821660 254408.0 24
1741073831722 254408.0 25
1741073841779 254408.0 26
1741073851880 254408.0 27
1741073862035 254408.0 28
1741073872088 254408.0 29
1741073882598 254408.0 30
1741073892648 254408.5 31
1741073902688 254408.5 32
1741073912823 254408.5 33
1741073922875 254408.5 34
1741073932939 254408.5 35
1741073942984 254408.5 36
1741073953118 254408.5 37
1741073963196 254408.5 38
1741073973300 254408.5 39
1741073983363 254408.5 40
1741073993441 254408.5 41
1741074003519 254408.5 42
1741074013852 254408.5 43
1741074023909 254408.5 44
1741074034014 254408.5 45
1741074044080 254408.5 46
1741074054138 254408.5 47
1741074064197 254408.9 48
1741074074436 254408.9 49
1741074084510 254408.9 50
1741074094614 254408.9 51
1741074104667 254408.9 52
1741074115005 254408.9 53
1741074125094 254408.9 54
1741074135150 254408.9 55
1741074145205 254408.9 56
1741074155265 254408.9 57
1741074165399 254408.9 58
1741074175447 254408.9 59
1741074185493 254408.9 60
1741074195797 254408.9 61
1741074205851 254408.9 62
1741074215912 254408.9 63
1741074226028 254408.9 64
1741074236089 254408.9 65
1741074246179 254408.9 66
1741074256371 254409.2 67
1741074266449 254409.3 68
1741074276520 254409.3 69
1741074286643 254409.3 70
1741074296705 254409.3 71
1741074306778 254409.3 72
1741074316897 254409.3 73
1741074326942 254409.3 74
1741074336991 254409.3 75
1741074347081 254409.3 76
1741074357143 254409.3 77
1741074367194 254409.3 78
1741074377318 254409.3 79
1741074387382 254409.3 80
1741074397573 254409.3 81
1741074407706 254409.3 82
1741074418051 254409.3 83
1741074428109 254409.3 84
1741074438260 254409.3 85
1741074448312 254409.3 86
1741074458364 254409.3 87
1741074469033 254409.3 88
1741074479093 254409.7 89
1741074489161 254409.7 90
1741074499276 254409.7 91
1741074509580 254409.7 92
1741074519659 254409.7 93
1741074529795 254409.7 94
1741074539864 254409.7 95
1741074549920 254409.7 96
1741074560035 254409.7 97
1741074570102 254409.7 98
1741074580170 254409.7 99
1741074590274 254409.7 100
1741074600324 254409.7 101
1741074610377 254409.7 102
1741074620480 254409.7 103
1741074630534 254409.7 104
1741074640591 254409.7 105
1741074650693 254409.7 106
1741074660768 254409.7 107
1741074670832 254409.7 108
1741074680932 254409.7 109
1741074691284 254410.1 110
1741074701332 254410.1 111
1741074711418 254410.1 112
1741074721501 254410.1 113
1741074731577 254410.1 114
1741074741679 254410.1 115
1741074751784 254410.1 116
1741074761838 254410.1 117
1741074772154 254410.1 118
1741074782214 254410.1 119
1741074792278 254410.1 120
1741074802335 254410.1 121
1741074812480 254410.1 122
1741074822528 254410.1 123
1741074832595 254410.1 124
1741074842734 254410.1 125
1741074852818 254410.1 126
1741074862898 254410.1 127
1741074872997 254410.1 128
1741074883069 254410.1 129
1741074893575 254410.1 130
1741074903657 254410.1 131
1741074913732 254410.5 132
1741074923806 254410.5 133
1741074933916 254410.5 134
1741074943979 254410.5 135
1741074954054 254410.5 136
1741074964583 254410.5 137
1741074974843 254410.5 138
1741074984907 254410.5 139
1741074995007 254410.5 140
1741075005066 254410.5 141
1741075015138 254410.5 142
1741075025203 254410.5 143
1741075035292 254410.5 144
1741075045354 254410.5 145
1741075055512 254410.5 146
1741075065567 254410.5 147
1741075076003 254411.0 148
1741075086467 254411.0 149
1741075096527 254411.0 150
1741075106584 254411.1 151
1741075116718 254411.1 152
1741075126858 254411.1 153
1741075136939 254411.4 154
1741075147002 254411.5 155
1741075157643 254411.5 156
1741075167705 254411.5 157
1741075177761 254411.5 158
1741075187883 254411.5 159
1741075197942 254411.5 160
1741075208038 254411.5 161
1741075218144 254411.5 162
1741075228199 254411.5 163
1741075238716 254411.5 164
1741075248818 254411.5 165
1741075258888 254411.5 166
1741075268952 254411.5 167
1741075279112 254411.5 168
1741075289208 254411.5 169
1741075299262 254411.5 170
1741075309855 254411.5 171
1741075319936 254411.5 172
1741075329982 254411.5 173
1741075340082 254411.5 174
1741075350136 254411.5 175
1741075360245 254411.9 176
1741075370301 254411.9 177
1741075380364 254411.9 178
1741075390656 254411.9 179
1741075400710 254411.9 180
1741075410778 254411.9 181
1741075420884 254411.9 182
1741075430957 254411.9 183
1741075441007 254411.9 184
1741075451505 254411.9 185
1741075461565 254411.9 186
1741075471630 254411.9 187
1741075481763 254411.9 188
1741075491809 254411.9 189
1741075502263 254411.9 190
1741075512341 254411.9 191
1741075522465 254411.9 192
1741075532518 254411.9 193
1741075542574 254411.9 194
1741075552707 254411.9 195
1741075562793 254411.9 196
1741075572849 254411.9 197
1741075583208 254412.3 198
1741075593266 254412.3 199
1741075603329 254412.3 200
1741075613436 254412.3 201
1741075623498 254412.3 202
1741075633574 254412.3 203
1741075643632 254412.3 204
1741075653677 254412.3 205
1741075663728 254412.3 206
1741075673772 254412.3 207
1741075683848 254412.3 208
1741075693908 254412.3 209
1741075704037 254405.6 210
1741075714130 254405.6 211
1741075724236 254405.6 212
1741075734293 253013.0 213
1741075744360 253013.0 214
1741075754416 253013.0 215
1741075764546 253013.0 216
1741075774625 253013.4 217
1741075784684 253013.4 218
1741075794822 253013.4 219
1741075804884 253013.4 220
1741075814935 253013.4 221
1741075825064 253013.4 222
1741075835676 253013.4 223
1741075845775 253013.4 224
1741075855906 253013.4 225
1741075865968 253013.4 226
1741075876024 253013.4 227
1741075886133 253013.4 228
1741075896198 253013.4 229
1741075906264 253013.4 230
1741075916801 253013.4 231
1741075926874 253013.4 232
1741075936950 253013.4 233
1741075947471 253013.4 234
1741075958034 253013.4 235
1741075968528 253013.4 236
1741075978890 253013.4 237
1741075989108 253013.4 238
1741075999204 253013.7 239
1741076009280 253013.8 240
1741076019389 253013.8 241
1741076029439 253013.8 242
1741076039506 253013.8 243
1741076049610 253013.8 244
1741076060272 253013.8 245
1741076070328 253013.8 246
1741076080454 253013.8 247
1741076090518 253013.8 248
1741076100582 253013.8 249
1741076110737 253013.8 250
1741076120800 253013.8 251
1741076130882 253013.8 252
1741076141020 253013.8 253
1741076151079 253013.8 254
1741076161149 253013.8 255
1741076171264 253013.8 256
1741076181325 253013.8 257
1741076191380 253013.8 258
1741076201731 253013.8 259
1741076212224 253013.8 260
1741076222309 253013.8 261
1741076232486 253014.1 262
1741076242559 253014.1 263
1741076252630 253014.1 264
1741076262738 253014.1 265
1741076272807 253014.1 266
1741076282872 253014.1 267
1741076293023 253014.1 268
1741076303109 253014.1 269
1741076313198 253014.1 270
1741076323316 253014.1 271
1741076333416 253014.1 272
1741076343487 253014.1 273
1741076353532 253014.1 274
1741076363598 253014.1 275
1741076373663 253014.1 276
1741076383720 253014.1 277
1741076393769 253014.1 278
1741076403853 253014.1 279
1741076413913 253014.1 280
1741076424117 253014.1 281
1741076434178 253014.1 282
1741076444237 253014.1 283
1741076454670 253014.1 284
1741076464810 253014.1 285
1741076474866 253014.5 286
1741076485017 253014.5 287
1741076495129 253014.5 288
1741076505187 253014.5 289
1741076515310 253014.5 290
1741076525390 253014.5 291
1741076535481 253014.5 292
1741076545628 253014.5 293
1741076555904 253014.5 294
1741076565985 253014.5 295
1741076576146 253014.5 296
1741076586540 253014.5 297
1741076597058 253014.5 298
1741076607178 253014.5 299
1741076617338 253014.5 300
1741076627469 253014.5 301
1741076637772 253014.5 302
1741076648157 253014.5 303
1741076658245 253014.5 304
1741076668372 253014.5 305
1741076678432 253014.5 306
1741076688751 253014.5 307
1741076698845 253014.5 308
1741076708916 253014.5 309
1741076719041 253014.5 310
1741076729790 253014.5 311
1741076740263 253014.9 312
1741076750347 253014.9 313
1741076760419 253014.9 314
1741076770529 253014.9 315
1741076780590 253014.9 316
1741076790657 253014.9 317
1741076800813 253014.9 318
1741076810862 253014.9 319
1741076821167 253014.9 320
1741076831483 253014.9 321
1741076841938 253014.9 322
1741076852348 253014.9 323
1741076862564 253014.9 324
1741076873079 253015.4 325
1741076883171 253015.4 326
1741076893454 253015.4 327
1741076903559 253015.4 328
1741076913614 253015.4 329
1741076923740 253015.4 330
1741076933792 253015.4 331
1741076943851 253015.4 332
1741076954567 253015.4 333
1741076964622 253015.4 334
1741076974681 253015.8 335
1741076984739 253015.8 336
1741076994800 253015.8 337
1741077004852 253015.8 338
1741077015133 253015.8 339
1741077025331 253015.8 340
1741077035606 253015.8 341
1741077045983 253015.8 342
1741077056428 253015.8 343
1741077066863 253015.8 344
1741077077481 253015.8 345
1741077088218 253015.8 346
1741077098739 253015.9 347
1741077109369 253015.9 348
1741077119781 253015.9 349
1741077130456 253015.9 350
1741077141081 253015.9 351
1741077151630 253015.9 352
1741077161770 253015.9 353
1741077171984 253015.9 354
1741077182082 253015.9 355
1741077192217 253015.9 356
1741077202291 253015.9 357
1741077212349 253015.9 358
1741077222469 253016.2 359
1741077232544 253016.2 360
1741077242609 253016.2 361
1741077252733 253016.2 362
1741077262830 253016.2 363
1741077272927 253016.2 364
1741077283083 253016.2 365
1741077293154 253016.2 366
1741077303487 253016.2 367
1741077314182 253016.2 368
1741077324948 253016.2 369
1741077335354 253016.2 370
1741077345953 253016.2 371
1741077356310 253016.2 372
1741077366609 253016.2 373
1741077377064 253016.2 374
1741077387359 253016.2 375
1741077397465 253016.2 376
1741077407575 253016.2 377
1741077417719 253016.2 378
1741077428480 253016.2 379
1741077438626 253016.2 380
1741077449012 253016.2 381
1741077459375 253016.5 382
1741077469425 253016.6 383
1741077479536 253016.6 384
1741077489602 253016.6 385
1741077499673 253016.6 386
1741077509805 253016.6 387
1741077519869 253016.6 388
1741077529927 253016.6 389
1741077540325 253016.6 390
1741077550850 253016.6 391
1741077561223 253016.6 392
1741077571926 253016.6 393
1741077582709 253016.6 394
1741077592978 253016.6 395
1741077603683 253016.6 396
1741077614527 253016.6 397
1741077624608 253016.6 398
1741077634684 253016.6 399
1741077644806 253016.6 400
1741077654904 253016.6 401
1741077665683 253016.6 402
1741077675816 253016.6 403
1741077686273 253016.6 404
1741077696871 253016.6 405
1741077707645 253016.6 406
1741077718357 253017.0 407
1741077728970 253017.0 408
1741077739450 253017.0 409
1741077750111 253017.0 410
1741077760488 253017.0 411
1741077771071 253017.0 412
1741077781692 253017.0 413
1741077792654 253017.0 414
1741077803498 253017.0 415
1741077814402 253017.0 416
1741077824885 253017.0 417
1741077835407 253017.0 418
1741077845846 253017.0 419
1741077855959 253017.0 420
1741077866041 253017.0 421
1741077876124 253017.0 422
1741077886256 253017.0 423
1741077896500 253017.0 424
1741077907445 253017.0 425
1741077917531 253017.0 426
1741077928358 253017.0 427
1741077938461 253017.0 428
1741077949120 253017.0 429
1741077959284 253017.0 430
1741077971843 253017.3 431
1741077982403 253017.3 432
1741077993292 253017.3 433
1741078004096 253017.3 434
1741078014845 253017.3 435
1741078025435 253017.3 436
1741078036174 253017.3 437
1741078046744 253017.3 438
1741078056833 253017.3 439
1741078066914 253017.3 440
1741078077082 253017.3 441
1741078087139 253017.3 442
1741078098069 253017.4 443
1741078108198 253017.4 444
1741078118248 253017.4 445
1741078128726 253017.4 446
1741078139601 253017.4 447
1741078149673 253017.4 448
1741078159763 253017.4 449
1741078169912 253017.4 450
1741078179990 253017.4 451
1741078190093 253017.4 452
1741078200971 253017.4 453
1741078211040 253017.4 454
1741078221129 253017.7 455
1741078231962 253017.7 456
1741078242022 253017.7 457
1741078252099 253017.7 458
1741078262186 253018.3 459
1741078272262 253018.3 460
1741078283154 253018.3 461
1741078294099 253018.3 462
1741078304889 253018.3 463
1741078314956 253018.3 464
1741078325033 253018.3 465
1741078335148 253018.3 466
1741078345352 253018.3 467
1741078355439 253018.3 468
1741078365572 253018.3 469
1741078375625 253018.3 470
1741078385695 253018.3 471
1741078395851 253018.3 472
1741078405919 253018.3 473
1741078415983 253018.3 474
1741078426117 253018.3 475
1741078436206 253018.3 476
1741078446276 253018.3 477
1741078456376 253018.3 478
1741078467410 253018.3 479
1741078478534 253018.3 480
1741078488596 253014.8 481
1741078498903 253018.6 482
1741078509645 253018.6 483
1741078520717 253018.6 484
1741078530825 253018.6 485
1741078540884 253018.6 486
1741078551008 253018.6 487
1741078561146 253018.6 488
1741078571202 253018.6 489
1741078581264 253018.6 490
1741078591854 253018.6 491
1741078601968 253018.6 492
1741078612158 253018.6 493
1741078622265 253018.6 494
1741078632363 253018.6 495
1741078642476 253018.6 496
1741078652721 253018.6 497
1741078662850 253018.6 498
1741078672977 253018.6 499
1741078684269 253018.6 500
1741078694380 253018.6 501
1741078704478 253019.0 502
1741078714597 253019.0 503
1741078724694 253019.0 504
1741078734810 253019.0 505
1741078744855 253019.0 506
1741078754978 253019.0 507
1741078765117 253019.0 508
1741078775181 253019.0 509
1741078785991 253019.0 510
1741078796301 253019.0 511
1741078806425 253019.0 512
1741078816638 253019.0 513
1741078826767 253019.0 514
1741078836886 253019.0 515
1741078846993 253019.0 516
1741078857108 253019.0 517
1741078867223 253019.0 518
1741078877334 253019.0 519
1741078887438 253019.4 520
1741078897558 253019.4 521
1741078907665 253019.4 522
1741078917777 253019.4 523
1741078927908 253019.4 524
1741078938034 253019.4 525
1741078948140 253019.4 526
1741078958262 253019.4 527
1741078968389 253019.4 528
1741078978532 253019.4 529
1741078988654 253019.4 530
1741078998776 253019.4 531
1741079008904 253019.4 532
1741079019025 253019.4 533
1741079029155 253019.4 534
1741079039255 253019.4 535
1741079049369 253019.4 536
1741079059488 253019.4 537
1741079069898 253019.8 538
1741079080018 253019.8 539
1741079090853 253019.8 540
1741079101014 253019.8 541
1741079111154 253019.8 542
1741079121455 253019.8 543
1741079131585 253019.8 544
1741079141718 253019.8 545
1741079152084 253019.8 546
1741079162240 253019.8 547
1741079172371 253019.8 548
1741079182510 253019.8 549
1741079192640 253019.8 550
1741079202770 253019.8 551
1741079212982 253019.8 552
1741079223255 253019.8 553
1741079233384 253019.8 554
1741079243491 253019.8 555
1741079253609 253020.1 556
1741079263766 253020.1 557
1741079273898 253020.1 558
1741079284023 253020.1 559
1741079294269 253020.1 560
1741079304505 253020.1 561
1741079314840 253020.1 562
1741079325242 253020.1 563
1741079335543 253020.1 564
1741079345933 253020.1 565
1741079356247 253020.1 566
1741079366678 253020.1 567
1741079377067 253020.1 568
1741079387194 253020.1 569
1741079397554 253020.1 570
1741079407928 253020.1 571
1741079418409 253020.1 572
1741079428530 253020.1 573
1741079438637 253020.5 574
1741079448824 253020.5 575
1741079459049 253020.5 576
1741079469179 253020.5 577
1741079479359 253020.5 578
1741079489512 253020.5 579
1741079499805 253020.5 580
1741079510327 253020.5 581
1741079520745 253020.5 582
1741079531326 253020.5 583
1741079542096 253020.5 584
1741079552714 253020.5 585
1741079562960 253020.5 586
1741079573378 253020.5 587
1741079584121 253020.5 588
1741079594583 253020.5 589
1741079604994 253020.5 590
1741079615099 253020.5 591
1741079625457 253020.9 592
1741079635801 253021.4 593
1741079646024 253021.4 594
1741079656518 253021.4 595
1741079666771 253021.4 596
1741079677094 253021.4 597
1741079687531 253021.4 598
1741079698074 253021.4 599
1741079708509 253021.4 600
1741079718989 253021.4 601
1741079729685 253021.4 602
1741079740470 253021.4 603
1741079750982 253021.4 604
1741079761365 253021.4 605
1741079772196 253021.4 606
1741079782925 253021.4 607
1741079793554 253021.4 608
1741079803667 253021.4 609
1741079814392 253021.8 610
1741079824958 253021.8 611
1741079835263 253021.8 612
1741079845621 253021.8 613
1741079856013 253021.8 614
1741079866571 253021.8 615
1741079877115 253021.8 616
1741079887616 253021.8 617
1741079898101 253021.8 618
1741079908698 253021.8 619
1741079919469 253021.8 620
1741079930100 253021.8 621
1741079940697 253021.8 622
1741079951082 253021.8 623
1741079961214 253021.8 624
1741079971461 253021.8 625
1741079981597 253021.8 626
1741079991908 253021.8 627
1741080002151 253022.1 628
1741080012251 253022.1 629
1741080022365 253022.1 630
1741080032484 253022.1 631
1741080042908 253022.1 632
1741080053438 253022.1 633
1741080064170 253022.1 634
1741080074828 253022.1 635
1741080085368 253022.1 636
1741080095478 253022.1 637
1741080105613 253022.1 638
1741080115739 253022.1 639
1741080126505 253022.1 640
1741080137149 253022.1 641
1741080147292 253022.1 642
1741080158114 253022.1 643
1741080168229 253022.1 644
1741080178472 253022.1 645
1741080188585 253022.1 646
1741080198688 253022.5 647
1741080208904 253022.5 648
1741080219471 253022.5 649
1741080230173 253022.5 650
1741080241114 253022.5 651
1741080251811 253022.5 652
1741080262439 253022.5 653
1741080273284 253022.5 654
1741080284268 253022.5 655
1741080295119 253022.5 656
1741080305991 253022.5 657
1741080316838 253022.5 658
1741080326970 253022.5 659
1741080337092 253022.5 660
1741080347220 253022.5 661
1741080358241 253022.5 662
1741080368360 253022.5 663
1741080378710 253022.5 664
1741080388810 253022.5 665
1741080399271 253022.9 666
1741080409372 253022.9 667
1741080419506 253022.9 668
1741080429640 253022.9 669
1741080440235 253022.9 670
1741080450898 253022.9 671
1741080461577 253022.9 672
1741080472594 253022.9 673
1741080483423 253022.9 674
1741080494375 253022.9 675
1741080505301 253022.9 676
1741080516083 253022.9 677
1741080526918 253022.9 678
1741080537739 253022.9 679
1741080547871 253022.9 680
1741080557996 253022.9 681
1741080568428 253022.9 682
1741080578695 253022.9 683
1741080588811 253022.9 684
1741080599214 253023.2 685
1741080610089 253023.2 686
1741080620191 253023.2 687
1741080630564 253023.3 688
1741080640978 253023.3 689
1741080651081 253023.3 690
1741080661187 253023.3 691
1741080672715 253023.3 692
1741080682863 253023.3 693
1741080693467 253023.3 694
1741080703571 253023.3 695
1741080713942 253023.3 696
1741080724046 253023.3 697
1741080734887 253023.3 698
1741080745032 253023.3 699
1741080755612 253023.3 700
1741080765688 253023.3 701
1741080775820 253023.3 702
1741080788268 253023.3 703
1741080798391 253023.3 704
1741080808629 253023.3 705
1741080818765 253023.3 706
1741080829353 253023.3 707
1741080840622 253023.3 708
1741080850766 253023.3 709
1741080862697 253023.3 710
1741080872758 253023.6 711
1741080883093 253023.6 712
1741080893265 253023.6 713
1741080903357 253023.6 714
1741080913453 253023.6 715
1741080923595 253023.6 716
1741080933673 253023.6 717
1741080943757 253023.6 718
1741080953876 253023.6 719
1741080965481 253023.6 720
1741080975541 253023.6 721
1741080985668 253023.6 722
1741080996419 253023.6 723
1741081006472 253023.6 724
1741081016906 253023.6 725
1741081026993 253023.6 726
1741081037627 253024.2 727
1741081047761 253024.2 728
1741081058892 253024.2 729
1741081068999 253024.2 730
1741081079657 253024.2 731
1741081089828 253024.2 732
1741081099926 253024.2 733
1741081110345 253024.2 734
1741081120515 253024.2 735
1741081130758 253024.2 736
1741081140869 253024.2 737
1741081150996 253024.2 738
1741081161079 253024.6 739
1741081171472 253024.6 740
1741081181626 253024.6 741
1741081191719 253024.6 742
1741081201829 253024.6 743
1741081212248 253024.6 744
1741081222333 253024.6 745
1741081232746 253024.6 746
1741081242893 253024.6 747
1741081252985 253024.6 748
1741081263053 253024.6 749
1741081273949 253024.6 750
1741081284070 253024.6 751
1741081294838 253024.6 752
1741081304947 253024.6 753
1741081316284 253024.6 754
1741081326379 253024.6 755
1741081337969 253024.6 756
1741081348119 253024.6 757
1741081359545 253024.6 758
1741081369632 253024.6 759
1741081380669 253024.6 760
1741081391390 253024.6 761
1741081401488 253024.6 762
1741081411690 253024.6 763
1741081422858 253024.6 764
1741081434353 253024.6 765
1741081444447 253024.6 766
1741081454522 253024.6 767
1741081464885 253024.9 768
1741081474989 253024.9 769
1741081485986 253024.9 770
1741081496132 253024.9 771
1741081506846 253024.9 772
1741081516962 253024.9 773
1741081528307 253024.9 774
1741081538434 253024.9 775
1741081548696 253024.9 776
1741081558774 253024.9 777
1741081569266 253024.9 778
1741081579375 253024.9 779
1741081590379 253024.9 780
1741081600516 253024.9 781
1741081611638 253024.9 782
1741081621759 253024.9 783
1741081632970 253024.9 784
1741081643068 253024.9 785
1741081653927 253024.9 786
1741081664023 253024.9 787
1741081675173 253024.9 788
1741081688147 253024.9 789
1741081698271 253024.9 790
1741081708954 253024.9 791
1741081719047 253024.9 792
1741081729683 253024.9 793
1741081740917 253024.9 794
1741081751110 253024.9 795
1741081763069 253024.9 796
1741081773173 253016.9 797
1741081783722 253016.9 798
1741081793805 253016.9 799
1741081803996 253016.9 800
1741081814142 253016.9 801
1741081824516 253016.9 802
1741081834610 253016.9 803
1741081845682 253016.9 804
1741081855825 253016.9 805
1741081866358 253016.9 806
1741081876484 253016.9 807
1741081886651 253016.9 808
1741081897141 253016.9 809
1741081907266 253016.9 810
1741081918641 253016.9 811
1741081928746 253016.9 812
1741081939557 253016.9 813
1741081949651 253016.9 814
1741081961061 253016.9 815
1741081971192 253016.9 816
1741081982581 253016.9 817
1741081992726 253016.9 818
1741082003949 253016.9 819
1741082014064 253016.9 820
1741082024593 253016.9 821
1741082034728 253016.9 822
1741082045660 253016.9 823
1741082056074 253016.9 824
1741082068826 253016.9 825
1741082078918 253017.3 826
1741082089677 253017.3 827
1741082099761 253017.3 828
1741082110591 253017.3 829
1741082120732 253017.3 830
1741082132026 253017.3 831
1741082142206 253017.3 832
1741082153528 253017.3 833
1741082163629 253017.3 834
1741082174770 253017.3 835
1741082184855 253017.3 836
1741082195924 253017.3 837
1741082206047 253017.3 838
1741082217537 253017.3 839
1741082227638 253017.3 840
1741082238324 253017.3 841
1741082248469 253017.3 842
1741082259570 253017.3 843
1741082269684 253017.3 844
1741082280479 253017.3 845
1741082290686 253017.3 846
1741082301119 253017.3 847
1741082311245 253017.3 848
1741082321370 253017.3 849
1741082332258 253017.3 850
1741082342376 253017.3 851
1741082353755 253017.3 852
1741082364032 253017.3 853
1741082376906 253017.3 854
1741082386994 253017.7 855
1741082398599 253017.7 856
1741082408729 253017.7 857
1741082420120 253017.7 858
1741082430261 253017.7 859
1741082441272 253017.7 860
1741082451386 253017.7 861
1741082461487 253017.7 862
1741082471774 253017.7 863
1741082481848 253018.2 864
1741082492491 253018.2 865
1741082502652 253018.2 866
1741082513988 253018.2 867
1741082524092 253018.2 868
1741082534268 253018.2 869
1741082544997 253018.2 870
1741082555068 253018.2 871
1741082566808 253018.2 872
1741082576970 253018.2 873
1741082587085 253018.2 874
1741082597870 253018.2 875
1741082608039 253018.2 876
1741082618150 253018.2 877
1741082628285 253018.2 878
1741082639918 253018.2 879
1741082650011 253018.2 880
1741082661232 253018.2 881
1741082671393 253018.2 882
1741082681631 253018.2 883
1741082691713 253018.5 884
1741082701808 253018.6 885
1741082712601 253018.6 886
1741082722706 253018.6 887
1741082733048 253018.6 888
1741082743213 253018.6 889
1741082754120 253018.6 890
1741082764217 253018.6 891
1741082775320 253018.6 892
1741082785424 253018.6 893
1741082796037 253018.6 894
1741082806140 253018.6 895
1741082817221 253018.6 896
1741082827329 253018.6 897
1741082837421 253018.6 898
1741082848581 253018.6 899
1741082858705 253018.6 900
1741082870237 253018.6 901
1741082880379 253018.6 902
1741082891874 253018.6 903
1741082902006 253018.6 904
1741082912122 253018.6 905
1741082923141 253018.6 906
1741082933259 253018.6 907
1741082943360 253018.6 908
1741082953910 253018.6 909
1741082964043 253018.6 910
1741082974144 253018.6 911
1741082985225 253018.6 912
1741082995328 253018.6 913
1741083005442 253019.0 914
1741083015720 253019.0 915
1741083025836 253019.0 916
1741083036526 253019.0 917
1741083046919 253019.0 918
1741083057010 253019.0 919
1741083067095 253019.0 920
1741083077211 253019.0 921
1741083088553 253019.0 922
1741083098640 253019.0 923
1741083108760 253019.0 924
1741083118856 253019.0 925
1741083129765 253019.0 926
1741083139906 253019.0 927
1741083149968 253019.0 928
1741083161249 253019.0 929
1741083171406 253019.0 930
1741083182016 253019.0 931
1741083192434 253019.0 932
1741083203115 253019.0 933
1741083214001 253019.0 934
1741083225267 253019.0 935
1741083235394 253019.0 936
1741083245884 253019.4 937
1741083256084 253019.4 938
1741083266221 253019.4 939
1741083277329 253019.4 940
1741083287410 253019.4 941
1741083297568 253019.4 942
1741083308657 253019.4 943
1741083318868 253019.4 944
1741083328949 253019.4 945
1741083340625 253019.4 946
1741083350795 253019.4 947
1741083362312 253019.4 948
1741083372407 253019.4 949
1741083382598 253019.4 950
1741083394172 253019.4 951
1741083404318 253019.4 952
1741083414438 253019.4 953
1741083425471 253019.4 954
1741083435567 253019.4 955
1741083446753 253019.4 956
1741083458062 253019.4 957
1741083468173 253019.4 958
1741083478296 253019.4 959
1741083488469 253019.4 960
1741083499058 253019.4 961
1741083509169 253019.4 962
1741083519265 253019.4 963
1741083530121 253019.7 964
1741083540291 253019.7 965
1741083551328 253019.7 966
1741083561797 253019.7 967
1741083571859 253019.7 968
1741083581996 253019.7 969
