1741073580330 0.0 0
1741073590370 0.6178229999995892 1
1741073600406 5.350267999999687 2
1741073610447 5.616721999999754 3
1741073620485 5.673359999999775 4
1741073630526 6.541367999999693 5
1741073640564 6.967921999999817 6
1741073650615 7.723066999999901 7
1741073660653 9.934773999999834 8
1741073670757 10.848615999999765 9
1741073680792 11.910623999999643 10
1741073690844 12.7243569999996 11
1741073700902 13.809851999999864 12
1741073710962 15.106092999999873 13
1741073721012 15.811028999999962 14
1741073731102 16.876354999999876 15
1741073741147 17.917105999999876 16
1741073751192 19.504733999999644 17
1741073761237 20.03018899999961 18
1741073771276 21.643944999999803 19
1741073781334 23.011152999999922 20
1741073791477 23.918361000000004 21
1741073801536 24.676852999999937 22
1741073811612 25.30291699999998 23
1741073821660 26.14694499999996 24
1741073831722 26.926424999999654 25
1741073841779 27.47223599999961 26
1741073851880 28.40114199999971 27
1741073862035 29.556176999999934 28
1741073872088 30.2060919999999 29
1741073882598 31.034708999999566 30
1741073892648 31.906435999999758 31
1741073902688 31.948017999999593 32
1741073912823 33.11522299999979 33
1741073922875 33.47672599999987 34
1741073932939 34.06948999999986 35
1741073942984 35.297901999999794 36
1741073953118 36.30066899999974 37
1741073963196 36.9803579999998 38
1741073973300 37.6044109999998 39
1741073983363 38.56214299999965 40
1741073993441 39.513266999999814 41
1741074003519 40.29195999999956 42
1741074013852 41.361913999999615 43
1741074023909 44.93777999999975 44
1741074034014 45.373479999999745 45
1741074044080 45.6034139999997 46
1741074054138 45.669872999999825 47
1741074064197 46.50999499999989 48
1741074074436 47.29427499999974 49
1741074084510 48.7789329999996 50
1741074094614 49.10270599999967 51
1741074104667 49.97799999999961 52
1741074115005 50.03428899999972 53
1741074125094 50.09101099999998 54
1741074135150 50.174500999999964 55
1741074145205 50.30800199999976 56
1741074155265 51.63623299999972 57
1741074165399 55.285625999999866 58
1741074175447 56.03915599999982 59
1741074185493 57.10741199999984 60
1741074195797 58.1324969999996 61
1741074205851 59.191899999999805 62
1741074215912 59.330487999999605 63
1741074226028 61.88208599999962 64
1741074236089 62.04686099999981 65
1741074246179 62.1597969999998 66
1741074256371 62.224387999999635 67
1741074266449 62.25876799999969 68
1741074276520 62.28034899999966 69
1741074286643 62.30425699999978 70
1741074296705 62.34596899999997 71
1741074306778 62.4040259999997 72
1741074316897 62.55879499999992 73
1741074326942 62.84116099999983 74
1741074336991 62.88829799999985 75
1741074347081 62.92219699999987 76
1741074357143 63.348205999999664 77
1741074367194 63.52552799999967 78
1741074377318 64.03363799999988 79
1741074387382 64.26541599999973 80
1741074397573 64.33234699999957 81
1741074407706 64.3745469999999 82
1741074418051 67.15531799999962 83
1741074428109 86.6564129999997 84
1741074438260 88.24582099999998 85
1741074448312 89.37510299999985 86
1741074458364 89.64285699999982 87
1741074469033 89.76400399999966 88
1741074479093 89.83404799999971 89
1741074489161 91.48772899999994 90
1741074499276 95.84813799999984 91
1741074509580 96.00947299999962 92
1741074519659 96.58730299999979 93
1741074529795 96.7162529999996 94
1741074539864 97.46020899999985 95
1741074549920 99.32922899999994 96
1741074560035 101.63659099999995 97
1741074570102 103.44397899999967 98
1741074580170 105.15844399999969 99
1741074590274 105.81063699999959 100
1741074600324 106.6678609999999 101
1741074610377 106.7665619999998 102
1741074620480 107.00657899999987 103
1741074630534 107.3382489999999 104
1741074640591 107.45881599999984 105
1741074650693 107.49983099999963 106
1741074660768 107.54356899999993 107
1741074670832 107.61170299999958 108
1741074680932 108.59321499999987 109
1741074691284 110.98085699999956 110
1741074701332 111.86242299999958 111
1741074711418 112.18395999999984 112
1741074721501 113.118109 113
1741074731577 113.18663099999958 114
1741074741679 123.36313799999971 115
1741074751784 128.62891999999965 116
1741074761838 137.56678199999988 117
1741074772154 138.8249939999996 118
1741074782214 141.97811699999966 119
1741074792278 143.3540979999998 120
1741074802335 144.83637099999987 121
1741074812480 145.74370899999985 122
1741074822528 147.21303999999964 123
1741074832595 148.60471999999982 124
1741074842734 148.6555129999997 125
1741074852818 148.80930199999966 126
1741074862898 148.8307249999998 127
1741074872997 148.92979499999956 128
1741074883069 150.04309599999988 129
1741074893575 150.23524199999974 130
1741074903657 152.57313399999975 131
1741074913732 154.68332499999997 132
1741074923806 154.7104049999998 133
1741074933916 154.86763699999983 134
1741074943979 155.76146899999958 135
1741074954054 169.4595419999996 136
1741074964583 180.731988 137
1741074974843 187.20392399999992 138
1741074984907 190.841324 139
1741074995007 190.89738599999964 140
1741075005066 191.004954 141
1741075015138 191.06806199999983 142
1741075025203 193.09911599999987 143
1741075035292 202.57876899999974 144
1741075045354 210.52433199999996 145
1741075055512 211.88186799999994 146
1741075065567 213.57732299999998 147
1741075076003 214.42735999999968 148
1741075086467 214.47276299999976 149
1741075096527 214.72036199999957 150
1741075106584 214.74213399999962 151
1741075116718 215.01767299999983 152
1741075126858 215.0708669999999 153
1741075136939 215.11698099999967 154
1741075147002 215.15729299999975 155
1741075157643 215.44520299999976 156
1741075167705 215.73925199999985 157
1741075177761 215.93032999999969 158
1741075187883 217.5763039999997 159
1741075197942 220.59641699999975 160
1741075208038 224.07399099999975 161
1741075218144 229.06129299999975 162
1741075228199 234.63803199999984 163
1741075238716 235.04675399999996 164
1741075248818 236.02052399999957 165
1741075258888 237.0514019999996 166
1741075268952 237.10853999999972 167
1741075279112 237.15560099999993 168
1741075289208 237.2021219999997 169
1741075299262 237.51073099999985 170
1741075309855 237.77813499999957 171
1741075319936 239.4636999999998 172
1741075329982 239.5176319999996 173
1741075340082 239.613112 174
1741075350136 239.7312579999998 175
1741075360245 239.8337019999999 176
1741075370301 242.53790299999991 177
1741075380364 243.0611389999999 178
1741075390656 244.66703999999982 179
1741075400710 244.79529699999966 180
1741075410778 246.09838999999965 181
1741075420884 247.6659639999998 182
1741075430957 247.75949599999967 183
1741075441007 247.79891699999962 184
1741075451505 247.8350859999996 185
1741075461565 248.1136359999996 186
1741075471630 248.3945719999997 187
1741075481763 251.2614609999996 188
1741075491809 251.49015399999962 189
1741075502263 251.5978009999999 190
1741075512341 251.6481259999996 191
1741075522465 255.91967699999987 192
1741075532518 257.21877099999983 193
1741075542574 258.7887579999997 194
1741075552707 260.39032399999996 195
1741075562793 262.5969349999996 196
1741075572849 265.7536449999998 197
1741075583208 265.8124249999996 198
1741075593266 267.51441899999963 199
1741075603329 268.96761499999957 200
1741075613436 270.1313769999997 201
1741075623498 273.3943879999997 202
1741075633574 274.24853399999984 203
1741075643632 276.2029719999996 204
1741075653677 278.8767909999997 205
1741075663728 278.97363499999983 206
1741075673772 279.0176739999997 207
1741075683848 279.78368599999976 208
1741075693908 280.80859399999963 209
1741075704037 282.1027439999998 210
1741075714130 282.84087899999986 211
1741075724236 285.24482999999964 212
1741075734293 286.0098589999998 213
1741075744360 287.0645139999997 214
1741075754416 287.851674 215
1741075764546 290.0390629999997 216
1741075774625 291.05241799999976 217
1741075784684 291.9296119999999 218
1741075794822 293.0133679999999 219
1741075804884 294.30751299999974 220
1741075814935 297.4379429999999 221
1741075825064 301.3801239999998 222
1741075835676 303.2913999999996 223
1741075845775 304.68075999999974 224
1741075855906 305.821954 225
1741075865968 306.93740499999967 226
1741075876024 307.2762719999996 227
1741075886133 307.45957599999974 228
1741075896198 307.5552249999996 229
1741075906264 307.5939239999998 230
1741075916801 307.62965299999996 231
1741075926874 307.68644099999983 232
1741075936950 307.7827259999999 233
1741075947471 316.0445059999997 234
1741075958034 324.65755199999967 235
1741075968528 333.3075039999999 236
1741075978890 333.8919299999998 237
1741075989108 337.5901349999999 238
1741075999204 337.6405719999998 239
1741076009280 338.38721799999985 240
1741076019389 338.7057669999999 241
1741076029439 338.774449 242
1741076039506 338.99744299999975 243
1741076049610 339.1340019999998 244
1741076060272 351.8139629999996 245
1741076070328 352.0650349999996 246
1741076080454 352.27166099999977 247
1741076090518 352.34510699999964 248
1741076100582 352.58262399999967 249
1741076110737 357.264725 250
1741076120800 358.19789299999957 251
1741076130882 358.21809299999995 252
1741076141020 358.2990329999998 253
1741076151079 363.73426199999994 254
1741076161149 364.41593399999965 255
1741076171264 364.6259839999998 256
1741076181325 366.94024199999967 257
1741076191380 369.23268099999996 258
1741076201731 372.10798799999975 259
1741076212224 372.16316199999983 260
1741076222309 372.64774499999976 261
1741076232486 372.7747519999998 262
1741076242559 373.2799719999998 263
1741076252630 375.7433149999997 264
1741076262738 380.8608399999998 265
1741076272807 382.55188499999986 266
1741076282872 382.5869239999997 267
1741076293023 382.64805799999976 268
1741076303109 393.71921699999984 269
1741076313198 394.43445399999973 270
1741076323316 395.16307499999994 271
1741076333416 396.064621 272
1741076343487 396.88076699999965 273
1741076353532 398.99902199999997 274
1741076363598 400.3881339999998 275
1741076373663 402.38096399999995 276
1741076383720 402.42246799999975 277
1741076393769 402.4505459999996 278
1741076403853 407.76546099999996 279
1741076413913 407.80205099999966 280
1741076424117 408.9855929999999 281
1741076434178 415.7544499999999 282
1741076444237 420.3432009999997 283
1741076454670 424.6289419999998 284
1741076464810 429.24516399999993 285
1741076474866 434.234606 286
1741076485017 440.30215899999985 287
1741076495129 445.67293299999983 288
1741076505187 450.17527199999995 289
1741076515310 453.9230819999998 290
1741076525390 458.076278 291
1741076535481 462.1805199999999 292
1741076545628 466.8472009999996 293
1741076555904 469.3176559999997 294
1741076565985 469.9992559999996 295
1741076576146 471.10474399999976 296
1741076586540 473.6213789999997 297
1741076597058 474.65489499999967 298
1741076607178 476.98947599999974 299
1741076617338 477.0234339999997 300
1741076627469 479.82592799999975 301
1741076637772 483.0092579999996 302
1741076648157 486.0565829999996 303
1741076658245 491.38081999999986 304
1741076668372 496.0017389999998 305
1741076678432 497.62816699999985 306
1741076688751 497.66806099999985 307
1741076698845 498.1724549999999 308
1741076708916 501.21213799999987 309
1741076719041 502.3260529999998 310
1741076729790 507.16466999999966 311
1741076740263 512.3501669999996 312
1741076750347 516.6320999999998 313
1741076760419 519.5563219999999 314
1741076770529 527.0753579999996 315
1741076780590 537.8927509999999 316
1741076790657 545.7735339999999 317
1741076800813 554.034044 318
1741076810862 556.8772369999997 319
1741076821167 556.9329749999997 320
1741076831483 564.3769159999997 321
1741076841938 565.0979469999997 322
1741076852348 565.9905759999997 323
1741076862564 567.4860479999998 324
1741076873079 569.6378719999998 325
1741076883171 569.7189119999998 326
1741076893454 569.7519349999998 327
1741076903559 569.7678819999996 328
1741076913614 572.8300419999996 329
1741076923740 577.2475629999999 330
1741076933792 578.8862929999996 331
1741076943851 578.9406449999997 332
1741076954567 579.007838 333
1741076964622 583.5857749999996 334
1741076974681 585.6141369999996 335
1741076984739 585.6473429999996 336
1741076994800 588.0618049999998 337
1741077004852 590.9455989999997 338
1741077015133 590.9819349999998 339
1741077025331 595.0361189999999 340
1741077035606 596.3130579999997 341
1741077045983 596.3316309999996 342
1741077056428 596.3541499999997 343
1741077066863 596.3774059999996 344
1741077077481 600.4297819999997 345
1741077088218 602.1887959999999 346
1741077098739 603.2896559999999 347
1741077109369 604.4809959999998 348
1741077119781 605.361175 349
1741077130456 605.4038959999998 350
1741077141081 610.2928559999996 351
1741077151630 610.3327419999996 352
1741077161770 612.4117979999996 353
1741077171984 613.104965 354
1741077182082 617.4660849999996 355
1741077192217 628.2576899999999 356
1741077202291 631.8730769999997 357
1741077212349 631.9956249999996 358
1741077222469 635.5078739999999 359
1741077232544 636.648467 360
1741077242609 636.6956699999996 361
1741077252733 637.8339019999999 362
1741077262830 637.942184 363
1741077272927 638.0015159999998 364
1741077283083 645.4528849999997 365
1741077293154 649.0224109999999 366
1741077303487 652.4255109999999 367
1741077314182 654.9471679999997 368
1741077324948 656.1936659999997 369
1741077335354 657.7244549999996 370
1741077345953 658.4345569999996 371
1741077356310 659.1258309999998 372
1741077366609 660.4911739999998 373
1741077377064 661.531442 374
1741077387359 662.5294409999997 375
1741077397465 664.2341319999996 376
1741077407575 665.482751 377
1741077417719 666.0905429999998 378
1741077428480 666.6313099999998 379
1741077438626 667.3101589999997 380
1741077449012 668.7070039999999 381
1741077459375 669.6047589999998 382
1741077469425 675.8714439999999 383
1741077479536 678.0284199999996 384
1741077489602 678.7632129999997 385
1741077499673 680.8645469999997 386
1741077509805 682.2100999999998 387
1741077519869 683.6812249999998 388
1741077529927 685.2319849999999 389
1741077540325 686.2642959999998 390
1741077550850 687.6547269999996 391
1741077561223 687.6598199999999 392
1741077571926 687.6955239999998 393
1741077582709 689.296515 394
1741077592978 692.870598 395
1741077603683 697.038094 396
1741077614527 699.2595149999997 397
1741077624608 704.6332199999997 398
1741077634684 718.3741069999996 399
1741077644806 723.156043 400
1741077654904 725.621682 401
1741077665683 725.6588549999997 402
1741077675816 726.7553169999996 403
1741077686273 728.4176669999997 404
1741077696871 731.5350879999996 405
1741077707645 732.982634 406
1741077718357 733.7929349999999 407
1741077728970 736.9847 408
1741077739450 737.0175539999996 409
1741077750111 737.0572539999998 410
1741077760488 740.180523 411
1741077771071 745.4419499999999 412
1741077781692 747.2440799999999 413
1741077792654 749.6719039999998 414
1741077803498 750.7693109999996 415
1741077814402 751.5777459999999 416
1741077824885 753.6446019999998 417
1741077835407 757.2238949999996 418
1741077845846 759.125548 419
1741077855959 764.720887 420
1741077866041 764.7544899999998 421
1741077876124 764.9601499999999 422
1741077886256 777.1728049999997 423
1741077896500 779.8770129999998 424
1741077907445 779.9045689999998 425
1741077917531 780.7431269999997 426
1741077928358 781.0458429999999 427
1741077938461 787.6077419999997 428
1741077949120 788.585838 429
1741077959284 797.0458659999999 430
1741077971843 798.7338579999996 431
1741077982403 800.133468 432
1741077993292 801.2379729999998 433
1741078004096 802.0974969999997 434
1741078014845 803.802526 435
1741078025435 806.9278959999997 436
1741078036174 807.7777429999996 437
1741078046744 810.4442429999999 438
1741078056833 813.2858119999996 439
1741078066914 813.8699709999996 440
1741078077082 816.5305179999996 441
1741078087139 817.0021629999997 442
1741078098069 821.5024839999996 443
1741078108198 831.8718999999996 444
1741078118248 835.8324899999998 445
1741078128726 835.8741989999999 446
1741078139601 835.983976 447
1741078149673 837.4948259999996 448
1741078159763 837.534674 449
1741078169912 838.9195199999999 450
1741078179990 842.0903139999996 451
1741078190093 843.6988999999999 452
1741078200971 851.229425 453
1741078211040 856.0953049999998 454
1741078221129 864.8010119999999 455
1741078231962 866.7275029999996 456
1741078242022 872.8080929999996 457
1741078252099 877.1951549999999 458
1741078262186 878.443495 459
1741078272262 882.7844229999996 460
1741078283154 884.1095889999997 461
1741078294099 895.0172379999999 462
1741078304889 899.0558379999998 463
1741078314956 901.1578769999996 464
1741078325033 903.9572869999997 465
1741078335148 905.323934 466
1741078345352 906.5050889999998 467
1741078355439 907.2904439999998 468
1741078365572 908.1313569999998 469
1741078375625 909.0954689999999 470
1741078385695 909.1649899999998 471
1741078395851 911.5861319999999 472
1741078405919 914.0628479999996 473
1741078415983 914.8014879999996 474
1741078426117 917.8910169999999 475
1741078436206 918.8085809999998 476
1741078446276 922.488437 477
1741078456376 924.8272499999998 478
1741078467410 925.6091839999999 479
1741078478534 926.1785799999998 480
1741078488596 929.7444349999996 481
1741078498903 936.7568699999997 482
1741078509645 937.3796039999997 483
1741078520717 939.4327899999998 484
1741078530825 942.4906969999997 485
1741078540884 943.4936079999998 486
1741078551008 944.0291579999998 487
1741078561146 946.6183919999999 488
1741078571202 948.2367879999997 489
1741078581264 951.3230309999999 490
1741078591854 953.224475 491
1741078601968 955.2205959999997 492
1741078612158 957.5850859999996 493
1741078622265 958.2584699999998 494
1741078632363 959.4819709999997 495
1741078642476 960.8845809999998 496
1741078652721 960.9313579999998 497
1741078662850 960.9530929999996 498
1741078672977 960.9664409999996 499
1741078684269 961.0058179999996 500
1741078694380 961.0433249999996 501
1741078704478 964.9776859999997 502
1741078714597 965.336836 503
1741078724694 967.1375669999998 504
1741078734810 970.198641 505
1741078744855 974.3989729999998 506
1741078754978 976.6148919999996 507
1741078765117 978.9485989999998 508
1741078775181 980.1627549999998 509
1741078785991 980.989102 510
1741078796301 981.771319 511
1741078806425 981.8114029999997 512
1741078816638 981.8673249999997 513
1741078826767 981.9094029999997 514
1741078836886 981.9396619999998 515
1741078846993 981.9814779999997 516
1741078857108 984.9835739999999 517
1741078867223 985.4402619999996 518
1741078877334 985.8855149999999 519
1741078887438 987.3998699999997 520
1741078897558 988.1363729999998 521
1741078907665 988.1933689999996 522
1741078917777 988.2547089999998 523
1741078927908 988.286165 524
1741078938034 991.9749389999997 525
1741078948140 992.7102529999997 526
1741078958262 993.3818759999999 527
1741078968389 994.0019399999996 528
1741078978532 995.3164279999996 529
1741078988654 996.146573 530
1741078998776 996.9360969999998 531
1741079008904 997.51154 532
1741079019025 999.3350909999999 533
1741079029155 999.3643819999998 534
1741079039255 999.4620619999996 535
1741079049369 999.500607 536
1741079059488 999.5526099999997 537
1741079069898 999.5818849999996 538
1741079080018 1001.9245649999998 539
1741079090853 1001.9655249999996 540
1741079101014 1002.0513619999997 541
1741079111154 1003.7975549999996 542
1741079121455 1004.4553469999996 543
1741079131585 1004.5332589999998 544
1741079141718 1005.6112819999998 545
1741079152084 1005.6884689999997 546
1741079162240 1005.7534379999997 547
1741079172371 1005.8160919999996 548
1741079182510 1005.8576999999996 549
1741079192640 1005.8793799999999 550
1741079202770 1008.5986229999999 551
1741079212982 1009.2302279999999 552
1741079223255 1010.5763039999997 553
1741079233384 1010.6107359999996 554
1741079243491 1010.6336759999999 555
1741079253609 1010.6550149999998 556
1741079263766 1012.2072859999998 557
1741079273898 1013.7115739999999 558
1741079284023 1014.4206519999998 559
1741079294269 1024.4864559999996 560
1741079304505 1043.9188279999998 561
1741079314840 1044.1012139999998 562
1741079325242 1047.2496709999996 563
1741079335543 1058.8626789999998 564
1741079345933 1064.4059549999997 565
1741079356247 1074.00297 566
1741079366678 1076.438455 567
1741079377067 1077.5063309999996 568
1741079387194 1078.7186079999997 569
1741079397554 1079.685669 570
1741079407928 1080.5024369999996 571
1741079418409 1085.2811969999998 572
1741079428530 1091.9186 573
1741079438637 1093.906196 574
1741079448824 1096.4150099999997 575
1741079459049 1096.6060969999999 576
1741079469179 1096.736524 577
1741079479359 1098.8877719999996 578
1741079489512 1105.170737 579
1741079499805 1105.2106849999996 580
1741079510327 1105.2432479999998 581
1741079520745 1108.7256669999997 582
1741079531326 1110.7775069999998 583
1741079542096 1112.0013839999997 584
1741079552714 1112.9000609999998 585
1741079562960 1112.940341 586
1741079573378 1113.0358649999998 587
1741079584121 1113.104605 588
1741079594583 1113.147176 589
1741079604994 1113.1899799999997 590
1741079615099 1118.3049919999999 591
1741079625457 1119.2731079999999 592
1741079635801 1119.3098919999998 593
1741079646024 1119.4371779999997 594
1741079656518 1119.5287799999996 595
1741079666771 1121.6159599999996 596
1741079677094 1122.7677769999996 597
1741079687531 1124.1960339999996 598
1741079698074 1125.0431009999998 599
1741079708509 1126.6726159999998 600
1741079718989 1127.783598 601
1741079729685 1131.3716379999996 602
1741079740470 1133.8848699999999 603
1741079750982 1137.6396849999996 604
1741079761365 1145.0866569999998 605
1741079772196 1148.5698109999998 606
1741079782925 1152.5313749999996 607
1741079793554 1155.4287169999998 608
1741079803667 1157.6539399999997 609
1741079814392 1158.7919309999997 610
1741079824958 1159.767531 611
1741079835263 1163.68165 612
1741079845621 1168.1983499999997 613
1741079856013 1170.5302269999997 614
1741079866571 1179.2625279999997 615
1741079877115 1184.9561719999997 616
1741079887616 1188.1195079999998 617
1741079898101 1189.7077329999997 618
1741079908698 1190.733558 619
1741079919469 1191.428168 620
1741079930100 1191.5644189999998 621
1741079940697 1197.385049 622
1741079951082 1199.9493089999996 623
1741079961214 1200.794179 624
1741079971461 1210.6016219999997 625
1741079981597 1211.3249459999997 626
1741079991908 1212.1288279999999 627
1741080002151 1212.746318 628
1741080012251 1215.5553679999998 629
1741080022365 1218.939927 630
1741080032484 1219.6764449999996 631
1741080042908 1221.0893899999996 632
1741080053438 1222.3910779999997 633
1741080064170 1222.5307679999996 634
1741080074828 1222.9628349999998 635
1741080085368 1222.990914 636
1741080095478 1225.01946 637
1741080105613 1225.753064 638
1741080115739 1229.1156029999997 639
1741080126505 1229.918901 640
1741080137149 1230.5646319999996 641
1741080147292 1233.8617669999999 642
1741080158114 1238.8180289999996 643
1741080168229 1239.9028589999998 644
1741080178472 1240.0595759999997 645
1741080188585 1240.115856 646
1741080198688 1240.137307 647
1741080208904 1240.1738809999997 648
1741080219471 1243.6931909999998 649
1741080230173 1244.9611609999997 650
1741080241114 1245.476545 651
1741080251811 1246.154259 652
1741080262439 1246.63089 653
1741080273284 1247.2127419999997 654
1741080284268 1247.7878159999996 655
1741080295119 1248.1932739999997 656
1741080305991 1248.8618109999998 657
1741080316838 1249.9308619999997 658
1741080326970 1250.465248 659
1741080337092 1250.921695 660
1741080347220 1252.173448 661
1741080358241 1252.7449589999997 662
1741080368360 1253.394155 663
1741080378710 1254.164444 664
1741080388810 1254.815807 665
1741080399271 1255.6536339999998 666
1741080409372 1256.434793 667
1741080419506 1257.2724719999997 668
1741080429640 1257.3354749999999 669
1741080440235 1257.5558999999998 670
1741080450898 1257.7022279999996 671
1741080461577 1261.435563 672
1741080472594 1262.3306109999999 673
1741080483423 1263.3214309999998 674
1741080494375 1263.351741 675
1741080505301 1263.400733 676
1741080516083 1263.4302599999996 677
1741080526918 1268.353964 678
1741080537739 1269.1506149999996 679
1741080547871 1270.184605 680
1741080557996 1271.780847 681
1741080568428 1272.492875 682
1741080578695 1272.5151429999996 683
1741080588811 1273.4057779999998 684
1741080599214 1274.7161889999998 685
1741080610089 1275.5720059999999 686
1741080620191 1276.4452379999998 687
1741080630564 1277.2619449999997 688
1741080640978 1278.011059 689
1741080651081 1278.931239 690
1741080661187 1279.3584769999998 691
1741080672715 1279.8466919999996 692
1741080682863 1280.793506 693
1741080693467 1281.9975409999997 694
1741080703571 1284.1180369999997 695
1741080713942 1284.2500769999997 696
1741080724046 1286.6612699999996 697
1741080734887 1288.2022559999996 698
1741080745032 1288.254391 699
1741080755612 1295.448837 700
1741080765688 1295.481264 701
1741080775820 1298.4577049999998 702
1741080788268 1308.026398 703
1741080798391 1308.0773099999997 704
1741080808629 1310.2106049999998 705
1741080818765 1318.42258 706
1741080829353 1324.095938 707
1741080840622 1324.6732709999997 708
1741080850766 1328.631723 709
1741080862697 1328.9675149999998 710
1741080872758 1332.149673 711
1741080883093 1332.5827199999999 712
1741080893265 1347.3686859999998 713
1741080903357 1351.3474819999997 714
1741080913453 1351.7102769999997 715
1741080923595 1353.715006 716
1741080933673 1353.747023 717
1741080943757 1353.7722119999999 718
1741080953876 1356.505342 719
1741080965481 1357.1275569999998 720
1741080975541 1360.5821959999998 721
1741080985668 1369.1472379999996 722
1741080996419 1372.790838 723
1741081006472 1376.186283 724
1741081016906 1376.2301899999998 725
1741081026993 1379.792974 726
1741081037627 1379.8475799999997 727
1741081047761 1380.1085519999997 728
1741081058892 1382.828834 729
1741081068999 1386.4180149999997 730
1741081079657 1387.0078209999997 731
1741081089828 1388.5624079999998 732
1741081099926 1390.9028959999996 733
1741081110345 1392.148804 734
1741081120515 1402.0187269999997 735
1741081130758 1407.370082 736
1741081140869 1407.4441849999998 737
1741081150996 1408.243892 738
1741081161079 1408.2721649999999 739
1741081171472 1410.0550039999998 740
1741081181626 1414.021581 741
1741081191719 1416.193034 742
1741081201829 1418.3691529999996 743
1741081212248 1418.4720289999996 744
1741081222333 1418.6159539999999 745
1741081232746 1421.818746 746
1741081242893 1423.5348479999998 747
1741081252985 1424.3465499999998 748
1741081263053 1424.3914579999996 749
1741081273949 1428.0208539999999 750
1741081284070 1430.8707219999997 751
1741081294838 1434.796206 752
1741081304947 1444.548116 753
1741081316284 1448.2564789999997 754
1741081326379 1454.6476789999997 755
1741081337969 1454.7281399999997 756
1741081348119 1468.202061 757
1741081359545 1471.931294 758
1741081369632 1480.9328959999998 759
1741081380669 1484.2959259999998 760
1741081391390 1484.3296689999997 761
1741081401488 1487.2819019999997 762
1741081411690 1493.1814259999996 763
1741081422858 1495.5447089999998 764
1741081434353 1498.2011369999996 765
1741081444447 1502.5877859999996 766
1741081454522 1505.6008899999997 767
1741081464885 1509.4843609999998 768
1741081474989 1513.932523 769
1741081485986 1517.316218 770
1741081496132 1519.7705019999999 771
1741081506846 1521.3374449999997 772
1741081516962 1522.2932409999999 773
1741081528307 1524.123517 774
1741081538434 1526.091712 775
1741081548696 1528.7666259999996 776
1741081558774 1530.4215419999996 777
1741081569266 1531.069853 778
1741081579375 1533.1252189999996 779
1741081590379 1537.78345 780
1741081600516 1538.7429559999996 781
1741081611638 1539.3319429999997 782
1741081621759 1539.3927949999998 783
1741081632970 1539.4358419999999 784
1741081643068 1543.0910159999999 785
1741081653927 1544.3698209999998 786
1741081664023 1544.997985 787
1741081675173 1546.4642949999998 788
1741081688147 1547.9009229999997 789
1741081698271 1549.7272699999999 790
1741081708954 1551.5045209999998 791
1741081719047 1552.595535 792
1741081729683 1552.6610079999996 793
1741081740917 1554.1974389999996 794
1741081751110 1560.1350469999998 795
1741081763069 1563.3252799999996 796
1741081773173 1564.9332019999997 797
1741081783722 1568.535066 798
1741081793805 1568.5697259999997 799
1741081803996 1568.6033549999997 800
1741081814142 1571.4437779999998 801
1741081824516 1585.751264 802
1741081834610 1603.402079 803
1741081845682 1611.7422869999996 804
1741081855825 1613.5868579999997 805
1741081866358 1623.8117719999996 806
1741081876484 1623.8491279999998 807
1741081886651 1626.29371 808
1741081897141 1627.3005329999996 809
1741081907266 1633.367746 810
1741081918641 1634.3076239999996 811
1741081928746 1637.1254129999998 812
1741081939557 1637.4575329999998 813
1741081949651 1637.6451439999996 814
1741081961061 1640.4656149999996 815
1741081971192 1641.7046539999997 816
1741081982581 1642.8053799999998 817
1741081992726 1643.1691849999997 818
1741082003949 1644.4681729999998 819
1741082014064 1644.4980059999998 820
1741082024593 1644.5186159999998 821
1741082034728 1644.5968269999998 822
1741082045660 1644.670619 823
1741082056074 1648.062367 824
1741082068826 1648.6910509999998 825
1741082078918 1650.7953789999997 826
1741082089677 1651.993692 827
1741082099761 1652.887511 828
1741082110591 1653.6221269999996 829
1741082120732 1653.6766739999998 830
1741082132026 1653.6851809999998 831
1741082142206 1660.3975649999998 832
1741082153528 1661.1150829999997 833
1741082163629 1664.5418659999996 834
1741082174770 1666.473693 835
1741082184855 1666.507224 836
1741082195924 1667.3162229999998 837
1741082206047 1670.442184 838
1741082217537 1673.8514169999999 839
1741082227638 1674.1004049999997 840
1741082238324 1674.7287339999998 841
1741082248469 1674.779247 842
1741082259570 1674.8716499999996 843
1741082269684 1674.901085 844
1741082280479 1674.9569569999999 845
1741082290686 1679.8785389999998 846
1741082301119 1680.5092449999997 847
1741082311245 1681.0743829999997 848
1741082321370 1681.7237569999998 849
1741082332258 1681.758989 850
1741082342376 1681.8551719999996 851
1741082353755 1681.898772 852
1741082364032 1681.9200819999996 853
1741082376906 1681.9413 854
1741082386994 1682.2138249999998 855
1741082398599 1682.3185869999998 856
1741082408729 1682.9780489999998 857
1741082420120 1682.99865 858
1741082430261 1683.0640999999996 859
1741082441272 1683.0996449999998 860
1741082451386 1683.1204309999998 861
1741082461487 1684.1961099999999 862
1741082471774 1684.2303859999997 863
1741082481848 1684.2515019999996 864
1741082492491 1687.5265539999996 865
1741082502652 1689.7755989999996 866
1741082513988 1690.7336729999997 867
1741082524092 1691.2536209999998 868
1741082534268 1693.275608 869
1741082544997 1694.8024029999997 870
1741082555068 1696.2738409999997 871
1741082566808 1697.1742089999998 872
1741082576970 1698.4384269999996 873
1741082587085 1699.0822939999998 874
1741082597870 1700.2815589999996 875
1741082608039 1701.6156879999999 876
1741082618150 1701.6469619999998 877
1741082628285 1701.6747219999997 878
1741082639918 1701.745856 879
1741082650011 1701.7843329999996 880
1741082661232 1702.6749579999996 881
1741082671393 1704.174967 882
1741082681631 1705.6822669999997 883
1741082691713 1705.8748229999997 884
1741082701808 1706.6064829999996 885
1741082712601 1709.3124449999996 886
1741082722706 1710.507925 887
1741082733048 1711.2826649999997 888
1741082743213 1713.7548029999998 889
1741082754120 1714.708111 890
1741082764217 1715.0822489999996 891
1741082775320 1715.2341029999998 892
1741082785424 1715.259008 893
1741082796037 1716.859059 894
1741082806140 1718.0954749999996 895
1741082817221 1719.1449879999996 896
1741082827329 1719.21861 897
1741082837421 1719.5114989999997 898
1741082848581 1719.5307199999997 899
1741082858705 1719.9705959999997 900
1741082870237 1720.8372749999999 901
1741082880379 1721.819744 902
1741082891874 1722.668714 903
1741082902006 1722.7369799999997 904
1741082912122 1722.9026439999998 905
1741082923141 1723.4779609999996 906
1741082933259 1724.197592 907
1741082943360 1724.2359259999998 908
1741082953910 1724.9703479999998 909
1741082964043 1725.254168 910
1741082974144 1725.5271589999998 911
1741082985225 1725.5672869999999 912
1741082995328 1725.9043159999997 913
1741083005442 1726.5527229999998 914
1741083015720 1726.9954019999996 915
1741083025836 1727.4346939999996 916
1741083036526 1728.3109609999997 917
1741083046919 1728.648182 918
1741083057010 1728.744405 919
1741083067095 1729.4481159999996 920
1741083077211 1729.800773 921
1741083088553 1730.538392 922
1741083098640 1731.0279729999997 923
1741083108760 1731.6246449999999 924
1741083118856 1732.091281 925
1741083129765 1732.4475319999997 926
1741083139906 1732.929584 927
1741083149968 1733.4125 928
1741083161249 1733.9271569999996 929
1741083171406 1733.9887669999998 930
1741083182016 1734.4386559999998 931
1741083192434 1735.2482809999997 932
1741083203115 1735.5453719999996 933
1741083214001 1735.6793619999999 934
1741083225267 1735.7387639999997 935
1741083235394 1735.7716599999999 936
1741083245884 1735.8217659999996 937
1741083256084 1735.8870859999997 938
1741083266221 1735.911862 939
1741083277329 1735.9343089999998 940
1741083287410 1735.962263 941
1741083297568 1736.0814939999996 942
1741083308657 1737.9913379999998 943
1741083318868 1740.2332279999996 944
1741083328949 1740.3271809999997 945
1741083340625 1741.3214239999998 946
1741083350795 1741.464513 947
1741083362312 1741.5413529999996 948
1741083372407 1741.6397589999997 949
1741083382598 1741.702202 950
1741083394172 1741.7828569999997 951
1741083404318 1741.8771769999998 952
1741083414438 1741.9517229999997 953
1741083425471 1742.0345889999999 954
1741083435567 1742.094416 955
1741083446753 1742.1499329999997 956
1741083458062 1742.2271159999996 957
1741083468173 1742.3131449999996 958
1741083478296 1742.3858559999999 959
1741083488469 1749.0786989999997 960
1741083499058 1751.1519569999996 961
1741083509169 1753.8872119999996 962
1741083519265 1755.9254059999998 963
1741083530121 1756.6481199999998 964
1741083540291 1758.0296079999998 965
1741083551328 1759.6358299999997 966
1741083561797 1760.270681 967
1741083571859 1760.770204 968
1741083581996 1761.5154049999996 969
