1741073580330 0.0 0
1741073590370 0.6078869999996641 1
1741073600406 5.3395479999999225 2
1741073610447 7.383827999999994 3
1741073620485 7.437363000000005 4
1741073630526 8.793861000000106 5
1741073640564 9.285168999999769 6
1741073650615 10.06023099999993 7
1741073660653 12.259947000000011 8
1741073670757 13.167061000000103 9
1741073680792 14.23571099999981 10
1741073690844 15.044312999999875 11
1741073700902 16.106202999999823 12
1741073710962 17.60992099999976 13
1741073721012 18.39788099999987 14
1741073731102 19.458752000000004 15
1741073741147 20.492533000000094 16
1741073751192 22.07186499999989 17
1741073761237 22.583082000000104 18
1741073771276 24.45836999999983 19
1741073781334 26.921739999999772 20
1741073791477 27.81569300000001 21
1741073801536 28.572867999999744 22
1741073811612 29.1942939999999 23
1741073821660 30.03040400000009 24
1741073831722 30.803074999999808 25
1741073841779 31.33785799999987 26
1741073851880 32.260589999999866 27
1741073862035 33.407766999999694 28
1741073872088 34.05117599999994 29
1741073882598 34.868283999999676 30
1741073892648 35.73218700000007 31
1741073902688 35.76541599999973 32
1741073912823 36.933122999999796 33
1741073922875 37.29542300000003 34
1741073932939 37.88041599999997 35
1741073942984 39.40892399999984 36
1741073953118 41.234304000000066 37
1741073963196 41.86280799999986 38
1741073973300 42.45776599999999 39
1741073983363 43.706059000000096 40
1741073993441 44.70638999999983 41
1741074003519 45.47194099999979 42
1741074013852 46.53016600000001 43
1741074023909 50.099081999999726 44
1741074034014 56.972158000000036 45
1741074044080 58.6084179999998 46
1741074054138 58.66901199999984 47
1741074064197 59.54626899999994 48
1741074074436 60.80837100000008 49
1741074084510 62.38620399999991 50
1741074094614 62.56412300000011 51
1741074104667 63.36271899999974 52
1741074115005 63.53203099999973 53
1741074125094 63.62787299999991 54
1741074135150 63.71113699999978 55
1741074145205 63.76605900000004 56
1741074155265 65.08788400000003 57
1741074165399 68.70646399999987 58
1741074175447 69.44632499999989 59
1741074185493 70.4745869999997 60
1741074195797 71.4832779999997 61
1741074205851 72.53211599999986 62
1741074215912 72.66167700000005 63
1741074226028 75.19239100000004 64
1741074236089 75.34993499999973 65
1741074246179 75.4592560000001 66
1741074256371 75.51935000000003 67
1741074266449 75.53948700000001 68
1741074276520 75.55551799999967 69
1741074286643 75.57554499999969 70
1741074296705 75.6056239999998 71
1741074306778 75.62676699999975 72
1741074316897 75.77676100000008 73
1741074326942 76.05910700000004 74
1741074336991 76.09879099999989 75
1741074347081 76.13099499999998 76
1741074357143 76.53320499999973 77
1741074367194 76.6934470000001 78
1741074377318 77.19551199999978 79
1741074387382 77.42671900000005 80
1741074397573 77.48452799999995 81
1741074407706 77.52285600000005 82
1741074418051 80.29242900000008 83
1741074428109 99.82217899999978 84
1741074438260 101.34823599999982 85
1741074448312 102.47154300000011 86
1741074458364 102.73486899999989 87
1741074469033 102.8490469999997 88
1741074479093 102.90079999999989 89
1741074489161 104.53288599999996 90
1741074499276 108.8862879999997 91
1741074509580 109.04134399999975 92
1741074519659 109.61554399999977 93
1741074529795 109.73133899999993 94
1741074539864 110.45770300000004 95
1741074549920 112.35677699999997 96
1741074560035 114.6170790000001 97
1741074570102 116.41278299999976 98
1741074580170 118.12082699999974 99
1741074590274 118.78504999999996 100
1741074600324 119.68103599999995 101
1741074610377 119.75972700000011 102
1741074620480 119.9989270000001 103
1741074630534 120.32295399999975 104
1741074640591 120.43513799999982 105
1741074650693 120.4698169999997 106
1741074660768 120.50113499999998 107
1741074670832 120.55672099999992 108
1741074680932 121.53468599999997 109
1741074691284 123.92043299999978 110
1741074701332 124.79448400000001 111
1741074711418 125.10719900000004 112
1741074721501 126.03539099999989 113
1741074731577 126.09213999999974 114
1741074741679 136.25392599999986 115
1741074751784 141.51518399999986 116
1741074761838 150.4462169999997 117
1741074772154 151.68923799999993 118
1741074782214 154.82881899999984 119
1741074792278 156.17716399999972 120
1741074802335 157.65140199999996 121
1741074812480 158.55345099999977 122
1741074822528 160.0153409999998 123
1741074832595 161.42124699999977 124
1741074842734 161.47732899999983 125
1741074852818 161.6194919999998 126
1741074862898 161.63554900000008 127
1741074872997 161.7277899999999 128
1741074883069 162.83273400000007 129
1741074893575 163.01065299999982 130
1741074903657 165.34247499999992 131
1741074913732 167.4252160000001 132
1741074923806 167.44385199999988 133
1741074933916 167.5961809999999 134
1741074943979 168.48296600000003 135
1741074954054 182.16443600000002 136
1741074964583 193.41428700000006 137
1741074974843 199.88902299999972 138
1741074984907 203.52059599999984 139
1741074995007 203.56954099999984 140
1741075005066 203.66300999999976 141
1741075015138 203.72385299999996 142
1741075025203 205.73683699999992 143
1741075035292 215.2093500000001 144
1741075045354 223.14100800000006 145
1741075055512 224.48546899999974 146
1741075065567 226.1721749999997 147
1741075076003 227.00444599999992 148
1741075086467 227.0267920000001 149
1741075096527 227.27251699999988 150
1741075106584 227.29040399999985 151
1741075116718 227.55441900000005 152
1741075126858 227.60277799999994 153
1741075136939 227.63345299999992 154
1741075147002 227.6694779999998 155
1741075157643 227.93623799999978 156
1741075167705 228.22073899999987 157
1741075177761 228.4043569999999 158
1741075187883 230.04247099999975 159
1741075197942 263.70836099999997 160
1741075208038 299.2979049999999 161
1741075218144 327.743704 162
1741075228199 333.3216090000001 163
1741075238716 333.73345199999994 164
1741075248818 334.721012 165
1741075258888 335.73430099999996 166
1741075268952 335.7620659999998 167
1741075279112 335.80268099999967 168
1741075289208 335.84353899999996 169
1741075299262 336.142554 170
1741075309855 336.4028579999999 171
1741075319936 338.07358699999986 172
1741075329982 338.1213889999999 173
1741075340082 338.19641999999976 174
1741075350136 338.5996759999998 175
1741075360245 338.65368199999966 176
1741075370301 341.34736399999974 177
1741075380364 341.85060699999985 178
1741075390656 343.4360069999998 179
1741075400710 343.55726400000003 180
1741075410778 344.8669719999998 181
1741075420884 346.42950500000006 182
1741075430957 346.5186410000001 183
1741075441007 346.54620399999976 184
1741075451505 346.58477700000003 185
1741075461565 346.8594509999998 186
1741075471630 347.12448300000005 187
1741075481763 349.99587900000006 188
1741075491809 350.2216599999997 189
1741075502263 350.3670229999998 190
1741075512341 350.39397800000006 191
1741075522465 354.656786 192
1741075532518 355.95003499999984 193
1741075542574 357.5152949999997 194
1741075552707 359.1044509999997 195
1741075562793 361.3024449999998 196
1741075572849 364.451556 197
1741075583208 364.4807249999999 198
1741075593266 366.173636 199
1741075603329 367.6134659999998 200
1741075613436 368.78006000000005 201
1741075623498 372.0356889999998 202
1741075633574 372.872621 203
1741075643632 374.81452899999977 204
1741075653677 377.4825350000001 205
1741075663728 377.5720489999999 206
1741075673772 377.611711 207
1741075683848 378.352046 208
1741075693908 379.37002200000006 209
1741075704037 380.656665 210
1741075714130 381.3933219999999 211
1741075724236 383.783594 212
1741075734293 384.5465260000001 213
1741075744360 385.6028809999998 214
1741075754416 386.36604799999986 215
1741075764546 388.540751 216
1741075774625 389.5402939999999 217
1741075784684 390.4061039999997 218
1741075794822 391.49043200000006 219
1741075804884 392.7780499999999 220
1741075814935 395.90814999999975 221
1741075825064 399.8494069999997 222
1741075835676 401.7977219999998 223
1741075845775 403.1392350000001 224
1741075855906 404.26280199999974 225
1741075865968 405.37790799999993 226
1741075876024 405.70115899999973 227
1741075886133 405.8839069999999 228
1741075896198 405.97178799999983 229
1741075906264 405.9947910000001 230
1741075916801 406.0201939999997 231
1741075926874 406.0733559999999 232
1741075936950 406.1808299999998 233
1741075947471 414.4284090000001 234
1741075958034 423.03936999999996 235
1741075968528 431.6988819999997 236
1741075978890 432.280714 237
1741075989108 435.967228 238
1741075999204 435.99874199999977 239
1741076009280 436.73816499999975 240
1741076019389 437.054525 241
1741076029439 437.1115789999999 242
1741076039506 437.32462799999985 243
1741076049610 437.458619 244
1741076060272 450.132615 245
1741076070328 450.370531 246
1741076080454 450.56925999999976 247
1741076090518 450.6357479999997 248
1741076100582 450.86065599999984 249
1741076110737 455.5360919999998 250
1741076120800 456.4475789999997 251
1741076130882 456.46399699999984 252
1741076141020 456.5351579999997 253
1741076151079 461.9745049999997 254
1741076161149 462.6354369999999 255
1741076171264 462.84039600000006 256
1741076181325 465.14728799999966 257
1741076191380 467.4341629999999 258
1741076201731 470.29563899999994 259
1741076212224 470.351502 260
1741076222309 470.8307799999998 261
1741076232486 470.9544179999998 262
1741076242559 471.4353879999999 263
1741076252630 473.902865 264
1741076262738 479.00412400000005 265
1741076272807 480.679631 266
1741076282872 480.7055529999998 267
1741076293023 480.7520089999998 268
1741076303109 491.81209899999976 269
1741076313198 492.5310129999998 270
1741076323316 493.2583850000001 271
1741076333416 494.143047 272
1741076343487 494.9600029999997 273
1741076353532 497.072764 274
1741076363598 498.44750999999997 275
1741076373663 500.4267679999998 276
1741076383720 500.4594509999997 277
1741076393769 500.4804039999999 278
1741076403853 505.7817799999998 279
1741076413913 505.804748 280
1741076424117 506.98318900000004 281
1741076434178 513.7450859999999 282
1741076444237 518.3303849999998 283
1741076454670 522.608244 284
1741076464810 527.2100609999998 285
1741076474866 532.1953679999997 286
1741076485017 538.250031 287
1741076495129 543.6612889999997 288
1741076505187 548.1064969999998 289
1741076515310 551.8467909999999 290
1741076525390 555.9947099999999 291
1741076535481 560.0934050000001 292
1741076545628 564.7479249999997 293
1741076555904 567.2116259999998 294
1741076565985 567.8818769999998 295
1741076576146 568.9754549999998 296
1741076586540 571.482356 297
1741076597058 572.4931079999997 298
1741076607178 574.8216130000001 299
1741076617338 574.8616669999997 300
1741076627469 577.6562939999999 301
1741076637772 580.8164959999999 302
1741076648157 583.8656430000001 303
1741076658245 589.178758 304
1741076668372 593.7918169999998 305
1741076678432 595.4121649999997 306
1741076688751 595.4412549999997 307
1741076698845 595.936502 308
1741076708916 598.9690149999997 309
1741076719041 600.060144 310
1741076729790 604.8875189999999 311
1741076740263 610.0616569999997 312
1741076750347 614.3422310000001 313
1741076760419 617.2651989999999 314
1741076770529 624.7720399999998 315
1741076780590 635.5974630000001 316
1741076790657 643.4551710000001 317
1741076800813 651.7081469999998 318
1741076810862 654.5509259999999 319
1741076821167 654.5906030000001 320
1741076831483 662.1026830000001 321
1741076841938 662.7285489999999 322
1741076852348 663.6167109999997 323
1741076862564 665.0977800000001 324
1741076873079 667.2432020000001 325
1741076883171 667.310211 326
1741076893454 667.329745 327
1741076903559 667.3421359999998 328
1741076913614 670.40535 329
1741076923740 674.8122679999997 330
1741076933792 676.4522849999998 331
1741076943851 676.5081249999998 332
1741076954567 676.5790750000001 333
1741076964622 681.136806 334
1741076974681 683.1589819999999 335
1741076984739 683.1784469999998 336
1741076994800 685.5939949999997 337
1741077004852 688.4743939999998 338
1741077015133 688.5100619999998 339
1741077025331 692.5622159999998 340
1741077035606 693.8250749999997 341
1741077045983 693.8350350000001 342
1741077056428 693.8562029999998 343
1741077066863 693.873165 344
1741077077481 697.9121339999997 345
1741077088218 699.6540660000001 346
1741077098739 700.7485059999999 347
1741077109369 701.9348869999999 348
1741077119781 702.798749 349
1741077130456 702.8474940000001 350
1741077141081 707.730309 351
1741077151630 707.7639989999998 352
1741077161770 709.8309260000001 353
1741077171984 710.6059270000001 354
1741077182082 714.8748949999999 355
1741077192217 725.6545579999997 356
1741077202291 729.242565 357
1741077212349 729.3607769999999 358
1741077222469 732.862869 359
1741077232544 734.0003879999999 360
1741077242609 734.097698 361
1741077252733 735.233929 362
1741077262830 735.331353 363
1741077272927 735.3997179999997 364
1741077283083 742.855841 365
1741077293154 746.4116059999997 366
1741077303487 749.8051019999998 367
1741077314182 752.4153000000001 368
1741077324948 753.637463 369
1741077335354 755.1562909999998 370
1741077345953 755.8649439999999 371
1741077356310 756.5520419999998 372
1741077366609 757.9107100000001 373
1741077377064 758.9139639999999 374
1741077387359 759.9391259999998 375
1741077397465 761.6407669999999 376
1741077407575 762.8863510000001 377
1741077417719 763.4742470000001 378
1741077428480 764.0218059999997 379
1741077438626 764.6968189999998 380
1741077449012 766.072572 381
1741077459375 766.9734330000001 382
1741077469425 773.2251919999999 383
1741077479536 775.3688569999999 384
1741077489602 776.100934 385
1741077499673 778.2042389999997 386
1741077509805 779.538654 387
1741077519869 781.0048790000001 388
1741077529927 782.5537009999998 389
1741077540325 783.5797950000001 390
1741077550850 784.9656139999997 391
1741077561223 784.9720859999998 392
1741077571926 784.989337 393
1741077582709 786.584899 394
1741077592978 790.15164 395
1741077603683 794.3065569999999 396
1741077614527 796.5277980000001 397
1741077624608 802.1989629999998 398
1741077634684 815.6757159999997 399
1741077644806 820.4299860000001 400
1741077654904 822.8911989999997 401
1741077665683 822.9127789999998 402
1741077675816 824.0074159999999 403
1741077686273 825.6392599999999 404
1741077696871 828.751906 405
1741077707645 830.1934819999997 406
1741077718357 830.9921770000001 407
1741077728970 834.1769839999997 408
1741077739450 834.2064799999998 409
1741077750111 834.2336449999998 410
1741077760488 837.3522739999999 411
1741077771071 842.608115 412
1741077781692 844.4036679999999 413
1741077792654 846.8282909999998 414
1741077803498 847.920185 415
1741077814402 848.705637 416
1741077824885 850.768423 417
1741077835407 854.341128 418
1741077845846 856.2395189999997 419
1741077855959 861.8291380000001 420
1741077866041 861.852038 421
1741077876124 862.0504969999997 422
1741077886256 874.2643499999999 423
1741077896500 876.9534389999999 424
1741077907445 876.9671479999997 425
1741077917531 877.8005129999997 426
1741077928358 878.0916889999999 427
1741077938461 884.648009 428
1741077949120 885.6180159999999 429
1741077959284 894.0697970000001 430
1741077971843 895.747969 431
1741077982403 897.138766 432
1741077993292 898.2284919999997 433
1741078004096 899.0885829999997 434
1741078014845 900.797215 435
1741078025435 903.9169939999997 436
1741078036174 904.7505999999998 437
1741078046744 907.4045619999997 438
1741078056833 910.2427149999999 439
1741078066914 910.8355619999998 440
1741078077082 913.4815840000001 441
1741078087139 913.9468539999998 442
1741078098069 918.4390229999999 443
1741078108198 928.8026169999998 444
1741078118248 932.7552949999999 445
1741078128726 932.7984609999999 446
1741078139601 932.9015890000001 447
1741078149673 934.418502 448
1741078159763 934.451286 449
1741078169912 935.8118439999998 450
1741078179990 938.9814040000001 451
1741078190093 940.5860939999998 452
1741078200971 948.1011679999997 453
1741078211040 952.9540539999998 454
1741078221129 961.6536120000001 455
1741078231962 963.5738309999997 456
1741078242022 969.6488300000001 457
1741078252099 974.031293 458
1741078262186 975.2725009999999 459
1741078272262 979.6073729999998 460
1741078283154 980.9278879999997 461
1741078294099 991.80897 462
1741078304889 995.8447499999997 463
1741078314956 997.9455669999998 464
1741078325033 1000.7411320000001 465
1741078335148 1002.0960660000001 466
1741078345352 1003.2688399999997 467
1741078355439 1004.0445259999997 468
1741078365572 1004.8781180000001 469
1741078375625 1005.837986 470
1741078385695 1005.8911129999997 471
1741078395851 1008.30132 472
1741078405919 1010.7713839999997 473
1741078415983 1011.493821 474
1741078426117 1014.5708789999999 475
1741078436206 1015.4807740000001 476
1741078446276 1019.1762920000001 477
1741078456376 1021.5117029999997 478
1741078467410 1022.279939 479
1741078478534 1022.842729 480
1741078488596 1026.401875 481
1741078498903 1033.4080789999998 482
1741078509645 1034.021354 483
1741078520717 1036.0688949999999 484
1741078530825 1039.107019 485
1741078540884 1040.108194 486
1741078551008 1040.6309179999998 487
1741078561146 1043.212676 488
1741078571202 1044.827471 489
1741078581264 1047.911697 490
1741078591854 1049.8014559999997 491
1741078601968 1051.758562 492
1741078612158 1054.1238309999999 493
1741078622265 1054.7939969999998 494
1741078632363 1056.0119829999999 495
1741078642476 1057.4032109999998 496
1741078652721 1057.42616 497
1741078662850 1057.438025 498
1741078672977 1057.4496529999997 499
1741078684269 1057.475301 500
1741078694380 1057.501922 501
1741078704478 1061.4317699999997 502
1741078714597 1061.790478 503
1741078724694 1063.584598 504
1741078734810 1066.643122 505
1741078744855 1070.8384889999998 506
1741078754978 1073.0559589999998 507
1741078765117 1075.3783679999997 508
1741078775181 1076.5877149999997 509
1741078785991 1077.4075859999998 510
1741078796301 1078.173283 511
1741078806425 1078.212971 512
1741078816638 1078.2672899999998 513
1741078826767 1078.2986029999997 514
1741078836886 1078.3215989999999 515
1741078846993 1078.468629 516
1741078857108 1081.46508 517
1741078867223 1081.916169 518
1741078877334 1082.3537999999999 519
1741078887438 1083.8638099999998 520
1741078897558 1084.5811549999999 521
1741078907665 1084.6611309999998 522
1741078917777 1084.7490309999998 523
1741078927908 1084.778953 524
1741078938034 1088.458483 525
1741078948140 1089.199763 526
1741078958262 1089.854945 527
1741078968389 1090.467951 528
1741078978532 1091.7808129999999 529
1741078988654 1092.608961 530
1741078998776 1093.3841429999998 531
1741079008904 1093.952445 532
1741079019025 1095.761547 533
1741079029155 1095.786729 534
1741079039255 1095.8778589999997 535
1741079049369 1095.914617 536
1741079059488 1095.964877 537
1741079069898 1095.995836 538
1741079080018 1098.3338789999998 539
1741079090853 1098.3639979999998 540
1741079101014 1098.484511 541
1741079111154 1100.2184469999997 542
1741079121455 1100.881567 543
1741079131585 1100.947689 544
1741079141718 1102.0065759999998 545
1741079152084 1102.076782 546
1741079162240 1102.140437 547
1741079172371 1102.1997099999999 548
1741079182510 1102.228055 549
1741079192640 1102.2518289999998 550
1741079202770 1104.967599 551
1741079212982 1105.6103779999999 552
1741079223255 1106.956295 553
1741079233384 1106.989399 554
1741079243491 1107.0123589999998 555
1741079253609 1107.030455 556
1741079263766 1108.556274 557
1741079273898 1110.066448 558
1741079284023 1110.777004 559
1741079294269 1120.850844 560
1741079304505 1140.274563 561
1741079314840 1140.452824 562
1741079325242 1143.598657 563
1741079335543 1155.204251 564
1741079345933 1160.7752379999997 565
1741079356247 1170.3398189999998 566
1741079366678 1172.7713749999998 567
1741079377067 1173.818601 568
1741079387194 1175.0307749999997 569
1741079397554 1175.9938699999998 570
1741079407928 1176.805425 571
1741079418409 1181.5866149999997 572
1741079428530 1188.2187009999998 573
1741079438637 1190.194351 574
1741079448824 1192.7006299999998 575
1741079459049 1192.882286 576
1741079469179 1193.0147539999998 577
1741079479359 1195.1529329999998 578
1741079489512 1201.4372089999997 579
1741079499805 1201.457982 580
1741079510327 1201.484395 581
1741079520745 1204.9491519999997 582
1741079531326 1206.9989809999997 583
1741079542096 1208.2144559999997 584
1741079552714 1209.108858 585
1741079562960 1209.1326529999997 586
1741079573378 1209.2410919999998 587
1741079584121 1209.306673 588
1741079594583 1209.353099 589
1741079604994 1209.382744 590
1741079615099 1214.4924609999998 591
1741079625457 1215.4419509999998 592
1741079635801 1215.476858 593
1741079646024 1215.590863 594
1741079656518 1215.685872 595
1741079666771 1217.7828369999997 596
1741079677094 1218.9332709999999 597
1741079687531 1220.357254 598
1741079698074 1221.1866259999997 599
1741079708509 1222.8205159999998 600
1741079718989 1223.9280909999998 601
1741079729685 1227.5148169999998 602
1741079740470 1230.000688 603
1741079750982 1233.753467 604
1741079761365 1241.1917759999997 605
1741079772196 1244.670678 606
1741079782925 1248.6228849999998 607
1741079793554 1251.5145629999997 608
1741079803667 1253.72838 609
1741079814392 1254.8735899999997 610
1741079824958 1255.8499419999998 611
1741079835263 1259.7518959999998 612
1741079845621 1264.267166 613
1741079856013 1266.60009 614
1741079866571 1275.2963729999997 615
1741079877115 1280.9825259999998 616
1741079887616 1284.1400479999998 617
1741079898101 1285.723329 618
1741079908698 1286.73688 619
1741079919469 1287.428457 620
1741079930100 1287.560175 621
1741079940697 1293.377063 622
1741079951082 1295.9490109999997 623
1741079961214 1296.7901269999998 624
1741079971461 1306.590627 625
1741079981597 1307.294676 626
1741079991908 1308.0933599999998 627
1741080002151 1308.6961379999998 628
1741080012251 1311.49779 629
1741080022365 1314.879124 630
1741080032484 1315.761931 631
1741080042908 1317.163212 632
1741080053438 1318.463432 633
1741080064170 1318.601197 634
1741080074828 1319.0405099999998 635
1741080085368 1319.0617889999999 636
1741080095478 1321.085552 637
1741080105613 1321.8024329999998 638
1741080115739 1325.1507659999997 639
1741080126505 1325.954072 640
1741080137149 1326.5975979999998 641
1741080147292 1329.889165 642
1741080158114 1334.8404769999997 643
1741080168229 1335.912903 644
1741080178472 1336.0603649999998 645
1741080188585 1336.1154309999997 646
1741080198688 1336.132885 647
1741080208904 1336.1559819999998 648
1741080219471 1339.668569 649
1741080230173 1340.915345 650
1741080241114 1341.41829 651
1741080251811 1342.0960259999997 652
1741080262439 1342.5653979999997 653
1741080273284 1343.1491579999997 654
1741080284268 1343.715772 655
1741080295119 1344.116289 656
1741080305991 1344.769667 657
1741080316838 1345.835966 658
1741080326970 1346.367006 659
1741080337092 1346.8097519999997 660
1741080347220 1348.04063 661
1741080358241 1348.604182 662
1741080368360 1349.2529369999997 663
1741080378710 1350.0224209999997 664
1741080388810 1350.667617 665
1741080399271 1351.500853 666
1741080409372 1352.2760679999997 667
1741080419506 1353.1049659999999 668
1741080429640 1353.1633739999997 669
1741080440235 1353.3811339999997 670
1741080450898 1353.522876 671
1741080461577 1357.250798 672
1741080472594 1358.113057 673
1741080483423 1359.095531 674
1741080494375 1359.1214599999998 675
1741080505301 1359.166072 676
1741080516083 1359.1857489999998 677
1741080526918 1364.1028619999997 678
1741080537739 1364.890233 679
1741080547871 1365.9278199999999 680
1741080557996 1367.511684 681
1741080568428 1368.2199719999999 682
1741080578695 1368.238336 683
1741080588811 1369.10797 684
1741080599214 1370.408407 685
1741080610089 1371.2503379999998 686
1741080620191 1372.121823 687
1741080630564 1372.935836 688
1741080640978 1373.689336 689
1741080651081 1374.6579379999998 690
1741080661187 1375.083004 691
1741080672715 1375.5028279999997 692
1741080682863 1376.446544 693
1741080693467 1377.6394919999998 694
1741080703571 1379.75248 695
1741080713942 1379.867174 696
1741080724046 1382.2782579999998 697
1741080734887 1383.817567 698
1741080745032 1383.86652 699
1741080755612 1391.054933 700
1741080765688 1391.0838949999998 701
1741080775820 1394.037198 702
1741080788268 1403.6076789999997 703
1741080798391 1403.6560059999997 704
1741080808629 1405.7870439999997 705
1741080818765 1413.9876399999998 706
1741080829353 1419.6449039999998 707
1741080840622 1420.2744509999998 708
1741080850766 1424.242854 709
1741080862697 1424.568721 710
1741080872758 1427.750654 711
1741080883093 1428.1791279999998 712
1741080893265 1442.959671 713
1741080903357 1446.9224 714
1741080913453 1447.583909 715
1741080923595 1449.5871859999997 716
1741080933673 1449.616888 717
1741080943757 1449.6368279999997 718
1741080953876 1452.345193 719
1741080965481 1452.976538 720
1741080975541 1456.411467 721
1741080985668 1465.046612 722
1741080996419 1468.5938389999997 723
1741081006472 1471.9837899999998 724
1741081016906 1472.011278 725
1741081026993 1475.5846259999998 726
1741081037627 1475.63589 727
1741081047761 1475.893043 728
1741081058892 1478.6078029999999 729
1741081068999 1482.178515 730
1741081079657 1482.7478569999998 731
1741081089828 1484.297791 732
1741081099926 1486.6309149999997 733
1741081110345 1487.8698239999999 734
1741081120515 1497.7272279999997 735
1741081130758 1503.074595 736
1741081140869 1503.1422199999997 737
1741081150996 1503.945557 738
1741081161079 1503.971798 739
1741081171472 1505.746905 740
1741081181626 1509.710055 741
1741081191719 1511.866434 742
1741081201829 1514.0322569999998 743
1741081212248 1514.1300349999997 744
1741081222333 1514.268028 745
1741081232746 1517.467162 746
1741081242893 1519.210799 747
1741081252985 1520.011313 748
1741081263053 1520.0532209999997 749
1741081273949 1523.6832169999998 750
1741081284070 1526.5292709999999 751
1741081294838 1530.4457539999999 752
1741081304947 1540.195511 753
1741081316284 1543.8843419999998 754
1741081326379 1550.2806449999998 755
1741081337969 1550.3524319999997 756
1741081348119 1563.822663 757
1741081359545 1567.5488539999997 758
1741081369632 1576.550609 759
1741081380669 1579.8916009999998 760
1741081391390 1579.925013 761
1741081401488 1582.875856 762
1741081411690 1588.772567 763
1741081422858 1591.1224629999997 764
1741081434353 1593.760937 765
1741081444447 1598.138836 766
1741081454522 1601.154396 767
1741081464885 1605.0416099999998 768
1741081474989 1609.4778489999999 769
1741081485986 1612.859426 770
1741081496132 1615.297696 771
1741081506846 1616.855396 772
1741081516962 1617.808719 773
1741081528307 1619.63656 774
1741081538434 1621.608674 775
1741081548696 1624.2723229999997 776
1741081558774 1625.904751 777
1741081569266 1626.5544409999998 778
1741081579375 1628.6104559999999 779
1741081590379 1633.302713 780
1741081600516 1634.2503469999997 781
1741081611638 1634.8425029999999 782
1741081621759 1634.900184 783
1741081632970 1634.9434189999997 784
1741081643068 1638.593081 785
1741081653927 1639.872425 786
1741081664023 1640.495996 787
1741081675173 1641.9412379999999 788
1741081688147 1643.3715069999998 789
1741081698271 1645.1821259999997 790
1741081708954 1646.9701329999998 791
1741081719047 1648.0592659999998 792
1741081729683 1648.112075 793
1741081740917 1649.643106 794
1741081751110 1655.592224 795
1741081763069 1658.7894999999999 796
1741081773173 1660.3907 797
1741081783722 1663.9864739999998 798
1741081793805 1664.008073 799
1741081803996 1664.035074 800
1741081814142 1666.8678249999998 801
1741081824516 1681.2309419999997 802
1741081834610 1698.820729 803
1741081845682 1707.155451 804
1741081855825 1709.00115 805
1741081866358 1719.2247229999998 806
1741081876484 1719.255098 807
1741081886651 1721.705829 808
1741081897141 1722.7092699999998 809
1741081907266 1728.7668989999997 810
1741081918641 1729.681047 811
1741081928746 1732.5064629999997 812
1741081939557 1732.836413 813
1741081949651 1733.0284689999999 814
1741081961061 1735.8450859999998 815
1741081971192 1737.0809199999999 816
1741081982581 1738.1717119999998 817
1741081992726 1738.5298990000001 818
1741082003949 1739.8277389999998 819
1741082014064 1739.856527 820
1741082024593 1739.871776 821
1741082034728 1739.9204399999999 822
1741082045660 1739.994503 823
1741082056074 1743.3928419999997 824
1741082068826 1744.019068 825
1741082078918 1746.107579 826
1741082089677 1747.3009119999997 827
1741082099761 1748.1869079999997 828
1741082110591 1748.9217279999998 829
1741082120732 1748.9607069999997 830
1741082132026 1748.9781439999997 831
1741082142206 1755.6838669999997 832
1741082153528 1756.400584 833
1741082163629 1759.792625 834
1741082174770 1761.726615 835
1741082184855 1761.757579 836
1741082195924 1762.561024 837
1741082206047 1765.6773739999999 838
1741082217537 1769.0775709999998 839
1741082227638 1769.330852 840
1741082238324 1769.9577329999997 841
1741082248469 1769.997684 842
1741082259570 1770.081294 843
1741082269684 1770.104895 844
1741082280479 1770.1320459999997 845
1741082290686 1775.041921 846
1741082301119 1775.6693209999999 847
1741082311245 1776.231393 848
1741082321370 1776.8753539999998 849
1741082332258 1776.906618 850
1741082342376 1776.986855 851
1741082353755 1777.035578 852
1741082364032 1777.0618329999998 853
1741082376906 1777.080419 854
1741082386994 1777.3412869999997 855
1741082398599 1777.421788 856
1741082408729 1778.0749539999997 857
1741082420120 1778.0905949999997 858
1741082430261 1778.1495679999998 859
1741082441272 1778.184041 860
1741082451386 1778.1989359999998 861
1741082461487 1779.264278 862
1741082471774 1779.28633 863
1741082481848 1779.3085659999997 864
1741082492491 1782.57787 865
1741082502652 1784.8252350000002 866
1741082513988 1785.7739869999996 867
1741082524092 1786.2763059999997 868
1741082534268 1788.3043969999999 869
1741082544997 1789.8312289999994 870
1741082555068 1791.2974999999997 871
1741082566808 1792.1875449999998 872
1741082576970 1793.4522269999998 873
1741082587085 1794.0890520000003 874
1741082597870 1795.283507 875
1741082608039 1796.6143510000002 876
1741082618150 1796.6452710000003 877
1741082628285 1796.6669409999995 878
1741082639918 1796.7007910000002 879
1741082650011 1796.7487220000003 880
1741082661232 1797.6371840000002 881
1741082671393 1799.1345140000003 882
1741082681631 1800.6320539999997 883
1741082691713 1800.8259049999997 884
1741082701808 1801.5917019999997 885
1741082712601 1804.295333 886
1741082722706 1805.4941939999999 887
1741082733048 1806.2583669999995 888
1741082743213 1808.7269500000002 889
1741082754120 1809.677616 890
1741082764217 1810.0353610000002 891
1741082775320 1810.1620620000003 892
1741082785424 1810.1857259999997 893
1741082796037 1811.7832989999997 894
1741082806140 1813.014279 895
1741082817221 1814.0464730000003 896
1741082827329 1814.1232259999997 897
1741082837421 1814.4114829999999 898
1741082848581 1814.4218449999998 899
1741082858705 1814.8580380000003 900
1741082870237 1815.73002 901
1741082880379 1816.6853169999995 902
1741082891874 1817.5336339999994 903
1741082902006 1817.5878080000002 904
1741082912122 1817.7550609999998 905
1741082923141 1818.3336549999995 906
1741082933259 1819.0505739999999 907
1741082943360 1819.073225 908
1741082953910 1819.8176839999996 909
1741082964043 1820.1028369999995 910
1741082974144 1820.3750279999995 911
1741082985225 1820.4074309999996 912
1741082995328 1820.7393700000002 913
1741083005442 1821.3639389999998 914
1741083015720 1821.8136239999994 915
1741083025836 1822.2527279999995 916
1741083036526 1823.1192629999996 917
1741083046919 1823.4605739999997 918
1741083057010 1823.5067149999995 919
1741083067095 1824.219102 920
1741083077211 1826.5170699999999 921
1741083088553 1827.2153259999995 922
1741083098640 1827.6985239999995 923
1741083108760 1828.5487309999999 924
1741083118856 1829.0185009999996 925
1741083129765 1829.3737039999996 926
1741083139906 1829.8363440000003 927
1741083149968 1830.4013329999998 928
1741083161249 1831.6863629999998 929
1741083171406 1831.7272389999998 930
1741083182016 1832.1615569999994 931
1741083192434 1833.016133 932
1741083203115 1833.3408950000003 933
1741083214001 1833.4670049999995 934
1741083225267 1833.5241539999997 935
1741083235394 1833.5591100000001 936
1741083245884 1833.5835799999995 937
1741083256084 1833.6290479999998 938
1741083266221 1833.6510369999996 939
1741083277329 1833.6682449999998 940
1741083287410 1833.683559 941
1741083297568 1834.2651020000003 942
1741083308657 1837.9990799999996 943
1741083318868 1840.5155169999998 944
1741083328949 1840.5943109999998 945
1741083340625 1841.5805449999998 946
1741083350795 1841.7170740000001 947
1741083362312 1841.7756950000003 948
1741083372407 1841.8476650000002 949
1741083382598 1841.9009619999997 950
1741083394172 1841.976955 951
1741083404318 1842.1754890000002 952
1741083414438 1842.245371 953
1741083425471 1842.4128810000002 954
1741083435567 1842.562468 955
1741083446753 1842.6339099999996 956
1741083458062 1842.7279509999998 957
1741083468173 1842.8341039999996 958
1741083478296 1842.9067239999995 959
1741083488469 1849.596286 960
1741083499058 1851.6768970000003 961
1741083509169 1854.440103 962
1741083519265 1856.538528 963
1741083530121 1857.3192389999995 964
1741083540291 1858.7455449999998 965
1741083551328 1860.359351 966
1741083561797 1860.9892789999994 967
1741083571859 1861.4904180000003 968
1741083581996 1862.2254899999998 969
