1741073580330 71.2 0
1741073590370 75.6 1
1741073600406 76.5 2
1741073610447 78.5 3
1741073620485 79.1 4
1741073630526 80.8 5
1741073640564 80.6 6
1741073650615 80.9 7
1741073660653 81.7 8
1741073670757 82.2 9
1741073680792 82.9 10
1741073690844 83.7 11
1741073700902 84.2 12
1741073710962 84.3 13
1741073721012 84.4 14
1741073731102 87.8 15
1741073741147 85.9 16
1741073751192 86.5 17
1741073761237 87.8 18
1741073771276 89.5 19
1741073781334 90.6 20
1741073791477 90.2 21
1741073801536 90.7 22
1741073811612 91.3 23
1741073821660 91.3 24
1741073831722 92.0 25
1741073841779 92.6 26
1741073851880 93.4 27
1741073862035 85.6 28
1741073872088 85.5 29
1741073882598 85.5 30
1741073892648 86.1 31
1741073902688 86.2 32
1741073912823 86.9 33
1741073922875 87.4 34
1741073932939 88.1 35
1741073942984 89.3 36
1741073953118 90.2 37
1741073963196 90.4 38
1741073973300 91.6 39
1741073983363 93.0 40
1741073993441 94.0 41
1741074003519 93.7 42
1741074013852 94.3 43
1741074023909 94.3 44
1741074034014 89.2 45
1741074044080 90.3 46
1741074054138 90.1 47
1741074064197 91.7 48
1741074074436 88.2 49
1741074084510 89.7 50
1741074094614 89.8 51
1741074104667 90.2 52
1741074115005 90.2 53
1741074125094 90.7 54
1741074135150 90.9 55
1741074145205 92.0 56
1741074155265 93.0 57
1741074165399 93.5 58
1741074175447 93.7 59
1741074185493 93.2 60
1741074195797 93.6 61
1741074205851 93.4 62
1741074215912 89.9 63
1741074226028 86.4 64
1741074236089 86.5 65
1741074246179 86.3 66
1741074256371 86.6 67
1741074266449 86.8 68
1741074276520 86.9 69
1741074286643 87.2 70
1741074296705 87.8 71
1741074306778 88.2 72
1741074316897 88.9 73
1741074326942 88.8 74
1741074336991 89.5 75
1741074347081 89.6 76
1741074357143 90.2 77
1741074367194 90.6 78
1741074377318 91.2 79
1741074387382 91.7 80
1741074397573 92.2 81
1741074407706 92.9 82
1741074418051 94.8 83
1741074428109 94.7 84
1741074438260 87.3 85
1741074448312 87.2 86
1741074458364 87.1 87
1741074469033 87.0 88
1741074479093 86.2 89
1741074489161 86.3 90
1741074499276 86.6 91
1741074509580 86.9 92
1741074519659 87.3 93
1741074529795 87.7 94
1741074539864 88.3 95
1741074549920 88.9 96
1741074560035 89.4 97
1741074570102 89.8 98
1741074580170 90.1 99
1741074590274 90.6 100
1741074600324 91.7 101
1741074610377 91.8 102
1741074620480 92.5 103
1741074630534 93.0 104
1741074640591 93.4 105
1741074650693 86.3 106
1741074660768 86.2 107
1741074670832 86.5 108
1741074680932 86.3 109
1741074691284 88.1 110
1741074701332 86.6 111
1741074711418 87.2 112
1741074721501 86.8 113
1741074731577 87.5 114
1741074741679 87.7 115
1741074751784 88.2 116
1741074761838 88.6 117
1741074772154 89.3 118
1741074782214 89.7 119
1741074792278 90.2 120
1741074802335 90.7 121
1741074812480 91.2 122
1741074822528 91.5 123
1741074832595 92.5 124
1741074842734 92.9 125
1741074852818 93.5 126
1741074862898 89.6 127
1741074872997 86.3 128
1741074883069 86.1 129
1741074893575 86.4 130
1741074903657 86.4 131
1741074913732 89.2 132
1741074923806 86.7 133
1741074933916 87.0 134
1741074943979 87.4 135
1741074954054 88.1 136
1741074964583 88.4 137
1741074974843 88.8 138
1741074984907 89.3 139
1741074995007 89.8 140
1741075005066 90.2 141
1741075015138 90.9 142
1741075025203 91.5 143
1741075035292 91.9 144
1741075045354 92.4 145
1741075055512 93.0 146
1741075065567 93.3 147
1741075076003 94.0 148
1741075086467 94.1 149
1741075096527 86.8 150
1741075106584 86.8 151
1741075116718 86.8 152
1741075126858 86.8 153
1741075136939 87.3 154
1741075147002 87.4 155
1741075157643 87.6 156
1741075167705 87.9 157
1741075177761 88.2 158
1741075187883 88.6 159
1741075197942 89.2 160
1741075208038 89.7 161
1741075218144 90.8 162
1741075228199 91.2 163
1741075238716 92.8 164
1741075248818 92.6 165
1741075258888 93.1 166
1741075268952 94.0 167
1741075279112 94.2 168
1741075289208 94.5 169
1741075299262 94.7 170
1741075309855 95.2 171
1741075319936 90.5 172
1741075329982 90.4 173
1741075340082 90.4 174
1741075350136 90.6 175
1741075360245 92.7 176
1741075370301 91.6 177
1741075380364 91.7 178
1741075390656 90.5 179
1741075400710 90.0 180
1741075410778 89.8 181
1741075420884 89.7 182
1741075430957 89.6 183
1741075441007 90.2 184
1741075451505 90.7 185
1741075461565 91.1 186
1741075471630 91.5 187
1741075481763 91.8 188
1741075491809 92.3 189
1741075502263 93.1 190
1741075512341 93.6 191
1741075522465 94.1 192
1741075532518 94.4 193
1741075542574 90.9 194
1741075552707 91.0 195
1741075562793 91.0 196
1741075572849 91.0 197
1741075583208 91.5 198
1741075593266 90.6 199
1741075603329 90.5 200
1741075613436 90.7 201
1741075623498 90.6 202
1741075633574 90.6 203
1741075643632 91.7 204
1741075653677 91.6 205
1741075663728 91.9 206
1741075673772 91.7 207
1741075683848 92.3 208
1741075693908 92.9 209
1741075704037 93.9 210
1741075714130 93.8 211
1741075724236 94.5 212
1741075734293 90.8 213
1741075744360 91.9 214
1741075754416 91.9 215
1741075764546 92.0 216
1741075774625 94.0 217
1741075784684 91.7 218
1741075794822 91.7 219
1741075804884 91.3 220
1741075814935 91.2 221
1741075825064 91.3 222
1741075835676 91.0 223
1741075845775 90.9 224
1741075855906 91.2 225
1741075865968 91.4 226
1741075876024 91.9 227
1741075886133 92.2 228
1741075896198 92.7 229
1741075906264 93.0 230
1741075916801 93.6 231
1741075926874 93.1 232
1741075936950 93.7 233
1741075947471 93.8 234
1741075958034 91.4 235
1741075968528 91.3 236
1741075978890 91.4 237
1741075989108 91.6 238
1741075999204 91.8 239
1741076009280 91.7 240
1741076019389 92.0 241
1741076029439 91.7 242
1741076039506 92.5 243
1741076049610 89.9 244
1741076060272 89.9 245
1741076070328 90.0 246
1741076080454 89.7 247
1741076090518 89.7 248
1741076100582 89.9 249
1741076110737 90.0 250
1741076120800 90.0 251
1741076130882 90.4 252
1741076141020 90.7 253
1741076151079 91.2 254
1741076161149 91.8 255
1741076171264 92.3 256
1741076181325 92.7 257
1741076191380 89.7 258
1741076201731 89.6 259
1741076212224 89.6 260
1741076222309 88.9 261
1741076232486 89.1 262
1741076242559 89.2 263
1741076252630 89.2 264
1741076262738 89.1 265
1741076272807 89.4 266
1741076282872 89.4 267
1741076293023 89.5 268
1741076303109 89.5 269
1741076313198 89.5 270
1741076323316 89.3 271
1741076333416 89.3 272
1741076343487 89.6 273
1741076353532 89.8 274
1741076363598 90.3 275
1741076373663 90.7 276
1741076383720 91.0 277
1741076393769 91.4 278
1741076403853 92.0 279
1741076413913 92.5 280
1741076424117 91.4 281
1741076434178 91.3 282
1741076444237 91.2 283
1741076454670 91.3 284
1741076464810 91.5 285
1741076474866 92.1 286
1741076485017 89.5 287
1741076495129 88.4 288
1741076505187 88.2 289
1741076515310 88.4 290
1741076525390 88.5 291
1741076535481 88.4 292
1741076545628 88.4 293
1741076555904 88.3 294
1741076565985 88.3 295
1741076576146 88.5 296
1741076586540 88.6 297
1741076597058 88.6 298
1741076607178 88.6 299
1741076617338 88.5 300
1741076627469 88.6 301
1741076637772 88.7 302
1741076648157 88.7 303
1741076658245 89.1 304
1741076668372 89.6 305
1741076678432 90.0 306
1741076688751 88.5 307
1741076698845 88.7 308
1741076708916 88.7 309
1741076719041 88.6 310
1741076729790 88.7 311
1741076740263 88.9 312
1741076750347 88.8 313
1741076760419 89.0 314
1741076770529 89.1 315
1741076780590 89.1 316
1741076790657 89.1 317
1741076800813 88.9 318
1741076810862 88.9 319
1741076821167 89.1 320
1741076831483 89.2 321
1741076841938 89.2 322
1741076852348 89.2 323
1741076862564 89.0 324
1741076873079 89.0 325
1741076883171 89.2 326
1741076893454 89.7 327
1741076903559 90.0 328
1741076913614 90.4 329
1741076923740 85.4 330
1741076933792 85.4 331
1741076943851 86.1 332
1741076954567 85.0 333
1741076964622 85.1 334
1741076974681 86.7 335
1741076984739 85.4 336
1741076994800 85.4 337
1741077004852 85.6 338
1741077015133 85.7 339
1741077025331 85.6 340
1741077035606 85.6 341
1741077045983 85.4 342
1741077056428 85.7 343
1741077066863 86.0 344
1741077077481 86.5 345
1741077088218 87.0 346
1741077098739 87.3 347
1741077109369 87.9 348
1741077119781 88.5 349
1741077130456 88.8 350
1741077141081 89.1 351
1741077151630 89.6 352
1741077161770 90.1 353
1741077171984 88.0 354
1741077182082 88.0 355
1741077192217 88.0 356
1741077202291 88.0 357
1741077212349 88.0 358
1741077222469 89.7 359
1741077232544 88.6 360
1741077242609 88.7 361
1741077252733 88.5 362
1741077262830 88.4 363
1741077272927 88.5 364
1741077283083 88.4 365
1741077293154 88.6 366
1741077303487 88.6 367
1741077314182 88.8 368
1741077324948 88.7 369
1741077335354 88.7 370
1741077345953 88.7 371
1741077356310 89.2 372
1741077366609 89.4 373
1741077377064 89.8 374
1741077387359 90.3 375
1741077397465 91.0 376
1741077407575 91.2 377
1741077417719 90.8 378
1741077428480 90.6 379
1741077438626 90.7 380
1741077449012 90.7 381
1741077459375 90.8 382
1741077469425 90.7 383
1741077479536 90.9 384
1741077489602 90.9 385
1741077499673 91.0 386
1741077509805 90.9 387
1741077519869 90.8 388
1741077529927 90.8 389
1741077540325 91.0 390
1741077550850 91.0 391
1741077561223 91.0 392
1741077571926 91.0 393
1741077582709 90.9 394
1741077592978 90.9 395
1741077603683 91.0 396
1741077614527 91.0 397
1741077624608 90.9 398
1741077634684 91.2 399
1741077644806 91.4 400
1741077654904 90.8 401
1741077665683 91.0 402
1741077675816 91.0 403
1741077686273 91.3 404
1741077696871 91.2 405
1741077707645 91.1 406
1741077718357 91.8 407
1741077728970 91.6 408
1741077739450 91.8 409
1741077750111 91.8 410
1741077760488 91.8 411
1741077771071 91.8 412
1741077781692 91.8 413
1741077792654 91.9 414
1741077803498 91.8 415
1741077814402 91.8 416
1741077824885 91.8 417
1741077835407 91.8 418
1741077845846 92.3 419
1741077855959 91.2 420
1741077866041 91.1 421
1741077876124 91.2 422
1741077886256 91.5 423
1741077896500 92.2 424
1741077907445 92.6 425
1741077917531 90.8 426
1741077928358 90.9 427
1741077938461 90.7 428
1741077949120 90.6 429
1741077959284 90.9 430
1741077971843 91.3 431
1741077982403 91.3 432
1741077993292 91.3 433
1741078004096 91.2 434
1741078014845 91.3 435
1741078025435 91.5 436
1741078036174 91.7 437
1741078046744 91.6 438
1741078056833 91.5 439
1741078066914 91.4 440
1741078077082 91.6 441
1741078087139 91.6 442
1741078098069 91.5 443
1741078108198 91.5 444
1741078118248 91.6 445
1741078128726 91.9 446
1741078139601 92.6 447
1741078149673 93.0 448
1741078159763 93.1 449
1741078169912 91.3 450
1741078179990 91.2 451
1741078190093 91.0 452
1741078200971 91.2 453
1741078211040 91.3 454
1741078221129 92.2 455
1741078231962 90.4 456
1741078242022 90.2 457
1741078252099 90.3 458
1741078262186 90.5 459
1741078272262 90.6 460
1741078283154 90.3 461
1741078294099 90.3 462
1741078304889 90.2 463
1741078314956 90.2 464
1741078325033 90.3 465
1741078335148 90.3 466
1741078345352 90.3 467
1741078355439 90.3 468
1741078365572 90.3 469
1741078375625 90.8 470
1741078385695 90.9 471
1741078395851 91.2 472
1741078405919 91.6 473
1741078415983 92.0 474
1741078426117 91.5 475
1741078436206 91.6 476
1741078446276 91.6 477
1741078456376 91.6 478
1741078467410 91.6 479
1741078478534 91.4 480
1741078488596 91.8 481
1741078498903 91.9 482
1741078509645 91.9 483
1741078520717 91.9 484
1741078530825 91.9 485
1741078540884 91.8 486
1741078551008 91.8 487
1741078561146 92.0 488
1741078571202 92.1 489
1741078581264 93.6 490
1741078591854 94.1 491
1741078601968 93.5 492
1741078612158 92.6 493
1741078622265 92.6 494
1741078632363 92.6 495
1741078642476 92.7 496
1741078652721 93.2 497
1741078662850 89.2 498
1741078672977 89.0 499
1741078684269 89.2 500
1741078694380 89.0 501
1741078704478 89.4 502
1741078714597 89.4 503
1741078724694 89.3 504
1741078734810 89.4 505
1741078744855 89.8 506
1741078754978 90.5 507
1741078765117 90.5 508
1741078775181 91.0 509
1741078785991 91.9 510
1741078796301 91.0 511
1741078806425 91.6 512
1741078816638 92.1 513
1741078826767 92.8 514
1741078836886 93.4 515
1741078846993 92.6 516
1741078857108 92.8 517
1741078867223 92.7 518
1741078877334 92.6 519
1741078887438 94.4 520
1741078897558 92.8 521
1741078907665 92.5 522
1741078917777 91.6 523
1741078927908 89.9 524
1741078938034 89.8 525
1741078948140 89.9 526
1741078958262 89.8 527
1741078968389 89.8 528
1741078978532 89.8 529
1741078988654 89.8 530
1741078998776 89.8 531
1741079008904 90.0 532
1741079019025 90.4 533
1741079029155 88.9 534
1741079039255 89.1 535
1741079049369 89.1 536
1741079059488 88.9 537
1741079069898 90.9 538
1741079080018 88.8 539
1741079090853 88.8 540
1741079101014 89.0 541
1741079111154 89.7 542
1741079121455 86.4 543
1741079131585 86.2 544
1741079141718 86.1 545
1741079152084 86.1 546
1741079162240 86.6 547
1741079172371 86.7 548
1741079182510 87.1 549
1741079192640 87.6 550
1741079202770 88.0 551
1741079212982 87.8 552
1741079223255 87.9 553
1741079233384 86.4 554
1741079243491 86.3 555
1741079253609 88.3 556
1741079263766 86.5 557
1741079273898 86.6 558
1741079284023 86.8 559
1741079294269 86.8 560
1741079304505 86.8 561
1741079314840 86.7 562
1741079325242 86.7 563
1741079335543 86.7 564
1741079345933 86.9 565
1741079356247 86.7 566
1741079366678 86.7 567
1741079377067 86.6 568
1741079387194 87.1 569
1741079397554 87.0 570
1741079407928 87.1 571
1741079418409 87.1 572
1741079428530 87.0 573
1741079438637 88.9 574
1741079448824 87.1 575
1741079459049 87.2 576
1741079469179 87.1 577
1741079479359 87.1 578
1741079489512 87.2 579
1741079499805 87.1 580
1741079510327 87.1 581
1741079520745 87.3 582
1741079531326 87.3 583
1741079542096 87.3 584
1741079552714 87.3 585
1741079562960 87.3 586
1741079573378 87.7 587
1741079584121 83.8 588
1741079594583 83.8 589
1741079604994 83.8 590
1741079615099 83.7 591
1741079625457 85.9 592
1741079635801 84.0 593
1741079646024 84.2 594
1741079656518 84.2 595
1741079666771 84.2 596
1741079677094 84.1 597
1741079687531 84.1 598
1741079698074 84.4 599
1741079708509 84.8 600
1741079718989 85.4 601
1741079729685 86.0 602
1741079740470 86.5 603
1741079750982 87.2 604
1741079761365 87.9 605
1741079772196 87.0 606
1741079782925 86.8 607
1741079793554 86.7 608
1741079803667 86.5 609
1741079814392 88.4 610
1741079824958 87.2 611
1741079835263 87.2 612
1741079845621 87.2 613
1741079856013 87.0 614
1741079866571 87.0 615
1741079877115 87.2 616
1741079887616 87.2 617
1741079898101 87.2 618
1741079908698 87.2 619
1741079919469 87.0 620
1741079930100 87.2 621
1741079940697 87.9 622
1741079951082 88.4 623
1741079961214 88.4 624
1741079971461 88.4 625
1741079981597 88.2 626
1741079991908 88.2 627
1741080002151 88.6 628
1741080012251 88.6 629
1741080022365 87.3 630
1741080032484 87.4 631
1741080042908 87.5 632
1741080053438 87.6 633
1741080064170 88.0 634
1741080074828 88.0 635
1741080085368 88.0 636
1741080095478 88.0 637
1741080105613 88.2 638
1741080115739 88.1 639
1741080126505 88.1 640
1741080137149 88.0 641
1741080147292 88.4 642
1741080158114 87.9 643
1741080168229 88.0 644
1741080178472 87.9 645
1741080188585 87.6 646
1741080198688 88.8 647
1741080208904 87.6 648
1741080219471 87.4 649
1741080230173 87.4 650
1741080241114 87.7 651
1741080251811 87.7 652
1741080262439 87.5 653
1741080273284 87.5 654
1741080284268 87.4 655
1741080295119 87.4 656
1741080305991 87.7 657
1741080316838 87.6 658
1741080326970 87.6 659
1741080337092 87.8 660
1741080347220 88.4 661
1741080358241 87.7 662
1741080368360 87.7 663
1741080378710 87.6 664
1741080388810 87.6 665
1741080399271 87.8 666
1741080409372 87.6 667
1741080419506 87.8 668
1741080429640 87.9 669
1741080440235 87.9 670
1741080450898 87.9 671
1741080461577 87.7 672
1741080472594 87.8 673
1741080483423 87.9 674
1741080494375 88.0 675
1741080505301 88.0 676
1741080516083 87.9 677
1741080526918 88.0 678
1741080537739 88.5 679
1741080547871 87.7 680
1741080557996 87.7 681
1741080568428 87.7 682
1741080578695 87.6 683
1741080588811 87.6 684
1741080599214 87.6 685
1741080610089 87.7 686
1741080620191 88.1 687
1741080630564 88.5 688
1741080640978 89.8 689
1741080651081 90.3 690
1741080661187 91.1 691
1741080672715 91.1 692
1741080682863 89.9 693
1741080693467 89.9 694
1741080703571 89.0 695
1741080713942 89.0 696
1741080724046 89.2 697
1741080734887 89.2 698
1741080745032 89.2 699
1741080755612 89.4 700
1741080765688 89.6 701
1741080775820 90.2 702
1741080788268 90.4 703
1741080798391 90.1 704
1741080808629 89.7 705
1741080818765 89.6 706
1741080829353 89.6 707
1741080840622 89.9 708
1741080850766 90.0 709
1741080862697 90.0 710
1741080872758 90.3 711
1741080883093 90.2 712
1741080893265 90.1 713
1741080903357 90.4 714
1741080913453 90.7 715
1741080923595 89.0 716
1741080933673 89.1 717
1741080943757 89.0 718
1741080953876 89.2 719
1741080965481 89.4 720
1741080975541 89.4 721
1741080985668 89.3 722
1741080996419 89.3 723
1741081006472 89.3 724
1741081016906 89.3 725
1741081026993 89.3 726
1741081037627 87.5 727
1741081047761 87.5 728
1741081058892 87.4 729
1741081068999 87.4 730
1741081079657 88.0 731
1741081089828 88.4 732
1741081099926 84.9 733
1741081110345 84.8 734
1741081120515 84.7 735
1741081130758 84.7 736
1741081140869 84.9 737
1741081150996 85.0 738
1741081161079 85.7 739
1741081171472 85.4 740
1741081181626 85.3 741
1741081191719 85.4 742
1741081201829 85.5 743
1741081212248 85.6 744
1741081222333 85.6 745
1741081232746 85.3 746
1741081242893 85.2 747
1741081252985 85.2 748
1741081263053 85.4 749
1741081273949 85.4 750
1741081284070 85.5 751
1741081294838 85.5 752
1741081304947 85.6 753
1741081316284 85.8 754
1741081326379 86.4 755
1741081337969 86.7 756
1741081348119 87.2 757
1741081359545 87.5 758
1741081369632 87.8 759
1741081380669 88.5 760
1741081391390 88.9 761
1741081401488 88.1 762
1741081411690 88.0 763
1741081422858 88.0 764
1741081434353 87.9 765
1741081444447 88.1 766
1741081454522 88.2 767
1741081464885 90.2 768
1741081474989 88.3 769
1741081485986 88.4 770
1741081496132 88.5 771
1741081506846 88.5 772
1741081516962 88.5 773
1741081528307 88.5 774
1741081538434 88.4 775
1741081548696 88.3 776
1741081558774 88.5 777
1741081569266 88.6 778
1741081579375 88.6 779
1741081590379 88.7 780
1741081600516 88.6 781
1741081611638 88.6 782
1741081621759 88.6 783
1741081632970 88.8 784
1741081643068 88.8 785
1741081653927 88.8 786
1741081664023 88.7 787
1741081675173 89.0 788
1741081688147 89.6 789
1741081698271 88.7 790
1741081708954 88.6 791
1741081719047 88.5 792
1741081729683 88.5 793
1741081740917 88.7 794
1741081751110 88.8 795
1741081763069 88.9 796
1741081773173 89.0 797
1741081783722 88.9 798
1741081793805 88.9 799
1741081803996 89.0 800
1741081814142 89.1 801
1741081824516 88.3 802
1741081834610 88.8 803
1741081845682 88.6 804
1741081855825 88.9 805
1741081866358 88.9 806
1741081876484 89.0 807
1741081886651 88.9 808
1741081897141 88.8 809
1741081907266 88.8 810
1741081918641 88.9 811
1741081928746 89.0 812
1741081939557 88.9 813
1741081949651 89.0 814
1741081961061 89.1 815
1741081971192 89.3 816
1741081982581 89.8 817
1741081992726 90.2 818
1741082003949 89.9 819
1741082014064 89.8 820
1741082024593 89.7 821
1741082034728 89.8 822
1741082045660 89.9 823
1741082056074 90.0 824
1741082068826 90.0 825
1741082078918 89.2 826
1741082089677 89.2 827
1741082099761 89.4 828
1741082110591 89.4 829
1741082120732 89.5 830
1741082132026 89.2 831
1741082142206 89.0 832
1741082153528 89.0 833
1741082163629 89.2 834
1741082174770 89.3 835
1741082184855 89.3 836
1741082195924 89.2 837
1741082206047 89.2 838
1741082217537 89.3 839
1741082227638 89.3 840
1741082238324 89.3 841
1741082248469 89.3 842
1741082259570 89.2 843
1741082269684 89.2 844
1741082280479 89.4 845
1741082290686 89.6 846
1741082301119 89.9 847
1741082311245 89.4 848
1741082321370 89.3 849
1741082332258 89.3 850
1741082342376 89.5 851
1741082353755 89.6 852
1741082364032 89.6 853
1741082376906 89.6 854
1741082386994 89.9 855
1741082398599 90.0 856
1741082408729 89.9 857
1741082420120 90.0 858
1741082430261 90.0 859
1741082441272 90.0 860
1741082451386 89.9 861
1741082461487 90.1 862
1741082471774 90.2 863
1741082481848 90.1 864
1741082492491 90.0 865
1741082502652 89.9 866
1741082513988 89.9 867
1741082524092 90.1 868
1741082534268 90.1 869
1741082544997 90.1 870
1741082555068 90.2 871
1741082566808 90.1 872
1741082576970 90.1 873
1741082587085 89.7 874
1741082597870 89.8 875
1741082608039 90.1 876
1741082618150 89.4 877
1741082628285 89.5 878
1741082639918 89.6 879
1741082650011 89.7 880
1741082661232 89.7 881
1741082671393 89.7 882
1741082681631 89.5 883
1741082691713 89.8 884
1741082701808 90.2 885
1741082712601 90.3 886
1741082722706 90.2 887
1741082733048 88.4 888
1741082743213 88.5 889
1741082754120 88.5 890
1741082764217 88.6 891
1741082775320 88.7 892
1741082785424 88.8 893
1741082796037 88.7 894
1741082806140 88.6 895
1741082817221 88.8 896
1741082827329 88.8 897
1741082837421 88.8 898
1741082848581 88.9 899
1741082858705 88.7 900
1741082870237 88.7 901
1741082880379 88.8 902
1741082891874 88.9 903
1741082902006 89.0 904
1741082912122 89.3 905
1741082923141 89.8 906
1741082933259 88.9 907
1741082943360 88.8 908
1741082953910 88.8 909
1741082964043 88.8 910
1741082974144 88.8 911
1741082985225 88.6 912
1741082995328 88.7 913
1741083005442 92.2 914
1741083015720 90.9 915
1741083025836 90.8 916
1741083036526 89.8 917
1741083046919 90.2 918
1741083057010 90.9 919
1741083067095 91.9 920
1741083077211 92.6 921
1741083088553 92.1 922
1741083098640 92.3 923
1741083108760 92.8 924
1741083118856 93.3 925
1741083129765 93.1 926
1741083139906 92.7 927
1741083149968 92.9 928
1741083161249 93.7 929
1741083171406 92.8 930
1741083182016 93.3 931
1741083192434 92.9 932
1741083203115 89.1 933
1741083214001 89.1 934
1741083225267 88.9 935
1741083235394 89.2 936
1741083245884 89.4 937
1741083256084 89.2 938
1741083266221 88.8 939
1741083277329 88.7 940
1741083287410 88.5 941
1741083297568 88.8 942
1741083308657 88.7 943
1741083318868 88.8 944
1741083328949 88.7 945
1741083340625 88.4 946
1741083350795 88.3 947
1741083362312 88.4 948
1741083372407 88.4 949
1741083382598 88.6 950
1741083394172 89.0 951
1741083404318 89.7 952
1741083414438 89.8 953
1741083425471 90.5 954
1741083435567 89.3 955
1741083446753 89.7 956
1741083458062 89.9 957
1741083468173 89.7 958
1741083478296 89.8 959
1741083488469 89.7 960
1741083499058 89.6 961
1741083509169 89.2 962
1741083519265 88.9 963
1741083530121 91.9 964
1741083540291 89.7 965
1741083551328 90.6 966
1741083561797 90.7 967
1741083571859 90.8 968
1741083581996 90.8 969
