1741073580330 12015.8 0
1741073590370 12752.3 1
1741073600406 12907.5 2
1741073610447 13246.4 3
1741073620485 13338.4 4
1741073630526 13635.7 5
1741073640564 13592.9 6
1741073650615 13650.7 7
1741073660653 13783.5 8
1741073670757 13864.8 9
1741073680792 13990.3 10
1741073690844 14114.5 11
1741073700902 14203.4 12
1741073710962 14218.6 13
1741073721012 14227.6 14
1741073731102 14807.4 15
1741073741147 14489.9 16
1741073751192 14592.0 17
1741073761237 14817.0 18
1741073771276 15094.2 19
1741073781334 15285.7 20
1741073791477 15209.6 21
1741073801536 15302.4 22
1741073811612 15400.5 23
1741073821660 15404.9 24
1741073831722 15519.5 25
1741073841779 15627.0 26
1741073851880 15753.5 27
1741073862035 14430.5 28
1741073872088 14428.7 29
1741073882598 14428.8 30
1741073892648 14521.2 31
1741073902688 14547.1 32
1741073912823 14653.3 33
1741073922875 14748.7 34
1741073932939 14863.8 35
1741073942984 15062.8 36
1741073953118 15210.1 37
1741073963196 15244.6 38
1741073973300 15443.1 39
1741073983363 15685.3 40
1741073993441 15854.1 41
1741074003519 15799.9 42
1741074013852 15903.1 43
1741074023909 15897.7 44
1741074034014 15046.6 45
1741074044080 15232.6 46
1741074054138 15195.0 47
1741074064197 15466.3 48
1741074074436 14872.2 49
1741074084510 15122.8 50
1741074094614 15144.1 51
1741074104667 15211.8 52
1741074115005 15206.6 53
1741074125094 15292.9 54
1741074135150 15333.4 55
1741074145205 15525.3 56
1741074155265 15687.6 57
1741074165399 15778.1 58
1741074175447 15812.5 59
1741074185493 15712.1 60
1741074195797 15782.8 61
1741074205851 15760.5 62
1741074215912 15169.5 63
1741074226028 14566.5 64
1741074236089 14586.5 65
1741074246179 14564.2 66
1741074256371 14602.4 67
1741074266449 14637.8 68
1741074276520 14655.6 69
1741074286643 14704.2 70
1741074296705 14813.6 71
1741074306778 14883.0 72
1741074316897 14993.2 73
1741074326942 14982.7 74
1741074336991 15088.7 75
1741074347081 15104.7 76
1741074357143 15211.1 77
1741074367194 15285.1 78
1741074377318 15379.6 79
1741074387382 15474.5 80
1741074397573 15555.3 81
1741074407706 15661.0 82
1741074418051 15985.8 83
1741074428109 15979.6 84
1741074438260 14728.5 85
1741074448312 14699.7 86
1741074458364 14690.8 87
1741074469033 14667.1 88
1741074479093 14536.4 89
1741074489161 14551.8 90
1741074499276 14612.3 91
1741074509580 14656.0 92
1741074519659 14728.8 93
1741074529795 14789.9 94
1741074539864 14888.0 95
1741074549920 14988.1 96
1741074560035 15073.8 97
1741074570102 15149.3 98
1741074580170 15193.2 99
1741074590274 15282.6 100
1741074600324 15472.2 101
1741074610377 15488.4 102
1741074620480 15608.7 103
1741074630534 15685.6 104
1741074640591 15751.8 105
1741074650693 14550.7 106
1741074660768 14538.9 107
1741074670832 14591.3 108
1741074680932 14564.3 109
1741074691284 14857.9 110
1741074701332 14613.8 111
1741074711418 14700.6 112
1741074721501 14645.0 113
1741074731577 14753.2 114
1741074741679 14794.6 115
1741074751784 14870.4 116
1741074761838 14940.4 117
1741074772154 15063.9 118
1741074782214 15131.0 119
1741074792278 15218.3 120
1741074802335 15298.9 121
1741074812480 15375.9 122
1741074822528 15438.4 123
1741074832595 15610.2 124
1741074842734 15672.7 125
1741074852818 15763.7 126
1741074862898 15107.5 127
1741074872997 14549.6 128
1741074883069 14517.1 129
1741074893575 14573.0 130
1741074903657 14576.1 131
1741074913732 15040.3 132
1741074923806 14631.2 133
1741074933916 14678.2 134
1741074943979 14739.9 135
1741074954054 14854.1 136
1741074964583 14917.6 137
1741074974843 14979.9 138
1741074984907 15059.2 139
1741074995007 15141.4 140
1741075005066 15209.4 141
1741075015138 15327.4 142
1741075025203 15428.0 143
1741075035292 15494.0 144
1741075045354 15577.2 145
1741075055512 15684.6 146
1741075065567 15739.0 147
1741075076003 15853.7 148
1741075086467 15879.0 149
1741075096527 14637.7 150
1741075106584 14632.4 151
1741075116718 14638.6 152
1741075126858 14635.9 153
1741075136939 14728.2 154
1741075147002 14740.5 155
1741075157643 14779.6 156
1741075167705 14827.8 157
1741075177761 14882.2 158
1741075187883 14945.7 159
1741075197942 15044.5 160
1741075208038 15127.8 161
1741075218144 15314.6 162
1741075228199 15390.7 163
1741075238716 15650.1 164
1741075248818 15615.0 165
1741075258888 15711.3 166
1741075268952 15853.1 167
1741075279112 15884.0 168
1741075289208 15947.1 169
1741075299262 15978.0 170
1741075309855 16061.0 171
1741075319936 15258.0 172
1741075329982 15242.1 173
1741075340082 15241.3 174
1741075350136 15278.0 175
1741075360245 15638.2 176
1741075370301 15450.1 177
1741075380364 15458.8 178
1741075390656 15266.1 179
1741075400710 15182.0 180
1741075410778 15149.8 181
1741075420884 15122.3 182
1741075430957 15117.4 183
1741075441007 15216.4 184
1741075451505 15304.8 185
1741075461565 15367.3 186
1741075471630 15439.3 187
1741075481763 15485.7 188
1741075491809 15567.4 189
1741075502263 15701.0 190
1741075512341 15787.7 191
1741075522465 15870.7 192
1741075532518 15918.5 193
1741075542574 15327.0 194
1741075552707 15340.9 195
1741075562793 15354.3 196
1741075572849 15356.9 197
1741075583208 15428.0 198
1741075593266 15278.5 199
1741075603329 15265.6 200
1741075613436 15300.3 201
1741075623498 15280.6 202
1741075633574 15283.4 203
1741075643632 15465.9 204
1741075653677 15449.9 205
1741075663728 15508.8 206
1741075673772 15460.0 207
1741075683848 15575.2 208
1741075693908 15664.0 209
1741075704037 15832.4 210
1741075714130 15817.6 211
1741075724236 15935.3 212
1741075734293 15321.7 213
1741075744360 15502.9 214
1741075754416 15507.1 215
1741075764546 15520.2 216
1741075774625 15853.9 217
1741075784684 15471.9 218
1741075794822 15463.7 219
1741075804884 15394.1 220
1741075814935 15389.9 221
1741075825064 15395.9 222
1741075835676 15352.9 223
1741075845775 15332.0 224
1741075855906 15384.0 225
1741075865968 15415.0 226
1741075876024 15499.5 227
1741075886133 15557.9 228
1741075896198 15643.2 229
1741075906264 15691.5 230
1741075916801 15781.1 231
1741075926874 15696.7 232
1741075936950 15803.6 233
1741075947471 15822.1 234
1741075958034 15410.8 235
1741075968528 15402.9 236
1741075978890 15417.1 237
1741075989108 15449.4 238
1741075999204 15488.9 239
1741076009280 15471.7 240
1741076019389 15513.9 241
1741076029439 15471.4 242
1741076039506 15602.2 243
1741076049610 15166.6 244
1741076060272 15161.5 245
1741076070328 15174.9 246
1741076080454 15137.3 247
1741076090518 15135.6 248
1741076100582 15168.1 249
1741076110737 15183.7 250
1741076120800 15185.9 251
1741076130882 15250.2 252
1741076141020 15303.9 253
1741076151079 15377.9 254
1741076161149 15476.1 255
1741076171264 15571.0 256
1741076181325 15637.7 257
1741076191380 15132.7 258
1741076201731 15113.5 259
1741076212224 15112.3 260
1741076222309 14991.1 261
1741076232486 15030.3 262
1741076242559 15052.9 263
1741076252630 15051.0 264
1741076262738 15036.4 265
1741076272807 15075.3 266
1741076282872 15080.6 267
1741076293023 15099.8 268
1741076303109 15099.0 269
1741076313198 15087.4 270
1741076323316 15060.3 271
1741076333416 15066.4 272
1741076343487 15108.1 273
1741076353532 15146.4 274
1741076363598 15229.8 275
1741076373663 15294.4 276
1741076383720 15343.2 277
1741076393769 15415.9 278
1741076403853 15522.5 279
1741076413913 15610.1 280
1741076424117 15419.7 281
1741076434178 15397.8 282
1741076444237 15388.0 283
1741076454670 15392.2 284
1741076464810 15439.7 285
1741076474866 15540.6 286
1741076485017 15089.3 287
1741076495129 14904.2 288
1741076505187 14874.7 289
1741076515310 14903.0 290
1741076525390 14933.1 291
1741076535481 14912.4 292
1741076545628 14911.3 293
1741076555904 14895.1 294
1741076565985 14898.3 295
1741076576146 14921.3 296
1741076586540 14948.1 297
1741076597058 14942.7 298
1741076607178 14949.6 299
1741076617338 14929.4 300
1741076627469 14938.2 301
1741076637772 14956.2 302
1741076648157 14965.4 303
1741076658245 15023.1 304
1741076668372 15109.0 305
1741076678432 15176.9 306
1741076688751 14929.0 307
1741076698845 14956.1 308
1741076708916 14956.7 309
1741076719041 14937.8 310
1741076729790 14956.8 311
1741076740263 14988.4 312
1741076750347 14978.8 313
1741076760419 15013.9 314
1741076770529 15031.9 315
1741076780590 15022.7 316
1741076790657 15021.8 317
1741076800813 15003.0 318
1741076810862 14992.4 319
1741076821167 15022.3 320
1741076831483 15041.8 321
1741076841938 15046.7 322
1741076852348 15041.1 323
1741076862564 15013.1 324
1741076873079 15017.2 325
1741076883171 15051.5 326
1741076893454 15128.9 327
1741076903559 15178.0 328
1741076913614 15253.4 329
1741076923740 14408.9 330
1741076933792 14398.4 331
1741076943851 14520.5 332
1741076954567 14334.0 333
1741076964622 14347.7 334
1741076974681 14631.2 335
1741076984739 14399.8 336
1741076994800 14402.4 337
1741077004852 14445.0 338
1741077015133 14451.6 339
1741077025331 14446.4 340
1741077035606 14444.0 341
1741077045983 14410.1 342
1741077056428 14463.1 343
1741077066863 14500.9 344
1741077077481 14587.1 345
1741077088218 14665.8 346
1741077098739 14728.1 347
1741077109369 14820.0 348
1741077119781 14929.4 349
1741077130456 14978.9 350
1741077141081 15032.9 351
1741077151630 15117.5 352
1741077161770 15194.3 353
1741077171984 14836.8 354
1741077182082 14840.5 355
1741077192217 14840.3 356
1741077202291 14847.6 357
1741077212349 14843.5 358
1741077222469 15126.4 359
1741077232544 14938.7 360
1741077242609 14956.7 361
1741077252733 14927.3 362
1741077262830 14918.6 363
1741077272927 14927.9 364
1741077283083 14908.1 365
1741077293154 14940.2 366
1741077303487 14940.7 367
1741077314182 14984.0 368
1741077324948 14968.0 369
1741077335354 14965.5 370
1741077345953 14965.8 371
1741077356310 15039.0 372
1741077366609 15079.2 373
1741077377064 15150.6 374
1741077387359 15233.9 375
1741077397465 15349.5 376
1741077407575 15382.2 377
1741077417719 15314.7 378
1741077428480 15287.3 379
1741077438626 15295.3 380
1741077449012 15292.9 381
1741077459375 15309.8 382
1741077469425 15302.4 383
1741077479536 15329.6 384
1741077489602 15336.2 385
1741077499673 15342.3 386
1741077509805 15331.2 387
1741077519869 15322.6 388
1741077529927 15310.8 389
1741077540325 15344.2 390
1741077550850 15357.3 391
1741077561223 15352.2 392
1741077571926 15348.9 393
1741077582709 15328.3 394
1741077592978 15325.1 395
1741077603683 15350.2 396
1741077614527 15341.7 397
1741077624608 15339.9 398
1741077634684 15375.2 399
1741077644806 15424.6 400
1741077654904 15320.3 401
1741077665683 15346.8 402
1741077675816 15356.1 403
1741077686273 15394.4 404
1741077696871 15388.1 405
1741077707645 15369.4 406
1741077718357 15484.3 407
1741077728970 15456.2 408
1741077739450 15476.4 409
1741077750111 15478.6 410
1741077760488 15480.2 411
1741077771071 15475.6 412
1741077781692 15481.1 413
1741077792654 15495.4 414
1741077803498 15482.4 415
1741077814402 15479.3 416
1741077824885 15480.5 417
1741077835407 15483.5 418
1741077845846 15567.5 419
1741077855959 15378.8 420
1741077866041 15368.9 421
1741077876124 15390.9 422
1741077886256 15438.4 423
1741077896500 15547.9 424
1741077907445 15611.4 425
1741077917531 15317.8 426
1741077928358 15324.5 427
1741077938461 15293.9 428
1741077949120 15286.9 429
1741077959284 15329.4 430
1741077971843 15395.3 431
1741077982403 15394.9 432
1741077993292 15393.9 433
1741078004096 15374.6 434
1741078014845 15397.3 435
1741078025435 15429.0 436
1741078036174 15460.6 437
1741078046744 15454.1 438
1741078056833 15439.8 439
1741078066914 15417.2 440
1741078077082 15445.1 441
1741078087139 15450.6 442
1741078098069 15440.3 443
1741078108198 15440.8 444
1741078118248 15456.3 445
1741078128726 15501.2 446
1741078139601 15613.8 447
1741078149673 15685.2 448
1741078159763 15705.1 449
1741078169912 15391.4 450
1741078179990 15378.6 451
1741078190093 15346.2 452
1741078200971 15389.0 453
1741078211040 15399.9 454
1741078221129 15546.5 455
1741078231962 15241.8 456
1741078242022 15220.6 457
1741078252099 15222.6 458
1741078262186 15261.1 459
1741078272262 15276.6 460
1741078283154 15234.6 461
1741078294099 15224.2 462
1741078304889 15206.2 463
1741078314956 15209.2 464
1741078325033 15232.9 465
1741078335148 15234.6 466
1741078345352 15231.7 467
1741078355439 15230.5 468
1741078365572 15230.6 469
1741078375625 15313.8 470
1741078385695 15339.2 471
1741078395851 15389.7 472
1741078405919 15445.4 473
1741078415983 15514.6 474
1741078426117 15427.4 475
1741078436206 15446.5 476
1741078446276 15450.3 477
1741078456376 15454.5 478
1741078467410 15447.6 479
1741078478534 15420.2 480
1741078488596 15481.5 481
1741078498903 15509.0 482
1741078509645 15506.3 483
1741078520717 15506.8 484
1741078530825 15506.2 485
1741078540884 15482.3 486
1741078551008 15485.7 487
1741078561146 15523.4 488
1741078571202 15529.3 489
1741078581264 15793.4 490
1741078591854 15868.9 491
1741078601968 15768.6 492
1741078612158 15622.4 493
1741078622265 15625.4 494
1741078632363 15624.0 495
1741078642476 15632.4 496
1741078652721 15721.1 497
1741078662850 15049.8 498
1741078672977 15014.9 499
1741078684269 15049.7 500
1741078694380 15017.3 501
1741078704478 15087.2 502
1741078714597 15081.0 503
1741078724694 15065.9 504
1741078734810 15078.7 505
1741078744855 15138.1 506
1741078754978 15256.2 507
1741078765117 15264.8 508
1741078775181 15350.8 509
1741078785991 15500.4 510
1741078796301 15350.8 511
1741078806425 15446.7 512
1741078816638 15540.1 513
1741078826767 15649.9 514
1741078836886 15754.1 515
1741078846993 15624.9 516
1741078857108 15653.3 517
1741078867223 15643.4 518
1741078877334 15619.5 519
1741078887438 15924.8 520
1741078897558 15654.3 521
1741078907665 15594.5 522
1741078917777 15455.1 523
1741078927908 15163.4 524
1741078938034 15154.6 525
1741078948140 15155.6 526
1741078958262 15144.0 527
1741078968389 15140.3 528
1741078978532 15154.6 529
1741078988654 15152.1 530
1741078998776 15151.2 531
1741079008904 15187.7 532
1741079019025 15243.2 533
1741079029155 14997.5 534
1741079039255 15035.8 535
1741079049369 15032.1 536
1741079059488 14998.9 537
1741079069898 15332.8 538
1741079080018 14969.7 539
1741079090853 14973.6 540
1741079101014 15017.7 541
1741079111154 15126.3 542
1741079121455 14567.3 543
1741079131585 14535.5 544
1741079141718 14515.7 545
1741079152084 14522.4 546
1741079162240 14604.6 547
1741079172371 14617.6 548
1741079182510 14691.2 549
1741079192640 14780.5 550
1741079202770 14847.9 551
1741079212982 14805.4 552
1741079223255 14825.8 553
1741079233384 14565.6 554
1741079243491 14562.2 555
1741079253609 14885.6 556
1741079263766 14586.6 557
1741079273898 14598.4 558
1741079284023 14634.8 559
1741079294269 14643.0 560
1741079304505 14640.2 561
1741079314840 14623.1 562
1741079325242 14617.0 563
1741079335543 14623.0 564
1741079345933 14650.3 565
1741079356247 14618.1 566
1741079366678 14622.4 567
1741079377067 14612.8 568
1741079387194 14684.8 569
1741079397554 14674.7 570
1741079407928 14690.0 571
1741079418409 14691.4 572
1741079428530 14679.2 573
1741079438637 14988.3 574
1741079448824 14687.6 575
1741079459049 14710.8 576
1741079469179 14690.3 577
1741079479359 14697.0 578
1741079489512 14699.6 579
1741079499805 14691.3 580
1741079510327 14690.8 581
1741079520745 14719.3 582
1741079531326 14732.2 583
1741079542096 14731.1 584
1741079552714 14730.3 585
1741079562960 14723.5 586
1741079573378 14793.1 587
1741079584121 14127.4 588
1741079594583 14131.3 589
1741079604994 14132.9 590
1741079615099 14125.6 591
1741079625457 14486.5 592
1741079635801 14176.4 593
1741079646024 14201.7 594
1741079656518 14202.5 595
1741079666771 14200.9 596
1741079677094 14191.2 597
1741079687531 14177.3 598
1741079698074 14228.2 599
1741079708509 14309.0 600
1741079718989 14406.8 601
1741079729685 14512.1 602
1741079740470 14589.7 603
1741079750982 14707.8 604
1741079761365 14824.7 605
1741079772196 14675.8 606
1741079782925 14642.1 607
1741079793554 14630.3 608
1741079803667 14597.7 609
1741079814392 14915.5 610
1741079824958 14705.5 611
1741079835263 14699.8 612
1741079845621 14700.0 613
1741079856013 14680.7 614
1741079866571 14669.9 615
1741079877115 14702.9 616
1741079887616 14701.3 617
1741079898101 14704.4 618
1741079908698 14699.5 619
1741079919469 14673.1 620
1741079930100 14706.1 621
1741079940697 14820.8 622
1741079951082 14913.7 623
1741079961214 14915.7 624
1741079971461 14907.3 625
1741079981597 14877.2 626
1741079991908 14872.5 627
1741080002151 14948.1 628
1741080012251 14940.3 629
1741080022365 14719.9 630
1741080032484 14749.7 631
1741080042908 14750.7 632
1741080053438 14780.6 633
1741080064170 14838.5 634
1741080074828 14842.1 635
1741080085368 14844.1 636
1741080095478 14844.2 637
1741080105613 14871.6 638
1741080115739 14862.9 639
1741080126505 14854.5 640
1741080137149 14847.6 641
1741080147292 14909.2 642
1741080158114 14834.0 643
1741080168229 14837.2 644
1741080178472 14830.6 645
1741080188585 14773.3 646
1741080198688 14984.5 647
1741080208904 14770.7 648
1741080219471 14741.2 649
1741080230173 14748.4 650
1741080241114 14786.4 651
1741080251811 14799.9 652
1741080262439 14766.9 653
1741080273284 14764.5 654
1741080284268 14740.4 655
1741080295119 14747.8 656
1741080305991 14784.2 657
1741080316838 14778.4 658
1741080326970 14781.5 659
1741080337092 14808.0 660
1741080347220 14901.9 661
1741080358241 14790.2 662
1741080368360 14788.2 663
1741080378710 14769.5 664
1741080388810 14769.8 665
1741080399271 14815.2 666
1741080409372 14777.4 667
1741080419506 14814.2 668
1741080429640 14825.2 669
1741080440235 14827.0 670
1741080450898 14827.3 671
1741080461577 14791.7 672
1741080472594 14816.3 673
1741080483423 14828.0 674
1741080494375 14837.6 675
1741080505301 14837.8 676
1741080516083 14834.0 677
1741080526918 14843.2 678
1741080537739 14925.5 679
1741080547871 14796.3 680
1741080557996 14795.5 681
1741080568428 14792.1 682
1741080578695 14772.6 683
1741080588811 14771.5 684
1741080599214 14782.2 685
1741080610089 14797.9 686
1741080620191 14851.4 687
1741080630564 14921.2 688
1741080640978 15149.9 689
1741080651081 15230.5 690
1741080661187 15358.4 691
1741080672715 15359.3 692
1741080682863 15167.5 693
1741080693467 15161.4 694
1741080703571 15003.4 695
1741080713942 15016.1 696
1741080724046 15041.2 697
1741080734887 15042.2 698
1741080745032 15042.4 699
1741080755612 15084.2 700
1741080765688 15111.4 701
1741080775820 15213.2 702
1741080788268 15245.3 703
1741080798391 15188.9 704
1741080808629 15130.1 705
1741080818765 15111.4 706
1741080829353 15106.1 707
1741080840622 15166.3 708
1741080850766 15181.0 709
1741080862697 15178.0 710
1741080872758 15233.2 711
1741080883093 15208.4 712
1741080893265 15203.6 713
1741080903357 15248.0 714
1741080913453 15306.5 715
1741080923595 15013.9 716
1741080933673 15023.2 717
1741080943757 15017.1 718
1741080953876 15039.3 719
1741080965481 15080.2 720
1741080975541 15074.8 721
1741080985668 15066.8 722
1741080996419 15059.1 723
1741081006472 15059.1 724
1741081016906 15067.7 725
1741081026993 15066.5 726
1741081037627 14765.9 727
1741081047761 14760.1 728
1741081058892 14739.8 729
1741081068999 14741.6 730
1741081079657 14842.3 731
1741081089828 14907.4 732
1741081099926 14313.8 733
1741081110345 14304.2 734
1741081120515 14281.9 735
1741081130758 14283.3 736
1741081140869 14323.9 737
1741081150996 14338.4 738
1741081161079 14455.9 739
1741081171472 14408.6 740
1741081181626 14392.8 741
1741081191719 14397.3 742
1741081201829 14426.9 743
1741081212248 14431.7 744
1741081222333 14430.3 745
1741081232746 14379.8 746
1741081242893 14370.2 747
1741081252985 14377.5 748
1741081263053 14401.4 749
1741081273949 14410.5 750
1741081284070 14420.2 751
1741081294838 14424.1 752
1741081304947 14439.5 753
1741081316284 14469.9 754
1741081326379 14568.7 755
1741081337969 14630.4 756
1741081348119 14704.1 757
1741081359545 14759.9 758
1741081369632 14805.2 759
1741081380669 14931.4 760
1741081391390 14999.4 761
1741081401488 14867.2 762
1741081411690 14850.9 763
1741081422858 14848.7 764
1741081434353 14831.4 765
1741081444447 14863.6 766
1741081454522 14870.1 767
1741081464885 15217.4 768
1741081474989 14891.6 769
1741081485986 14906.8 770
1741081496132 14923.2 771
1741081506846 14920.5 772
1741081516962 14926.1 773
1741081528307 14925.2 774
1741081538434 14906.0 775
1741081548696 14894.1 776
1741081558774 14932.3 777
1741081569266 14939.0 778
1741081579375 14942.5 779
1741081590379 14955.6 780
1741081600516 14943.0 781
1741081611638 14936.4 782
1741081621759 14939.3 783
1741081632970 14974.0 784
1741081643068 14977.7 785
1741081653927 14973.0 786
1741081664023 14958.8 787
1741081675173 15017.4 788
1741081688147 15108.5 789
1741081698271 14962.3 790
1741081708954 14949.4 791
1741081719047 14932.1 792
1741081729683 14926.7 793
1741081740917 14962.2 794
1741081751110 14977.4 795
1741081763069 14990.0 796
1741081773173 15005.1 797
1741081783722 14986.8 798
1741081793805 14989.4 799
1741081803996 15012.9 800
1741081814142 15024.5 801
1741081824516 14898.5 802
1741081834610 14974.0 803
1741081845682 14950.2 804
1741081855825 14993.5 805
1741081866358 14999.1 806
1741081876484 15003.3 807
1741081886651 14996.6 808
1741081897141 14985.0 809
1741081907266 14969.4 810
1741081918641 14995.1 811
1741081928746 15007.3 812
1741081939557 15003.0 813
1741081949651 15005.3 814
1741081961061 15024.4 815
1741081971192 15064.3 816
1741081982581 15138.4 817
1741081992726 15216.3 818
1741082003949 15154.9 819
1741082014064 15145.5 820
1741082024593 15124.9 821
1741082034728 15143.4 822
1741082045660 15168.5 823
1741082056074 15177.3 824
1741082068826 15180.2 825
1741082078918 15044.7 826
1741082089677 15040.0 827
1741082099761 15076.4 828
1741082110591 15082.8 829
1741082120732 15087.8 830
1741082132026 15047.4 831
1741082142206 15007.0 832
1741082153528 15014.9 833
1741082163629 15052.3 834
1741082174770 15059.5 835
1741082184855 15057.9 836
1741082195924 15046.7 837
1741082206047 15047.9 838
1741082217537 15069.7 839
1741082227638 15055.9 840
1741082238324 15055.1 841
1741082248469 15063.4 842
1741082259570 15046.7 843
1741082269684 15042.4 844
1741082280479 15071.5 845
1741082290686 15119.3 846
1741082301119 15166.0 847
1741082311245 15084.5 848
1741082321370 15066.7 849
1741082332258 15060.9 850
1741082342376 15096.3 851
1741082353755 15110.1 852
1741082364032 15110.6 853
1741082376906 15104.6 854
1741082386994 15169.0 855
1741082398599 15174.7 856
1741082408729 15166.9 857
1741082420120 15174.0 858
1741082430261 15178.0 859
1741082441272 15183.0 860
1741082451386 15168.5 861
1741082461487 15197.5 862
1741082471774 15206.5 863
1741082481848 15189.1 864
1741082492491 15185.1 865
1741082502652 15165.5 866
1741082513988 15154.9 867
1741082524092 15194.0 868
1741082534268 15197.9 869
1741082544997 15193.9 870
1741082555068 15206.0 871
1741082566808 15201.0 872
1741082576970 15192.3 873
1741082587085 15125.5 874
1741082597870 15140.9 875
1741082608039 15194.1 876
1741082618150 15081.3 877
1741082628285 15097.5 878
1741082639918 15114.0 879
1741082650011 15128.3 880
1741082661232 15121.4 881
1741082671393 15126.2 882
1741082681631 15096.6 883
1741082691713 15142.0 884
1741082701808 15213.4 885
1741082712601 15234.1 886
1741082722706 15216.3 887
1741082733048 14907.3 888
1741082743213 14921.9 889
1741082754120 14924.9 890
1741082764217 14950.4 891
1741082775320 14959.6 892
1741082785424 14969.8 893
1741082796037 14952.7 894
1741082806140 14940.3 895
1741082817221 14976.9 896
1741082827329 14983.5 897
1741082837421 14985.5 898
1741082848581 14998.5 899
1741082858705 14960.4 900
1741082870237 14955.3 901
1741082880379 14983.5 902
1741082891874 14993.7 903
1741082902006 15004.5 904
1741082912122 15070.1 905
1741082923141 15138.1 906
1741082933259 14988.1 907
1741082943360 14978.7 908
1741082953910 14974.1 909
1741082964043 14972.5 910
1741082974144 14974.2 911
1741082985225 14949.0 912
1741082995328 14957.5 913
1741083005442 15555.1 914
1741083015720 15336.6 915
1741083025836 15314.8 916
1741083036526 15140.4 917
1741083046919 15213.7 918
1741083057010 15340.2 919
1741083067095 15502.6 920
1741083077211 15611.8 921
1741083088553 15533.1 922
1741083098640 15573.9 923
1741083108760 15654.2 924
1741083118856 15742.7 925
1741083129765 15710.5 926
1741083139906 15638.1 927
1741083149968 15663.8 928
1741083161249 15796.9 929
1741083171406 15653.4 930
1741083182016 15732.0 931
1741083192434 15673.2 932
1741083203115 15027.1 933
1741083214001 15021.0 934
1741083225267 14994.6 935
1741083235394 15041.6 936
1741083245884 15074.1 937
1741083256084 15045.4 938
1741083266221 14973.8 939
1741083277329 14958.8 940
1741083287410 14929.7 941
1741083297568 14979.6 942
1741083308657 14962.0 943
1741083318868 14969.6 944
1741083328949 14955.1 945
1741083340625 14902.3 946
1741083350795 14892.8 947
1741083362312 14903.6 948
1741083372407 14909.6 949
1741083382598 14951.7 950
1741083394172 15019.4 951
1741083404318 15125.1 952
1741083414438 15148.7 953
1741083425471 15260.9 954
1741083435567 15068.9 955
1741083446753 15121.6 956
1741083458062 15165.2 957
1741083468173 15124.2 958
1741083478296 15140.8 959
1741083488469 15128.4 960
1741083499058 15111.1 961
1741083509169 15040.1 962
1741083519265 15001.9 963
1741083530121 15507.0 964
1741083540291 15137.6 965
1741083551328 15276.2 966
1741083561797 15295.6 967
1741083571859 15310.0 968
1741083581996 15309.5 969
