1741125299264 0.1848609559237957 0
1741125384698 0.07976482110098004 1
1741125468703 0.05542927235364914 2
1741125558541 0.047784546157345176 3
1741125646655 0.046386810252442956 4
1741125730611 0.040359981590881944 5
1741125816044 0.03654543124139309 6
1741125901908 0.03724888153374195 7
1741125991906 0.03469924326054752 8
1741126080819 0.036107479594647884 9
1741126172600 0.034099063370376825 10
1741126264277 0.03309065802022815 11
1741126355916 0.03378049749881029 12
1741126449447 0.0323690592776984 13
1741126544265 0.034385989187285304 14
1741126639085 0.031055239727720618 15
1741126734823 0.03257040889002383 16
1741126830954 0.02945257956162095 17
1741126929231 0.030456246342509985 18
1741127029857 0.02937638945877552 19
1741127129915 0.028980081900954247 20
1741127230917 0.027945713372901082 21
1741127332367 0.029364074114710093 22
1741127434713 0.030741579364985228 23
1741127538266 0.028263747692108154 24
1741127642756 0.02810982195660472 25
1741127748464 0.029377808328717947 26
1741127855617 0.027188303414732218 27
1741127963309 0.028553622774779797 28
1741128072239 0.027200981741771102 29
1741128182314 0.026884018909186125 30
1741128293137 0.027539161033928394 31
1741128405388 0.02637802646495402 32
1741128518606 0.026849951595067978 33
1741128633035 0.02766431262716651 34
1741128749032 0.026163749396800995 35
1741128865554 0.027584417955949903 36
1741128983162 0.02787080267444253 37
1741129101822 0.02701378590427339 38
1741129221383 0.027332886587828398 39
