1741125299252 0.0002 0
1741125384698 0.0002 1
1741125468687 0.0002 2
1741125558525 0.0002 3
1741125646655 0.0002 4
1741125730579 0.0002 5
1741125816025 0.0002 6
1741125901892 0.0002 7
1741125991890 0.0002 8
1741126080807 0.0002 9
1741126172584 0.0002 10
1741126264273 0.0002 11
1741126355916 0.0002 12
1741126449431 0.0002 13
1741126544265 0.0002 14
1741126639066 0.0002 15
1741126734805 0.0002 16
1741126830938 0.0002 17
1741126929215 0.0002 18
1741127029841 0.0002 19
1741127129899 0.0002 20
1741127230901 0.0002 21
1741127332351 0.0002 22
1741127434697 0.0002 23
1741127538250 0.0002 24
1741127642740 0.0002 25
1741127748448 0.0002 26
1741127855601 0.0002 27
1741127963293 0.0002 28
1741128072224 0.0002 29
1741128182314 0.0002 30
1741128293121 0.0002 31
1741128405372 0.0002 32
1741128518606 0.0002 33
1741128633019 0.0002 34
1741128749016 0.0002 35
1741128865554 0.0002 36
1741128983146 0.0002 37
1741129101790 0.0002 38
1741129221370 0.0002 39
