1741125299256 0.54380863904953 0
1741125384698 0.2181558609008789 1
1741125468687 0.14225219190120697 2
1741125558541 0.11601202934980392 3
1741125646655 0.10241048783063889 4
1741125730595 0.09360398352146149 5
1741125816025 0.08727049082517624 6
1741125901892 0.08252523839473724 7
1741125991906 0.07906678318977356 8
1741126080811 0.07736032456159592 9
1741126172584 0.07487215101718903 10
1741126264277 0.0723864957690239 11
1741126355916 0.07118454575538635 12
1741126449431 0.0693724974989891 13
1741126544265 0.06883715093135834 14
1741126639066 0.06726051867008209 15
1741126734805 0.06617063283920288 16
1741126830938 0.06505817174911499 17
1741126929231 0.06366229057312012 18
1741127029857 0.06383572518825531 19
1741127129899 0.062195610255002975 20
1741127230917 0.061144739389419556 21
1741127332351 0.06072685122489929 22
1741127434697 0.06035953015089035 23
1741127538250 0.05905524641275406 24
1741127642740 0.058555833995342255 25
1741127748448 0.05811329185962677 26
1741127855601 0.05720924958586693 27
1741127963293 0.0568244531750679 28
1741128072224 0.05564815178513527 29
1741128182314 0.055086471140384674 30
1741128293121 0.05492572858929634 31
1741128405372 0.053456421941518784 32
1741128518606 0.05422816798090935 33
1741128633035 0.053434669971466064 34
1741128749016 0.052898209542036057 35
1741128865554 0.052618738263845444 36
1741128983146 0.052411165088415146 37
1741129101806 0.05155171826481819 38
1741129221374 0.050802506506443024 39
